0 0.6659722222222222 0.783203125 0.029166666666666667 0.02578125
0 0.65625 0.719140625 0.03194444444444444 0.01953125
0 0.5111111111111111 0.6546875 0.03888888888888889 0.0171875
0 0.5131944444444444 0.639453125 0.0375 0.01796875
0 0.36944444444444446 0.5984375 0.022222222222222223 0.015625
0 0.05555555555555555 0.60390625 0.06666666666666667 0.0328125
0 0.8027777777777778 0.5984375 0.044444444444444446 0.0234375
0 0.45555555555555555 0.592578125 0.041666666666666664 0.01328125
0 0.2916666666666667 0.586328125 0.03611111111111111 0.01796875
0 0.6569444444444444 0.58046875 0.03611111111111111 0.0171875
0 0.8479166666666667 0.55859375 0.034722222222222224 0.015625
0 0.8902777777777777 0.55859375 0.03611111111111111 0.01875
0 0.9680555555555556 0.54375 0.06388888888888888 0.0375
0 0.7555555555555555 0.49140625 0.05 0.0265625
0 0.6284722222222222 0.48984375 0.05416666666666667 0.0375
0 0.21319444444444444 0.470703125 0.03194444444444444 0.01328125
0 0.9861111111111112 0.450390625 0.027777777777777776 0.01640625
0 0.9111111111111111 0.441015625 0.019444444444444445 0.01015625
0 0.6263888888888889 0.441796875 0.08888888888888889 0.03046875
0 0.13125 0.42109375 0.034722222222222224 0.0078125
0 0.5611111111111111 0.409375 0.019444444444444445 0.009375
0 0.16944444444444445 0.396875 0.05 0.0265625
0 0.1284722222222222 0.38984375 0.029166666666666667 0.0171875
0 0.4673611111111111 0.387109375 0.03194444444444444 0.01484375
0 0.66875 0.38671875 0.04027777777777778 0.028125
0 0.8402777777777778 0.36484375 0.05 0.025
0 0.19027777777777777 0.364453125 0.058333333333333334 0.03515625
0 0.5819444444444445 0.348046875 0.04722222222222222 0.02890625
0 0.6736111111111112 0.335546875 0.06388888888888888 0.02265625
0 0.1840277777777778 0.333203125 0.03194444444444444 0.02578125
0 0.29444444444444445 0.326171875 0.027777777777777776 0.01953125
0 0.6395833333333333 0.31640625 0.034722222222222224 0.0234375
0 0.5215277777777778 0.308203125 0.03194444444444444 0.01484375
0 0.7673611111111112 0.303515625 0.034722222222222224 0.01328125
0 0.25277777777777777 0.30234375 0.05 0.021875
0 0.4798611111111111 0.294140625 0.0375 0.02109375
0 0.23680555555555555 0.28515625 0.02638888888888889 0.0171875
0 0.2652777777777778 0.241015625 0.058333333333333334 0.03046875
0 0.5965277777777778 0.233984375 0.04027777777777778 0.02421875
0 0.2111111111111111 0.22890625 0.03333333333333333 0.0171875
0 0.20625 0.212109375 0.02638888888888889 0.01484375
0 0.3333333333333333 0.212890625 0.03611111111111111 0.02265625
0 0.5013888888888889 0.20546875 0.041666666666666664 0.025
0 0.4076388888888889 0.1984375 0.04027777777777778 0.025
0 0.2326388888888889 0.137890625 0.0375 0.02578125
0 0.33194444444444443 0.123046875 0.025 0.02578125
0 0.4826388888888889 0.11171875 0.05138888888888889 0.0265625
0 0.37916666666666665 0.1015625 0.05 0.04375
0 0.2777777777777778 0.090625 0.03611111111111111 0.025
0 0.33055555555555555 0.058984375 0.027777777777777776 0.01484375
0 0.9708333333333333 0.0234375 0.058333333333333334 0.04375
0 0.26944444444444443 0.008203125 0.027777777777777776 0.01328125
