0 0.8902777777777777 0.75234375 0.06666666666666667 0.0359375
0 0.6680555555555555 0.7390625 0.044444444444444446 0.0203125
0 0.4326388888888889 0.672265625 0.04861111111111111 0.02578125
0 0.8270833333333333 0.6640625 0.029166666666666667 0.015625
0 0.8868055555555555 0.6484375 0.05138888888888889 0.028125
0 0.6854166666666667 0.634375 0.029166666666666667 0.01875
0 0.009722222222222222 0.5890625 0.019444444444444445 0.053125
0 0.45208333333333334 0.5640625 0.043055555555555555 0.0234375
0 0.9708333333333333 0.553125 0.041666666666666664 0.01875
0 0.6819444444444445 0.523828125 0.041666666666666664 0.01640625
0 0.38819444444444445 0.4921875 0.09861111111111111 0.0359375
0 0.7722222222222223 0.467578125 0.044444444444444446 0.02578125
0 0.5090277777777777 0.465625 0.05694444444444444 0.0234375
0 0.7145833333333333 0.469140625 0.04583333333333333 0.03203125
0 0.7840277777777778 0.440625 0.04861111111111111 0.0265625
0 0.2638888888888889 0.446484375 0.09166666666666666 0.03828125
0 0.5847222222222223 0.441796875 0.08888888888888889 0.04765625
0 0.6541666666666667 0.41328125 0.025 0.015625
0 0.6 0.389453125 0.03611111111111111 0.01796875
0 0.8041666666666667 0.38828125 0.022222222222222223 0.0203125
0 0.06527777777777778 0.383984375 0.06388888888888888 0.02734375
0 0.20902777777777778 0.375 0.05416666666666667 0.021875
0 0.1423611111111111 0.375 0.0625 0.0328125
0 0.3840277777777778 0.36875 0.05138888888888889 0.0328125
0 0.8361111111111111 0.3609375 0.08888888888888889 0.0265625
0 0.44027777777777777 0.3640625 0.06111111111111111 0.034375
0 0.5854166666666667 0.333984375 0.04861111111111111 0.02578125
0 0.5423611111111111 0.301953125 0.04027777777777778 0.02265625
0 0.7708333333333334 0.30390625 0.04722222222222222 0.0296875
0 0.6055555555555555 0.290625 0.041666666666666664 0.03125
0 0.018055555555555554 0.275390625 0.03333333333333333 0.02421875
0 0.07916666666666666 0.255859375 0.08888888888888889 0.05078125
0 0.7958333333333333 0.236328125 0.03333333333333333 0.01796875
0 0.71875 0.236328125 0.05138888888888889 0.02421875
0 0.5375 0.242578125 0.058333333333333334 0.05390625
0 0.6652777777777777 0.22734375 0.05555555555555555 0.034375
0 0.7777777777777778 0.21015625 0.019444444444444445 0.021875
0 0.5736111111111111 0.205078125 0.08611111111111111 0.02890625
0 0.675 0.1875 0.09722222222222222 0.046875
0 0.7673611111111112 0.1375 0.0625 0.0359375
0 0.06111111111111111 0.153515625 0.10833333333333334 0.08203125
0 0.03333333333333333 0.053515625 0.06111111111111111 0.05703125
