0 0.3013888888888889 0.792578125 0.022222222222222223 0.01484375
0 0.09722222222222222 0.748828125 0.044444444444444446 0.03203125
0 0.3451388888888889 0.69375 0.029166666666666667 0.015625
0 0.5340277777777778 0.698828125 0.04861111111111111 0.02734375
0 0.4423611111111111 0.6921875 0.03194444444444444 0.025
0 0.40069444444444446 0.666015625 0.04027777777777778 0.01640625
0 0.2875 0.661328125 0.030555555555555555 0.01484375
0 0.3458333333333333 0.642578125 0.022222222222222223 0.02890625
0 0.5715277777777777 0.609375 0.02638888888888889 0.01875
0 0.5152777777777777 0.579296875 0.05555555555555555 0.03671875
0 0.32222222222222224 0.56171875 0.05277777777777778 0.021875
0 0.70625 0.531640625 0.02638888888888889 0.02109375
0 0.5576388888888889 0.5265625 0.03194444444444444 0.0140625
0 0.6888888888888889 0.4859375 0.03611111111111111 0.021875
0 0.7423611111111111 0.480859375 0.029166666666666667 0.01953125
0 0.5555555555555556 0.472265625 0.030555555555555555 0.01953125
0 0.15069444444444444 0.470703125 0.018055555555555554 0.01796875
0 0.5361111111111111 0.421484375 0.058333333333333334 0.03046875
0 0.3597222222222222 0.40859375 0.05277777777777778 0.0265625
0 0.6611111111111111 0.397265625 0.05 0.01953125
0 0.60625 0.382421875 0.034722222222222224 0.01796875
0 0.5659722222222222 0.37734375 0.020833333333333332 0.009375
0 0.3819444444444444 0.378125 0.025 0.0203125
0 0.49583333333333335 0.35703125 0.041666666666666664 0.0203125
0 0.4965277777777778 0.325 0.04583333333333333 0.025
0 0.4340277777777778 0.3015625 0.04583333333333333 0.0203125
0 0.5368055555555555 0.29453125 0.05138888888888889 0.0359375
0 0.06458333333333334 0.29453125 0.08194444444444444 0.0375
0 0.42986111111111114 0.24921875 0.059722222222222225 0.0265625
0 0.4340277777777778 0.190234375 0.05416666666666667 0.02890625
0 0.6083333333333333 0.19296875 0.08333333333333333 0.040625
0 0.5138888888888888 0.177734375 0.022222222222222223 0.02109375
