0 0.10625 0.714453125 0.07083333333333333 0.02265625
0 0.06805555555555555 0.686328125 0.05555555555555555 0.02890625
0 0.006944444444444444 0.678515625 0.013888888888888888 0.01796875
0 0.14305555555555555 0.664453125 0.05555555555555555 0.01953125
0 0.8527777777777777 0.643359375 0.04722222222222222 0.01328125
0 0.5715277777777777 0.643359375 0.043055555555555555 0.01953125
0 0.7645833333333333 0.6375 0.0375 0.021875
0 0.02013888888888889 0.62734375 0.04027777777777778 0.0265625
0 0.46944444444444444 0.63671875 0.08333333333333333 0.0578125
0 0.7534722222222222 0.613671875 0.07916666666666666 0.03359375
0 0.6541666666666667 0.60234375 0.044444444444444446 0.0375
0 0.5666666666666667 0.58203125 0.044444444444444446 0.0171875
0 0.6791666666666667 0.572265625 0.025 0.01328125
0 0.6423611111111112 0.568359375 0.04027777777777778 0.02578125
0 0.7763888888888889 0.55390625 0.04722222222222222 0.021875
0 0.7423611111111111 0.534375 0.03194444444444444 0.0234375
0 0.7944444444444444 0.518359375 0.03888888888888889 0.01640625
0 0.6715277777777777 0.49765625 0.020833333333333332 0.01875
0 0.625 0.449609375 0.06944444444444445 0.03515625
0 0.7395833333333334 0.433984375 0.020833333333333332 0.01640625
0 0.6923611111111111 0.43046875 0.020833333333333332 0.0125
