0 0.29097222222222224 0.916015625 0.06527777777777778 0.03203125
0 0.20902777777777778 0.903515625 0.04861111111111111 0.02265625
0 0.33611111111111114 0.88671875 0.05277777777777778 0.0265625
0 0.78125 0.851171875 0.043055555555555555 0.02734375
0 0.8291666666666667 0.842578125 0.044444444444444446 0.03203125
0 0.5243055555555556 0.80859375 0.0375 0.0234375
0 0.15138888888888888 0.797265625 0.03611111111111111 0.02265625
0 0.4638888888888889 0.79609375 0.05 0.028125
0 0.08402777777777778 0.78671875 0.05416666666666667 0.025
0 0.36944444444444446 0.766796875 0.05277777777777778 0.02890625
0 0.26875 0.765625 0.05694444444444444 0.028125
0 0.03333333333333333 0.765625 0.06388888888888888 0.03125
0 0.4201388888888889 0.7609375 0.03194444444444444 0.0296875
0 0.6118055555555556 0.753125 0.034722222222222224 0.025
0 0.10416666666666667 0.729296875 0.10555555555555556 0.05390625
0 0.04236111111111111 0.699609375 0.04027777777777778 0.01484375
0 0.7840277777777778 0.691015625 0.04861111111111111 0.02109375
0 0.16041666666666668 0.68203125 0.059722222222222225 0.0296875
0 0.51875 0.672265625 0.04861111111111111 0.02421875
0 0.7506944444444444 0.620703125 0.059722222222222225 0.03046875
0 0.4965277777777778 0.607421875 0.04861111111111111 0.02578125
0 0.8715277777777778 0.602734375 0.059722222222222225 0.02421875
0 0.6756944444444445 0.602734375 0.06527777777777778 0.02578125
0 0.8402777777777778 0.558984375 0.06111111111111111 0.03203125
0 0.8930555555555556 0.5296875 0.041666666666666664 0.021875
0 0.9819444444444444 0.514453125 0.03611111111111111 0.01015625
0 0.73125 0.51640625 0.07083333333333333 0.0328125
0 0.55625 0.50390625 0.04027777777777778 0.0265625
0 0.058333333333333334 0.504296875 0.06944444444444445 0.03828125
0 0.81875 0.481640625 0.1125 0.04921875
0 0.8923611111111112 0.459375 0.043055555555555555 0.025
0 0.9694444444444444 0.45859375 0.05555555555555555 0.028125
0 0.42777777777777776 0.357421875 0.06111111111111111 0.02890625
0 0.8576388888888888 0.3703125 0.12361111111111112 0.0640625
0 0.7548611111111111 0.3328125 0.04027777777777778 0.01875
0 0.5027777777777778 0.33828125 0.06388888888888888 0.03125
0 0.9319444444444445 0.340625 0.07777777777777778 0.0609375
0 0.8333333333333334 0.303515625 0.06111111111111111 0.02578125
0 0.7444444444444445 0.291796875 0.025 0.02109375
0 0.7777777777777778 0.270703125 0.03888888888888889 0.02578125
0 0.7 0.259375 0.10833333333333334 0.0578125
0 0.8319444444444445 0.2296875 0.09166666666666666 0.0328125
0 0.6923611111111111 0.206640625 0.059722222222222225 0.03984375
0 0.7916666666666666 0.17109375 0.06111111111111111 0.034375
0 0.6930555555555555 0.163671875 0.058333333333333334 0.03203125
0 0.7652777777777777 0.11953125 0.06944444444444445 0.059375
