0 0.8319444444444445 0.973046875 0.041666666666666664 0.02890625
0 0.7680555555555556 0.969921875 0.044444444444444446 0.03359375
0 0.9694444444444444 0.90078125 0.05555555555555555 0.034375
0 0.16458333333333333 0.833203125 0.07361111111111111 0.03828125
0 0.5506944444444445 0.834765625 0.07916666666666666 0.06640625
0 0.26458333333333334 0.76015625 0.05694444444444444 0.0265625
0 0.7381944444444445 0.756640625 0.05694444444444444 0.02734375
0 0.8027777777777778 0.75 0.027777777777777776 0.0265625
0 0.6791666666666667 0.75 0.05277777777777778 0.0265625
0 0.3798611111111111 0.74453125 0.05416666666666667 0.0296875
0 0.55 0.7234375 0.058333333333333334 0.021875
0 0.6868055555555556 0.71015625 0.05694444444444444 0.0296875
0 0.1673611111111111 0.70390625 0.059722222222222225 0.0328125
0 0.2048611111111111 0.67734375 0.05416666666666667 0.0265625
0 0.9625 0.655859375 0.03888888888888889 0.02578125
0 0.3875 0.658203125 0.05277777777777778 0.03359375
0 0.9361111111111111 0.637109375 0.03333333333333333 0.01796875
0 0.2659722222222222 0.62734375 0.0875 0.0625
0 0.9534722222222223 0.574609375 0.043055555555555555 0.02109375
0 0.5152777777777777 0.5796875 0.03888888888888889 0.0328125
0 0.5854166666666667 0.56484375 0.059722222222222225 0.0296875
0 0.6597222222222222 0.53671875 0.03333333333333333 0.0140625
0 0.2222222222222222 0.544921875 0.06666666666666667 0.05546875
0 0.7229166666666667 0.53359375 0.059722222222222225 0.0359375
0 0.6604166666666667 0.510546875 0.04027777777777778 0.02421875
0 0.3090277777777778 0.51328125 0.0375 0.0328125
0 0.5527777777777778 0.47109375 0.05 0.0328125
0 0.44722222222222224 0.463671875 0.044444444444444446 0.01953125
0 0.6194444444444445 0.44453125 0.016666666666666666 0.015625
0 0.48680555555555555 0.4328125 0.02361111111111111 0.0125
0 0.34444444444444444 0.434375 0.05277777777777778 0.0234375
0 0.45 0.428125 0.030555555555555555 0.021875
0 0.43819444444444444 0.40859375 0.020833333333333332 0.015625
0 0.5263888888888889 0.401171875 0.07222222222222222 0.03671875
0 0.4395833333333333 0.3171875 0.043055555555555555 0.015625
0 0.38958333333333334 0.30859375 0.05416666666666667 0.0234375
0 0.33194444444444443 0.264453125 0.08888888888888889 0.03359375
0 0.4166666666666667 0.228515625 0.04722222222222222 0.02421875
0 0.38819444444444445 0.19921875 0.05416666666666667 0.0203125
0 0.35694444444444445 0.14140625 0.030555555555555555 0.0171875
