0 0.8583333333333333 0.8734375 0.041666666666666664 0.025
0 0.9486111111111111 0.865234375 0.06111111111111111 0.03359375
0 0.675 0.764453125 0.05555555555555555 0.03203125
0 0.3236111111111111 0.767578125 0.07777777777777778 0.04296875
0 0.4048611111111111 0.74765625 0.029166666666666667 0.021875
0 0.32916666666666666 0.693359375 0.09166666666666666 0.04609375
0 0.8958333333333334 0.615234375 0.07777777777777778 0.05234375
0 0.9569444444444445 0.58671875 0.08055555555555556 0.046875
0 0.6673611111111111 0.58671875 0.09305555555555556 0.05
0 0.8458333333333333 0.544921875 0.08888888888888889 0.09921875
0 0.8159722222222222 0.5078125 0.0375 0.025
0 0.5645833333333333 0.505078125 0.0875 0.04765625
0 0.7986111111111112 0.46953125 0.019444444444444445 0.015625
0 0.22708333333333333 0.48046875 0.0763888888888889 0.0421875
0 0.9354166666666667 0.465625 0.020833333333333332 0.021875
0 0.6361111111111111 0.48125 0.10277777777777777 0.053125
0 0.05416666666666667 0.471484375 0.06944444444444445 0.03828125
0 0.9798611111111111 0.460546875 0.04027777777777778 0.02890625
0 0.8888888888888888 0.46484375 0.08611111111111111 0.0578125
0 0.07291666666666667 0.437109375 0.04027777777777778 0.01640625
0 0.66875 0.428125 0.020833333333333332 0.0171875
0 0.59375 0.439453125 0.0875 0.04140625
0 0.6673611111111111 0.40859375 0.029166666666666667 0.01875
0 0.8770833333333333 0.413671875 0.059722222222222225 0.03203125
0 0.7965277777777777 0.39296875 0.02638888888888889 0.0265625
0 0.8430555555555556 0.38984375 0.05 0.021875
0 0.6972222222222222 0.390234375 0.05555555555555555 0.02578125
0 0.8291666666666667 0.343359375 0.10277777777777777 0.03359375
0 0.8722222222222222 0.31640625 0.022222222222222223 0.015625
0 0.7618055555555555 0.315234375 0.03194444444444444 0.02734375
0 0.7305555555555555 0.316015625 0.03333333333333333 0.02890625
0 0.24027777777777778 0.30703125 0.04722222222222222 0.0296875
0 0.12222222222222222 0.275 0.03333333333333333 0.015625
0 0.8618055555555556 0.26171875 0.1486111111111111 0.0375
0 0.7125 0.257421875 0.06388888888888888 0.03984375
0 0.6826388888888889 0.228125 0.12916666666666668 0.04375
0 0.7833333333333333 0.225390625 0.041666666666666664 0.04296875
0 0.0625 0.176953125 0.041666666666666664 0.02890625
0 0.04861111111111111 0.1171875 0.09722222222222222 0.0875
