0 0.32569444444444445 0.9015625 0.06805555555555555 0.0421875
0 0.11527777777777778 0.884375 0.08611111111111111 0.03125
0 0.47708333333333336 0.884375 0.04861111111111111 0.0328125
0 0.6979166666666666 0.81328125 0.06805555555555555 0.0484375
0 0.3104166666666667 0.786328125 0.08472222222222223 0.02890625
0 0.6770833333333334 0.706640625 0.06805555555555555 0.04609375
0 0.6291666666666667 0.695703125 0.044444444444444446 0.04453125
0 0.5527777777777778 0.680859375 0.06388888888888888 0.03515625
0 0.7583333333333333 0.656640625 0.04722222222222222 0.03984375
0 0.58125 0.648828125 0.0875 0.04140625
0 0.4534722222222222 0.627734375 0.09305555555555556 0.03046875
0 0.6736111111111112 0.634375 0.12222222222222222 0.0609375
0 0.8090277777777778 0.598046875 0.06805555555555555 0.03203125
0 0.6104166666666667 0.60234375 0.07083333333333333 0.040625
0 0.40625 0.58203125 0.07916666666666666 0.0328125
0 0.6805555555555556 0.53046875 0.07222222222222222 0.0328125
0 0.7583333333333333 0.51875 0.08055555555555556 0.0359375
0 0.5916666666666667 0.509375 0.125 0.04375
0 0.5347222222222222 0.461328125 0.05555555555555555 0.02421875
0 0.7381944444444445 0.45 0.07083333333333333 0.025
0 0.5506944444444445 0.43046875 0.029166666666666667 0.021875
0 0.49166666666666664 0.412890625 0.08055555555555556 0.05859375
0 0.5916666666666667 0.373046875 0.075 0.04140625
0 0.6291666666666667 0.348828125 0.06111111111111111 0.02109375
0 0.7020833333333333 0.339453125 0.06805555555555555 0.05078125
0 0.6347222222222222 0.312109375 0.08333333333333333 0.04453125
0 0.55 0.175390625 0.18055555555555555 0.07265625
0 0.5958333333333333 0.069140625 0.058333333333333334 0.03984375
