0 0.9118055555555555 0.830859375 0.04027777777777778 0.02734375
0 0.9013888888888889 0.7640625 0.05 0.01875
0 0.7472222222222222 0.684765625 0.04722222222222222 0.03359375
0 0.3104166666666667 0.635546875 0.043055555555555555 0.01953125
0 0.70625 0.62890625 0.04583333333333333 0.0171875
0 0.5256944444444445 0.625390625 0.0375 0.01953125
0 0.8923611111111112 0.616796875 0.02638888888888889 0.01953125
0 0.06597222222222222 0.568359375 0.034722222222222224 0.01484375
0 0.3326388888888889 0.535546875 0.029166666666666667 0.00859375
0 0.9875 0.52890625 0.025 0.0140625
0 0.93125 0.521484375 0.04861111111111111 0.01953125
0 0.8708333333333333 0.520703125 0.06111111111111111 0.04140625
0 0.13541666666666666 0.506640625 0.059722222222222225 0.03046875
0 0.3229166666666667 0.47734375 0.020833333333333332 0.0140625
0 0.41597222222222224 0.475390625 0.029166666666666667 0.01171875
0 0.84375 0.476171875 0.05138888888888889 0.02578125
0 0.8923611111111112 0.465625 0.034722222222222224 0.0171875
0 0.3854166666666667 0.427734375 0.08194444444444444 0.02734375
0 0.08263888888888889 0.41484375 0.02361111111111111 0.015625
0 0.69375 0.412890625 0.0375 0.01953125
0 0.175 0.4125 0.05 0.0265625
0 0.9076388888888889 0.4140625 0.05138888888888889 0.03125
0 0.18958333333333333 0.380859375 0.0375 0.00859375
0 0.8229166666666666 0.37578125 0.059722222222222225 0.0296875
0 0.4284722222222222 0.385546875 0.05416666666666667 0.06171875
0 0.91875 0.3640625 0.043055555555555555 0.0203125
0 0.5319444444444444 0.35703125 0.030555555555555555 0.0203125
0 0.059027777777777776 0.346484375 0.020833333333333332 0.02265625
0 0.8819444444444444 0.340625 0.03611111111111111 0.0234375
0 0.4798611111111111 0.328125 0.06527777777777778 0.0375
0 0.7340277777777777 0.326171875 0.09861111111111111 0.03671875
0 0.07916666666666666 0.29921875 0.044444444444444446 0.03125
0 0.48541666666666666 0.269921875 0.05138888888888889 0.02890625
0 0.8298611111111112 0.260546875 0.04027777777777778 0.02578125
0 0.4201388888888889 0.249609375 0.04027777777777778 0.03046875
0 0.5493055555555556 0.24453125 0.034722222222222224 0.0265625
0 0.7256944444444444 0.230859375 0.04583333333333333 0.02578125
0 0.6277777777777778 0.22734375 0.041666666666666664 0.025
0 0.4131944444444444 0.20703125 0.020833333333333332 0.0171875
0 0.4527777777777778 0.1703125 0.044444444444444446 0.025
0 0.5652777777777778 0.149609375 0.058333333333333334 0.02890625
0 0.6256944444444444 0.129296875 0.059722222222222225 0.03671875
0 0.6944444444444444 0.11875 0.030555555555555555 0.021875
0 0.5125 0.11796875 0.06111111111111111 0.0328125
0 0.5743055555555555 0.085546875 0.0375 0.01796875
0 0.6159722222222223 0.06484375 0.02638888888888889 0.0109375
0 0.49166666666666664 0.040625 0.03888888888888889 0.0234375
0 0.6513888888888889 0.01484375 0.09166666666666666 0.028125
0 0.5666666666666667 0.006640625 0.03611111111111111 0.01171875
