0 0.0798611111111111 0.97109375 0.0625 0.03125
0 0.016666666666666666 0.829296875 0.03333333333333333 0.03359375
0 0.16527777777777777 0.819921875 0.04722222222222222 0.03359375
0 0.3875 0.805078125 0.05555555555555555 0.02890625
0 0.3347222222222222 0.7875 0.04722222222222222 0.028125
0 0.1451388888888889 0.7859375 0.09583333333333334 0.034375
0 0.8875 0.77578125 0.05555555555555555 0.028125
0 0.6548611111111111 0.765234375 0.029166666666666667 0.01796875
0 0.8576388888888888 0.749609375 0.04861111111111111 0.03203125
0 0.5673611111111111 0.741015625 0.05138888888888889 0.01953125
0 0.7666666666666667 0.74296875 0.05277777777777778 0.028125
0 0.075 0.740625 0.06388888888888888 0.0234375
0 0.9034722222222222 0.727734375 0.05694444444444444 0.01953125
0 0.034027777777777775 0.727734375 0.05138888888888889 0.03046875
0 0.7027777777777777 0.71640625 0.05555555555555555 0.028125
0 0.625 0.6984375 0.044444444444444446 0.015625
0 0.7895833333333333 0.68828125 0.05694444444444444 0.0328125
0 0.016666666666666666 0.673046875 0.03333333333333333 0.04296875
0 0.6166666666666667 0.632421875 0.04722222222222222 0.01328125
0 0.11944444444444445 0.637109375 0.10833333333333334 0.03203125
0 0.2222222222222222 0.63828125 0.06388888888888888 0.0359375
0 0.014583333333333334 0.621484375 0.029166666666666667 0.02734375
0 0.7284722222222222 0.612890625 0.0763888888888889 0.03671875
0 0.2 0.60078125 0.07222222222222222 0.0328125
0 0.7180555555555556 0.58203125 0.044444444444444446 0.0234375
0 0.6645833333333333 0.57578125 0.04027777777777778 0.01875
0 0.6173611111111111 0.559765625 0.07083333333333333 0.03984375
0 0.6729166666666667 0.547265625 0.020833333333333332 0.01640625
0 0.7243055555555555 0.54453125 0.05694444444444444 0.025
0 0.6666666666666666 0.52578125 0.03333333333333333 0.021875
0 0.04375 0.51484375 0.029166666666666667 0.0125
0 0.6645833333333333 0.50234375 0.0375 0.0140625
0 0.7013888888888888 0.501953125 0.03333333333333333 0.01953125
0 0.035416666666666666 0.4625 0.07083333333333333 0.03125
0 0.0125 0.350390625 0.022222222222222223 0.02890625
0 0.21388888888888888 0.3140625 0.1 0.0484375
0 0.06111111111111111 0.30625 0.06666666666666667 0.0375
