0 0.3090277777777778 0.629296875 0.04861111111111111 0.02265625
0 0.15069444444444444 0.61953125 0.05138888888888889 0.0265625
0 0.40902777777777777 0.531640625 0.05416666666666667 0.02734375
0 0.010416666666666666 0.53203125 0.020833333333333332 0.03125
0 0.3090277777777778 0.506640625 0.06527777777777778 0.03984375
0 0.1909722222222222 0.50078125 0.06805555555555555 0.0359375
0 0.4013888888888889 0.46640625 0.05555555555555555 0.0578125
0 0.3680555555555556 0.42734375 0.030555555555555555 0.0171875
0 0.31319444444444444 0.426171875 0.043055555555555555 0.01796875
0 0.24722222222222223 0.41328125 0.06388888888888888 0.0359375
0 0.34930555555555554 0.31328125 0.04027777777777778 0.0203125
0 0.3486111111111111 0.249609375 0.07777777777777778 0.04296875
0 0.24861111111111112 0.083984375 0.041666666666666664 0.01640625
0 0.14722222222222223 0.095703125 0.06388888888888888 0.04453125
