0 0.7451388888888889 0.799609375 0.05416666666666667 0.03203125
0 0.5833333333333334 0.7703125 0.044444444444444446 0.021875
0 0.13958333333333334 0.7390625 0.05694444444444444 0.025
0 0.7111111111111111 0.742578125 0.05555555555555555 0.03984375
0 0.7993055555555556 0.70234375 0.08472222222222223 0.0375
0 0.40347222222222223 0.6921875 0.08194444444444444 0.0265625
0 0.5145833333333333 0.685546875 0.04027777777777778 0.02578125
0 0.6375 0.601953125 0.08611111111111111 0.03046875
0 0.9798611111111111 0.587890625 0.0375 0.01953125
0 0.4375 0.583984375 0.03333333333333333 0.03046875
0 0.85 0.55078125 0.044444444444444446 0.0296875
0 0.9138888888888889 0.5453125 0.030555555555555555 0.021875
0 0.6673611111111111 0.540234375 0.034722222222222224 0.01640625
0 0.4111111111111111 0.509765625 0.03333333333333333 0.02265625
0 0.021527777777777778 0.509375 0.0375 0.025
0 0.8236111111111111 0.496875 0.04722222222222222 0.028125
0 0.8826388888888889 0.486328125 0.03194444444444444 0.02109375
0 0.7055555555555556 0.48671875 0.05555555555555555 0.028125
0 0.21875 0.481640625 0.043055555555555555 0.02265625
0 0.011805555555555555 0.446875 0.020833333333333332 0.021875
0 0.8 0.4375 0.05277777777777778 0.028125
0 0.6736111111111112 0.428125 0.05555555555555555 0.0234375
0 0.7944444444444444 0.40234375 0.05277777777777778 0.0234375
0 0.5104166666666666 0.4015625 0.09861111111111111 0.05625
0 0.6284722222222222 0.357421875 0.029166666666666667 0.01640625
0 0.5659722222222222 0.34140625 0.02361111111111111 0.0140625
0 0.5520833333333334 0.2984375 0.05694444444444444 0.0265625
0 0.1375 0.29453125 0.08611111111111111 0.0390625
0 0.6715277777777777 0.290625 0.05416666666666667 0.0375
0 0.5673611111111111 0.240625 0.02638888888888889 0.025
0 0.5270833333333333 0.24296875 0.05694444444444444 0.034375
0 0.7409722222222223 0.183203125 0.07916666666666666 0.04296875
0 0.5506944444444445 0.176953125 0.0625 0.03359375
