0 0.3020833333333333 0.795703125 0.034722222222222224 0.01796875
0 0.5277777777777778 0.784765625 0.03611111111111111 0.02578125
0 0.4777777777777778 0.780859375 0.022222222222222223 0.02109375
0 0.08263888888888889 0.787109375 0.07916666666666666 0.03359375
0 0.29097222222222224 0.76328125 0.04861111111111111 0.028125
0 0.23125 0.751171875 0.05138888888888889 0.03046875
0 0.049305555555555554 0.752734375 0.09027777777777778 0.03515625
0 0.7715277777777778 0.741015625 0.05138888888888889 0.02265625
0 0.5402777777777777 0.725 0.04722222222222222 0.025
0 0.74375 0.715625 0.04583333333333333 0.034375
0 0.4673611111111111 0.70625 0.043055555555555555 0.01875
0 0.6618055555555555 0.7046875 0.04583333333333333 0.0234375
0 0.5131944444444444 0.694140625 0.02638888888888889 0.01484375
0 0.7888888888888889 0.69375 0.05 0.01875
0 0.5979166666666667 0.682421875 0.05416666666666667 0.02578125
0 0.5270833333333333 0.6640625 0.0375 0.015625
0 0.6805555555555556 0.654296875 0.05555555555555555 0.02734375
0 0.13402777777777777 0.611328125 0.04027777777777778 0.02578125
0 0.05763888888888889 0.6078125 0.03194444444444444 0.01875
0 0.5270833333333333 0.598046875 0.020833333333333332 0.01328125
0 0.09027777777777778 0.59921875 0.027777777777777776 0.0171875
0 0.0125 0.59921875 0.019444444444444445 0.021875
0 0.12152777777777778 0.59375 0.029166666666666667 0.015625
0 0.6263888888888889 0.584765625 0.075 0.03671875
0 0.10347222222222222 0.568359375 0.07916666666666666 0.03359375
0 0.6145833333333334 0.5515625 0.043055555555555555 0.0265625
0 0.5576388888888889 0.54453125 0.04027777777777778 0.01875
0 0.4861111111111111 0.540625 0.041666666666666664 0.021875
0 0.5222222222222223 0.523046875 0.05277777777777778 0.02734375
0 0.6180555555555556 0.512890625 0.03888888888888889 0.02578125
0 0.5604166666666667 0.4921875 0.02638888888888889 0.0203125
0 0.5493055555555556 0.469921875 0.02638888888888889 0.01484375
0 0.5854166666666667 0.468359375 0.0375 0.01953125
0 0.1 0.27890625 0.09444444444444444 0.0484375
