0 0.5333333333333333 0.64921875 0.05 0.0234375
0 0.2569444444444444 0.645703125 0.07222222222222222 0.03359375
0 0.5680555555555555 0.633203125 0.03888888888888889 0.03046875
0 0.10416666666666667 0.5921875 0.030555555555555555 0.0125
0 0.3020833333333333 0.5921875 0.029166666666666667 0.01875
0 0.3402777777777778 0.583203125 0.05 0.03203125
0 0.08402777777777778 0.56796875 0.034722222222222224 0.021875
0 0.65 0.555859375 0.030555555555555555 0.02421875
0 0.6847222222222222 0.5546875 0.041666666666666664 0.028125
0 0.5152777777777777 0.53046875 0.041666666666666664 0.021875
0 0.34930555555555554 0.524609375 0.05138888888888889 0.03359375
0 0.7923611111111111 0.518359375 0.04861111111111111 0.02421875
0 0.01597222222222222 0.4078125 0.02361111111111111 0.0171875
0 0.23333333333333334 0.409765625 0.041666666666666664 0.02265625
0 0.42291666666666666 0.4 0.05416666666666667 0.0328125
0 0.29097222222222224 0.391015625 0.05138888888888889 0.02421875
0 0.09513888888888888 0.36484375 0.02638888888888889 0.021875
0 0.20833333333333334 0.3546875 0.03611111111111111 0.021875
0 0.07222222222222222 0.34765625 0.027777777777777776 0.0171875
0 0.044444444444444446 0.356640625 0.07222222222222222 0.03984375
0 0.24513888888888888 0.344921875 0.034722222222222224 0.01796875
0 0.41944444444444445 0.308984375 0.05 0.02109375
0 0.4625 0.196875 0.05277777777777778 0.0296875
