0 0.19375 0.877734375 0.05138888888888889 0.03828125
0 0.31319444444444444 0.8609375 0.029166666666666667 0.0203125
0 0.07361111111111111 0.8578125 0.013888888888888888 0.01875
0 0.9048611111111111 0.81328125 0.059722222222222225 0.03125
0 0.0763888888888889 0.79765625 0.041666666666666664 0.021875
0 0.24305555555555555 0.79296875 0.03611111111111111 0.025
0 0.16666666666666666 0.7625 0.05277777777777778 0.0296875
0 0.8506944444444444 0.762890625 0.05694444444444444 0.03515625
0 0.16458333333333333 0.695703125 0.05416666666666667 0.02578125
0 0.5097222222222222 0.684375 0.044444444444444446 0.025
0 0.11944444444444445 0.665234375 0.019444444444444445 0.01953125
0 0.10347222222222222 0.637890625 0.05416666666666667 0.02890625
0 0.7236111111111111 0.648828125 0.14166666666666666 0.05234375
0 0.46597222222222223 0.623828125 0.07916666666666666 0.02734375
0 0.5722222222222222 0.615625 0.05555555555555555 0.0375
0 0.5069444444444444 0.6 0.03888888888888889 0.0203125
0 0.10138888888888889 0.5890625 0.03611111111111111 0.0234375
0 0.4048611111111111 0.568359375 0.02361111111111111 0.01484375
0 0.7055555555555556 0.56796875 0.03888888888888889 0.0171875
0 0.5979166666666667 0.573046875 0.08194444444444444 0.03046875
0 0.8305555555555556 0.56328125 0.03333333333333333 0.025
0 0.7458333333333333 0.531640625 0.03611111111111111 0.02265625
0 0.54375 0.525390625 0.03194444444444444 0.01640625
0 0.8173611111111111 0.5265625 0.09305555555555556 0.040625
0 0.37083333333333335 0.493359375 0.016666666666666666 0.01640625
0 0.6666666666666666 0.5125 0.07777777777777778 0.05625
0 0.5444444444444444 0.488671875 0.04722222222222222 0.02890625
0 0.5652777777777778 0.44296875 0.06111111111111111 0.0265625
0 0.6958333333333333 0.4390625 0.08611111111111111 0.028125
0 0.024305555555555556 0.4265625 0.04583333333333333 0.0265625
0 0.6097222222222223 0.34765625 0.025 0.0140625
0 0.8291666666666667 0.33671875 0.08611111111111111 0.0375
0 0.6736111111111112 0.308984375 0.05 0.02734375
0 0.8013888888888889 0.29765625 0.03611111111111111 0.01875
0 0.05694444444444444 0.305078125 0.06111111111111111 0.03671875
0 0.6 0.28359375 0.07777777777777778 0.0453125
0 0.5548611111111111 0.253515625 0.034722222222222224 0.01640625
0 0.7506944444444444 0.234375 0.04027777777777778 0.0265625
0 0.6305555555555555 0.216796875 0.04722222222222222 0.01171875
0 0.6097222222222223 0.19296875 0.04722222222222222 0.025
0 0.7777777777777778 0.165234375 0.1111111111111111 0.03828125
0 0.7701388888888889 0.134765625 0.10694444444444444 0.02734375
