0 0.7465277777777778 0.78203125 0.05416666666666667 0.034375
0 0.7006944444444444 0.726171875 0.06527777777777778 0.03359375
0 0.7527777777777778 0.690234375 0.06111111111111111 0.03671875
0 0.5826388888888889 0.498828125 0.04861111111111111 0.03046875
0 0.5215277777777778 0.467578125 0.0625 0.03515625
0 0.5576388888888889 0.45078125 0.0375 0.0203125
0 0.47291666666666665 0.44375 0.0763888888888889 0.0421875
0 0.5340277777777778 0.425390625 0.059722222222222225 0.02578125
0 0.4548611111111111 0.39921875 0.05416666666666667 0.0265625
0 0.29444444444444445 0.33828125 0.07777777777777778 0.0265625
0 0.3173611111111111 0.23671875 0.034722222222222224 0.01875
0 0.2708333333333333 0.2171875 0.05277777777777778 0.0359375
0 0.21388888888888888 0.209375 0.06666666666666667 0.034375
