0 0.5652777777777778 0.701953125 0.06666666666666667 0.04765625
0 0.4861111111111111 0.690625 0.06388888888888888 0.0375
0 0.4326388888888889 0.681640625 0.034722222222222224 0.01953125
0 0.5888888888888889 0.67578125 0.019444444444444445 0.0140625
0 0.05416666666666667 0.66640625 0.04722222222222222 0.03125
0 0.14722222222222223 0.613671875 0.011111111111111112 0.01328125
0 0.5541666666666667 0.619921875 0.041666666666666664 0.02734375
0 0.03263888888888889 0.6203125 0.05694444444444444 0.028125
0 0.7 0.612890625 0.041666666666666664 0.02109375
0 0.19375 0.61015625 0.043055555555555555 0.025
0 0.8472222222222222 0.599609375 0.016666666666666666 0.01640625
0 0.7444444444444445 0.590625 0.03888888888888889 0.0203125
0 0.40208333333333335 0.61953125 0.07916666666666666 0.096875
0 0.65625 0.574609375 0.0375 0.01796875
0 0.8041666666666667 0.562890625 0.019444444444444445 0.01171875
0 0.5652777777777778 0.56640625 0.03888888888888889 0.0203125
0 0.7458333333333333 0.55390625 0.025 0.015625
0 0.6027777777777777 0.550390625 0.041666666666666664 0.01796875
0 0.8118055555555556 0.541015625 0.0375 0.01640625
0 0.20625 0.537890625 0.03194444444444444 0.02890625
0 0.9194444444444444 0.523828125 0.044444444444444446 0.01796875
0 0.7020833333333333 0.52734375 0.043055555555555555 0.025
0 0.016666666666666666 0.513671875 0.03333333333333333 0.02109375
0 0.70625 0.501171875 0.05138888888888889 0.02421875
0 0.4395833333333333 0.51875 0.0625 0.0625
0 0.7791666666666667 0.495703125 0.05 0.02109375
0 0.6340277777777777 0.48671875 0.0625 0.03125
0 0.6854166666666667 0.476171875 0.03194444444444444 0.02578125
0 0.05555555555555555 0.461328125 0.058333333333333334 0.03046875
0 0.44513888888888886 0.44765625 0.05694444444444444 0.03125
0 0.38333333333333336 0.422265625 0.044444444444444446 0.02890625
0 0.11180555555555556 0.409765625 0.04027777777777778 0.01640625
0 0.025694444444444443 0.41171875 0.04861111111111111 0.03125
0 0.33402777777777776 0.396875 0.05416666666666667 0.0359375
0 0.8034722222222223 0.367578125 0.08194444444444444 0.03515625
0 0.22569444444444445 0.361328125 0.05416666666666667 0.03046875
0 0.2743055555555556 0.3453125 0.03194444444444444 0.021875
0 0.37083333333333335 0.33828125 0.022222222222222223 0.0171875
0 0.9722222222222222 0.333984375 0.05 0.04140625
0 0.7555555555555555 0.312109375 0.03333333333333333 0.01015625
0 0.3472222222222222 0.315625 0.03333333333333333 0.0171875
0 0.29444444444444445 0.320703125 0.08333333333333333 0.03671875
0 0.12361111111111112 0.308984375 0.022222222222222223 0.02265625
0 0.8881944444444444 0.305078125 0.03194444444444444 0.01796875
0 0.7909722222222222 0.3 0.034722222222222224 0.015625
0 0.325 0.291015625 0.030555555555555555 0.01796875
0 0.9409722222222222 0.27421875 0.020833333333333332 0.0140625
0 0.07777777777777778 0.28203125 0.058333333333333334 0.034375
0 0.7833333333333333 0.269921875 0.027777777777777776 0.01171875
0 0.34305555555555556 0.272265625 0.030555555555555555 0.01953125
0 0.8006944444444445 0.25703125 0.034722222222222224 0.0140625
0 0.07361111111111111 0.232421875 0.044444444444444446 0.03046875
0 0.825 0.219140625 0.03611111111111111 0.01796875
0 0.41597222222222224 0.22109375 0.0375 0.0234375
0 0.07916666666666666 0.203515625 0.04722222222222222 0.02890625
0 0.9173611111111111 0.201171875 0.1125 0.05546875
0 0.49166666666666664 0.184765625 0.041666666666666664 0.02578125
0 0.3 0.198828125 0.09444444444444444 0.05546875
0 0.3527777777777778 0.16640625 0.05 0.025
0 0.9659722222222222 0.156640625 0.04861111111111111 0.01953125
0 0.9840277777777777 0.137890625 0.02638888888888889 0.01015625
0 0.3125 0.141015625 0.05 0.02109375
0 0.9472222222222222 0.125390625 0.05 0.03046875
0 0.2298611111111111 0.121484375 0.06527777777777778 0.02734375
0 0.125 0.125 0.04722222222222222 0.034375
0 0.9909722222222223 0.10390625 0.018055555555555554 0.0140625
0 0.22083333333333333 0.08359375 0.08333333333333333 0.0296875
0 0.13541666666666666 0.07421875 0.07083333333333333 0.0296875
0 0.20625 0.047265625 0.05138888888888889 0.02421875
0 0.13125 0.005078125 0.04583333333333333 0.00859375
