0 0.12152777777777778 0.73828125 0.04861111111111111 0.0265625
0 0.9618055555555556 0.666796875 0.034722222222222224 0.02109375
0 0.06805555555555555 0.680078125 0.06388888888888888 0.04765625
0 0.6451388888888889 0.65703125 0.04583333333333333 0.025
0 0.5944444444444444 0.65703125 0.05 0.0328125
0 0.9423611111111111 0.61796875 0.0625 0.0375
0 0.6944444444444444 0.612890625 0.058333333333333334 0.03203125
0 0.7034722222222223 0.58828125 0.020833333333333332 0.0125
0 0.7354166666666667 0.54921875 0.05694444444444444 0.0265625
0 0.7805555555555556 0.533984375 0.030555555555555555 0.02265625
0 0.9743055555555555 0.503515625 0.05138888888888889 0.01953125
0 0.011111111111111112 0.489453125 0.022222222222222223 0.02109375
0 0.7965277777777777 0.476953125 0.10694444444444444 0.04921875
0 0.9347222222222222 0.4640625 0.08888888888888889 0.05
0 0.70625 0.448828125 0.04583333333333333 0.02734375
0 0.7493055555555556 0.425 0.04027777777777778 0.01875
0 0.83125 0.298046875 0.020833333333333332 0.01640625
0 0.8680555555555556 0.2984375 0.04722222222222222 0.0421875
