0 0.7354166666666667 0.69765625 0.02361111111111111 0.01875
0 0.8020833333333334 0.67421875 0.029166666666666667 0.01875
0 0.7354166666666667 0.669921875 0.015277777777777777 0.01328125
0 0.31666666666666665 0.6484375 0.041666666666666664 0.021875
0 0.0375 0.646875 0.04722222222222222 0.0234375
0 0.7597222222222222 0.628515625 0.041666666666666664 0.02578125
0 0.8270833333333333 0.62265625 0.03194444444444444 0.015625
0 0.7166666666666667 0.62109375 0.016666666666666666 0.015625
0 0.8805555555555555 0.622265625 0.03888888888888889 0.02109375
0 0.5916666666666667 0.617578125 0.030555555555555555 0.01796875
0 0.6479166666666667 0.613671875 0.029166666666666667 0.01796875
0 0.18263888888888888 0.62734375 0.0763888888888889 0.0578125
0 0.9416666666666667 0.603125 0.03888888888888889 0.0203125
0 0.98125 0.600390625 0.0375 0.02265625
0 0.10833333333333334 0.605078125 0.03888888888888889 0.03515625
0 0.01875 0.584375 0.034722222222222224 0.0234375
0 0.5986111111111111 0.57734375 0.041666666666666664 0.0234375
0 0.10972222222222222 0.569921875 0.05555555555555555 0.02265625
0 0.22152777777777777 0.5546875 0.04583333333333333 0.021875
0 0.6590277777777778 0.545703125 0.03194444444444444 0.01171875
0 0.975 0.54296875 0.04722222222222222 0.0296875
0 0.17430555555555555 0.534375 0.05138888888888889 0.025
0 0.7569444444444444 0.525 0.05 0.025
0 0.22847222222222222 0.521875 0.0375 0.0296875
0 0.25763888888888886 0.515234375 0.02638888888888889 0.02109375
0 0.11597222222222223 0.493359375 0.02361111111111111 0.02578125
0 0.8027777777777778 0.483984375 0.03611111111111111 0.02890625
0 0.75625 0.469140625 0.07083333333333333 0.07265625
0 0.07361111111111111 0.443359375 0.06111111111111111 0.03515625
0 0.6756944444444445 0.455078125 0.07361111111111111 0.06015625
0 0.19722222222222222 0.43125 0.03333333333333333 0.0265625
0 0.1423611111111111 0.4234375 0.020833333333333332 0.0125
0 0.8145833333333333 0.430078125 0.05694444444444444 0.03046875
0 0.7881944444444444 0.410546875 0.02638888888888889 0.00703125
0 0.9590277777777778 0.384375 0.05138888888888889 0.0265625
0 0.9708333333333333 0.351171875 0.058333333333333334 0.03359375
0 0.8229166666666666 0.321875 0.05694444444444444 0.046875
0 0.9902777777777778 0.30078125 0.019444444444444445 0.0125
0 0.8069444444444445 0.263671875 0.03888888888888889 0.02734375
0 0.8159722222222222 0.2359375 0.04861111111111111 0.028125
0 0.9083333333333333 0.166796875 0.05277777777777778 0.03359375
0 0.9833333333333333 0.163671875 0.030555555555555555 0.03515625
0 0.8569444444444444 0.149609375 0.03888888888888889 0.01953125
0 0.9770833333333333 0.126953125 0.04583333333333333 0.03046875
0 0.9027777777777778 0.117578125 0.08055555555555556 0.03046875
0 0.7993055555555556 0.096484375 0.043055555555555555 0.02890625
0 0.9743055555555555 0.092578125 0.03194444444444444 0.02265625
0 0.9097222222222222 0.042578125 0.05 0.03046875
0 0.7888888888888889 0.0296875 0.03333333333333333 0.015625
