0 0.825 0.61171875 0.06388888888888888 0.0296875
0 0.7444444444444445 0.600390625 0.058333333333333334 0.03203125
0 0.7916666666666666 0.590234375 0.058333333333333334 0.03359375
0 0.8506944444444444 0.537890625 0.059722222222222225 0.04296875
0 0.9548611111111112 0.43125 0.0375 0.0171875
0 0.9604166666666667 0.4125 0.02361111111111111 0.0078125
0 0.9368055555555556 0.414453125 0.02361111111111111 0.01640625
0 0.6902777777777778 0.41171875 0.04722222222222222 0.0234375
0 0.5069444444444444 0.33515625 0.041666666666666664 0.034375
0 0.7423611111111111 0.32109375 0.059722222222222225 0.03125
0 0.7270833333333333 0.308984375 0.029166666666666667 0.01796875
0 0.19652777777777777 0.2984375 0.029166666666666667 0.021875
0 0.7451388888888889 0.29140625 0.029166666666666667 0.0140625
0 0.7805555555555556 0.29296875 0.03333333333333333 0.021875
0 0.9597222222222223 0.2875 0.05 0.0203125
0 0.8069444444444445 0.27109375 0.03611111111111111 0.0234375
0 0.7625 0.270703125 0.044444444444444446 0.02265625
0 0.9895833333333334 0.25625 0.020833333333333332 0.0140625
0 0.9479166666666666 0.255859375 0.043055555555555555 0.02421875
0 0.9861111111111112 0.246875 0.016666666666666666 0.015625
0 0.9027777777777778 0.221875 0.07222222222222222 0.0296875
0 0.7291666666666666 0.194921875 0.06111111111111111 0.03203125
0 0.8784722222222222 0.11171875 0.05694444444444444 0.040625
