0 0.8222222222222222 0.953515625 0.03888888888888889 0.03515625
0 0.8895833333333333 0.940234375 0.04027777777777778 0.02421875
0 0.7097222222222223 0.89453125 0.044444444444444446 0.0265625
0 0.8104166666666667 0.84296875 0.0375 0.0234375
0 0.07083333333333333 0.8390625 0.08333333333333333 0.0328125
0 0.41180555555555554 0.83203125 0.04583333333333333 0.025
0 0.5965277777777778 0.8234375 0.034722222222222224 0.0203125
0 0.05763888888888889 0.801171875 0.034722222222222224 0.02265625
0 0.7361111111111112 0.78671875 0.030555555555555555 0.015625
0 0.5666666666666667 0.777734375 0.05 0.02734375
0 0.6451388888888889 0.78359375 0.034722222222222224 0.04375
0 0.10486111111111111 0.7640625 0.02638888888888889 0.021875
0 0.48125 0.7625 0.02361111111111111 0.0203125
0 0.15069444444444444 0.756640625 0.03194444444444444 0.01796875
0 0.5270833333333333 0.756640625 0.043055555555555555 0.02421875
0 0.5152777777777777 0.704296875 0.03333333333333333 0.01171875
0 0.4875 0.68515625 0.030555555555555555 0.0203125
0 0.6368055555555555 0.676953125 0.04583333333333333 0.02578125
0 0.6888888888888889 0.6453125 0.041666666666666664 0.025
0 0.6284722222222222 0.630859375 0.08194444444444444 0.04296875
0 0.5534722222222223 0.62109375 0.043055555555555555 0.0359375
0 0.12916666666666668 0.60859375 0.08611111111111111 0.0203125
0 0.06180555555555556 0.578515625 0.0763888888888889 0.03828125
0 0.01597222222222222 0.547265625 0.02361111111111111 0.02109375
