0 0.7083333333333334 0.76953125 0.019444444444444445 0.0203125
0 0.7465277777777778 0.759765625 0.034722222222222224 0.01796875
0 0.7076388888888889 0.7328125 0.04583333333333333 0.015625
0 0.6076388888888888 0.73125 0.034722222222222224 0.01875
0 0.6430555555555556 0.731640625 0.025 0.02109375
0 0.7048611111111112 0.716015625 0.04027777777777778 0.01796875
0 0.6020833333333333 0.69921875 0.02638888888888889 0.0203125
0 0.50625 0.695703125 0.03194444444444444 0.01484375
0 0.44583333333333336 0.6875 0.04722222222222222 0.0234375
0 0.6520833333333333 0.68046875 0.03194444444444444 0.021875
0 0.7569444444444444 0.65390625 0.025 0.0140625
0 0.5173611111111112 0.653125 0.02638888888888889 0.0125
0 0.47291666666666665 0.665625 0.034722222222222224 0.040625
0 0.0763888888888889 0.641015625 0.030555555555555555 0.02421875
0 0.12986111111111112 0.621484375 0.018055555555555554 0.01015625
0 0.6305555555555555 0.590625 0.027777777777777776 0.0109375
0 0.3701388888888889 0.596875 0.02638888888888889 0.025
0 0.5215277777777778 0.58828125 0.02361111111111111 0.015625
0 0.7652777777777777 0.5859375 0.022222222222222223 0.0125
0 0.3333333333333333 0.591015625 0.03611111111111111 0.02265625
0 0.5611111111111111 0.58984375 0.041666666666666664 0.021875
0 0.14791666666666667 0.58359375 0.034722222222222224 0.021875
0 0.5979166666666667 0.576953125 0.02361111111111111 0.01015625
0 0.24444444444444444 0.582421875 0.025 0.02421875
0 0.3909722222222222 0.56640625 0.02361111111111111 0.015625
0 0.14791666666666667 0.5625 0.03194444444444444 0.0140625
0 0.1284722222222222 0.540234375 0.02361111111111111 0.01171875
0 0.4951388888888889 0.537890625 0.0375 0.01796875
0 0.23472222222222222 0.529296875 0.05555555555555555 0.02578125
0 0.35138888888888886 0.499609375 0.016666666666666666 0.01328125
0 0.3215277777777778 0.483984375 0.029166666666666667 0.01640625
0 0.44930555555555557 0.478515625 0.020833333333333332 0.01484375
0 0.49027777777777776 0.437890625 0.03333333333333333 0.01640625
0 0.5305555555555556 0.434375 0.03333333333333333 0.0140625
0 0.6131944444444445 0.421875 0.03194444444444444 0.0140625
0 0.47708333333333336 0.416015625 0.043055555555555555 0.02109375
0 0.7986111111111112 0.412890625 0.041666666666666664 0.01953125
0 0.30972222222222223 0.405078125 0.011111111111111112 0.01328125
0 0.08402777777777778 0.393359375 0.034722222222222224 0.01640625
0 0.17291666666666666 0.381640625 0.03194444444444444 0.01171875
0 0.29097222222222224 0.380078125 0.018055555555555554 0.01328125
0 0.40694444444444444 0.372265625 0.019444444444444445 0.01953125
0 0.06736111111111111 0.358203125 0.06805555555555555 0.03203125
0 0.25763888888888886 0.3375 0.034722222222222224 0.0140625
0 0.5729166666666666 0.335546875 0.034722222222222224 0.01640625
0 0.12291666666666666 0.338671875 0.02638888888888889 0.02265625
0 0.5548611111111111 0.312890625 0.03194444444444444 0.01484375
0 0.4840277777777778 0.290625 0.02361111111111111 0.015625
0 0.48125 0.265625 0.04027777777777778 0.028125
0 0.5194444444444445 0.258203125 0.027777777777777776 0.01484375
0 0.46458333333333335 0.242578125 0.04027777777777778 0.01796875
0 0.5361111111111111 0.2328125 0.027777777777777776 0.0171875
0 0.33125 0.2359375 0.05694444444444444 0.034375
0 0.4 0.2265625 0.05 0.034375
0 0.46944444444444444 0.20234375 0.030555555555555555 0.0171875
0 0.43125 0.18359375 0.02361111111111111 0.0171875
0 0.4777777777777778 0.162109375 0.025 0.01015625
0 0.36736111111111114 0.164453125 0.029166666666666667 0.01640625
0 0.4409722222222222 0.16015625 0.04027777777777778 0.009375
0 0.4798611111111111 0.13828125 0.018055555555555554 0.0109375
0 0.4527777777777778 0.137109375 0.025 0.01640625
