0 0.3763888888888889 0.683984375 0.03888888888888889 0.02890625
0 0.22430555555555556 0.6875 0.07083333333333333 0.0359375
0 0.3347222222222222 0.67265625 0.03888888888888889 0.021875
0 0.24930555555555556 0.65078125 0.0625 0.0359375
0 0.9229166666666667 0.62265625 0.03194444444444444 0.0125
0 0.8638888888888889 0.626171875 0.044444444444444446 0.03671875
0 0.3472222222222222 0.624609375 0.058333333333333334 0.03359375
0 0.9923611111111111 0.553515625 0.0125 0.01015625
0 0.9916666666666667 0.531640625 0.016666666666666666 0.01484375
0 0.011111111111111112 0.508203125 0.016666666666666666 0.01171875
0 0.12013888888888889 0.4703125 0.04027777777777778 0.0125
0 0.3375 0.440625 0.013888888888888888 0.015625
0 0.09027777777777778 0.444140625 0.05277777777777778 0.02421875
0 0.9819444444444444 0.42578125 0.03611111111111111 0.028125
0 0.05625 0.423828125 0.04583333333333333 0.02734375
0 0.11388888888888889 0.413671875 0.03888888888888889 0.02421875
0 0.15208333333333332 0.40078125 0.05138888888888889 0.015625
0 0.04652777777777778 0.394140625 0.04583333333333333 0.02421875
0 0.18819444444444444 0.32890625 0.11805555555555555 0.053125
0 0.2791666666666667 0.290625 0.044444444444444446 0.021875
0 0.1326388888888889 0.2875 0.04027777777777778 0.028125
0 0.34652777777777777 0.284765625 0.0375 0.02578125
0 0.18194444444444444 0.2796875 0.04722222222222222 0.0265625
0 0.03819444444444445 0.2421875 0.0625 0.0328125
