0 0.24861111111111112 0.73828125 0.019444444444444445 0.0140625
0 0.2375 0.682421875 0.03888888888888889 0.02421875
0 0.2625 0.662890625 0.03888888888888889 0.01796875
0 0.20902777777777778 0.648046875 0.04861111111111111 0.03046875
0 0.8729166666666667 0.625 0.0375 0.0171875
0 0.24791666666666667 0.622265625 0.05138888888888889 0.02734375
0 0.26180555555555557 0.49296875 0.0375 0.0171875
0 0.8069444444444445 0.484765625 0.022222222222222223 0.01640625
0 0.25763888888888886 0.468359375 0.02638888888888889 0.02109375
0 0.8673611111111111 0.4234375 0.034722222222222224 0.01875
