0 0.6555555555555556 0.98671875 0.03611111111111111 0.025
0 0.6840277777777778 0.96328125 0.08194444444444444 0.0375
0 0.8965277777777778 0.91640625 0.04861111111111111 0.028125
0 0.8270833333333333 0.901171875 0.043055555555555555 0.02109375
0 0.9326388888888889 0.89765625 0.04861111111111111 0.0265625
0 0.25277777777777777 0.887109375 0.05555555555555555 0.03359375
0 0.6423611111111112 0.845703125 0.0375 0.02265625
0 0.25833333333333336 0.85078125 0.05277777777777778 0.0328125
0 0.47708333333333336 0.7953125 0.034722222222222224 0.0296875
0 0.5388888888888889 0.800390625 0.06388888888888888 0.04765625
0 0.4486111111111111 0.7828125 0.03888888888888889 0.0265625
0 0.7701388888888889 0.770703125 0.05138888888888889 0.02578125
0 0.03611111111111111 0.769921875 0.06666666666666667 0.02734375
0 0.3 0.746875 0.05555555555555555 0.025
0 0.45555555555555555 0.742578125 0.05 0.03203125
0 0.12291666666666666 0.726171875 0.04583333333333333 0.02734375
0 0.9486111111111111 0.6875 0.05 0.025
0 0.5722222222222222 0.6796875 0.044444444444444446 0.0203125
0 0.05138888888888889 0.680078125 0.06111111111111111 0.03046875
0 0.8756944444444444 0.625 0.034722222222222224 0.0140625
0 0.02013888888888889 0.637890625 0.0375 0.05703125
0 0.9270833333333334 0.617578125 0.020833333333333332 0.01953125
0 0.9895833333333334 0.604296875 0.018055555555555554 0.02578125
0 0.22569444444444445 0.596875 0.05138888888888889 0.034375
0 0.45694444444444443 0.5859375 0.03611111111111111 0.01875
0 0.9111111111111111 0.584375 0.04722222222222222 0.0234375
0 0.3972222222222222 0.57890625 0.03888888888888889 0.0234375
0 0.009722222222222222 0.5578125 0.019444444444444445 0.0171875
0 0.48333333333333334 0.55703125 0.041666666666666664 0.0203125
0 0.5430555555555555 0.55 0.05 0.0296875
0 0.9354166666666667 0.5328125 0.0375 0.028125
0 0.08125 0.525390625 0.015277777777777777 0.01640625
0 0.9784722222222222 0.517578125 0.043055555555555555 0.01640625
0 0.027777777777777776 0.515234375 0.025 0.01328125
0 0.43125 0.515625 0.0875 0.05
0 0.27361111111111114 0.48515625 0.041666666666666664 0.03125
0 0.20069444444444445 0.47421875 0.034722222222222224 0.0203125
0 0.9833333333333333 0.473828125 0.03333333333333333 0.02890625
0 0.3173611111111111 0.4671875 0.034722222222222224 0.0171875
0 0.08333333333333333 0.44921875 0.019444444444444445 0.0171875
0 0.39861111111111114 0.45078125 0.025 0.025
0 0.035416666666666666 0.449609375 0.029166666666666667 0.02265625
0 0.3375 0.43984375 0.03888888888888889 0.0265625
0 0.15347222222222223 0.439453125 0.05416666666666667 0.02734375
0 0.25069444444444444 0.4171875 0.05416666666666667 0.0296875
0 0.37777777777777777 0.40546875 0.05277777777777778 0.0265625
0 0.9736111111111111 0.391796875 0.04722222222222222 0.03046875
0 0.31805555555555554 0.380859375 0.03333333333333333 0.01484375
0 0.9680555555555556 0.358203125 0.05555555555555555 0.01796875
0 0.1673611111111111 0.311328125 0.05416666666666667 0.02578125
0 0.06875 0.30859375 0.07083333333333333 0.0328125
0 0.09305555555555556 0.268359375 0.07222222222222222 0.03359375
0 0.1763888888888889 0.228515625 0.05 0.02421875
0 0.13680555555555557 0.19375 0.05138888888888889 0.0234375
