0 0.36319444444444443 0.768359375 0.034722222222222224 0.03359375
0 0.29375 0.71015625 0.05416666666666667 0.0265625
0 0.3506944444444444 0.693359375 0.07361111111111111 0.04921875
0 0.14930555555555555 0.63046875 0.043055555555555555 0.01875
0 0.9083333333333333 0.62421875 0.03611111111111111 0.0125
0 0.8756944444444444 0.616796875 0.02638888888888889 0.01328125
0 0.9875 0.61328125 0.019444444444444445 0.015625
0 0.46041666666666664 0.558203125 0.04027777777777778 0.01796875
0 0.9305555555555556 0.42578125 0.03333333333333333 0.0234375
0 0.35555555555555557 0.304296875 0.025 0.01328125
