0 0.7986111111111112 0.590234375 0.05555555555555555 0.02578125
0 0.8534722222222222 0.57421875 0.07916666666666666 0.0390625
0 0.8513888888888889 0.49921875 0.125 0.0453125
0 0.8944444444444445 0.45234375 0.07222222222222222 0.0328125
0 0.9583333333333334 0.420703125 0.06944444444444445 0.04140625
0 0.8118055555555556 0.391796875 0.05138888888888889 0.02421875
0 0.9729166666666667 0.353125 0.05416666666666667 0.03125
0 0.9020833333333333 0.34921875 0.05138888888888889 0.03125
0 0.9166666666666666 0.309375 0.07777777777777778 0.034375
0 0.5645833333333333 0.29609375 0.06527777777777778 0.0375
