0 0.18819444444444444 0.65078125 0.0375 0.0171875
0 0.8555555555555555 0.630859375 0.06944444444444445 0.03359375
0 0.48125 0.628515625 0.05694444444444444 0.03828125
0 0.12430555555555556 0.61015625 0.05416666666666667 0.015625
0 0.006944444444444444 0.603515625 0.011111111111111112 0.02109375
0 0.37430555555555556 0.601171875 0.0375 0.02265625
0 0.3416666666666667 0.58984375 0.025 0.015625
0 0.1701388888888889 0.59140625 0.03194444444444444 0.01875
0 0.8604166666666667 0.59296875 0.05138888888888889 0.028125
0 0.38819444444444445 0.579296875 0.0375 0.02421875
0 0.2569444444444444 0.57421875 0.03888888888888889 0.0140625
0 0.5138888888888888 0.562109375 0.058333333333333334 0.02734375
0 0.17708333333333334 0.551953125 0.04027777777777778 0.02578125
0 0.9743055555555555 0.535546875 0.02638888888888889 0.01171875
0 0.24861111111111112 0.5078125 0.03611111111111111 0.025
0 0.9805555555555555 0.45546875 0.03888888888888889 0.021875
0 0.24027777777777778 0.44375 0.03333333333333333 0.0171875
0 0.18263888888888888 0.3984375 0.04027777777777778 0.0390625
0 0.8819444444444444 0.351953125 0.03888888888888889 0.01328125
0 0.22916666666666666 0.308984375 0.058333333333333334 0.03671875
0 0.07569444444444444 0.3046875 0.04861111111111111 0.0359375
0 0.2222222222222222 0.262890625 0.044444444444444446 0.02109375
0 0.12291666666666666 0.246484375 0.03194444444444444 0.01796875
