0 0.39444444444444443 0.72890625 0.05277777777777778 0.03125
0 0.3326388888888889 0.693359375 0.05416666666666667 0.01953125
0 0.10416666666666667 0.68515625 0.05277777777777778 0.0359375
0 0.7680555555555556 0.645703125 0.05555555555555555 0.03046875
0 0.23055555555555557 0.622265625 0.025 0.01953125
0 0.09027777777777778 0.6109375 0.03333333333333333 0.0296875
0 0.60625 0.59765625 0.0375 0.0140625
0 0.6458333333333334 0.594140625 0.022222222222222223 0.01640625
0 0.16111111111111112 0.591796875 0.03888888888888889 0.02890625
0 0.041666666666666664 0.58515625 0.058333333333333334 0.0359375
0 0.11527777777777778 0.571484375 0.03888888888888889 0.01328125
0 0.2743055555555556 0.548046875 0.02638888888888889 0.01171875
0 0.28194444444444444 0.5171875 0.030555555555555555 0.0171875
0 0.3875 0.453125 0.027777777777777776 0.015625
0 0.30277777777777776 0.43828125 0.025 0.015625
0 0.8166666666666667 0.44140625 0.13333333333333333 0.0421875
0 0.03611111111111111 0.428125 0.05277777777777778 0.0234375
0 0.125 0.4171875 0.025 0.015625
0 0.8152777777777778 0.402734375 0.025 0.01484375
0 0.7319444444444444 0.384765625 0.05555555555555555 0.02421875
0 0.4756944444444444 0.3828125 0.04861111111111111 0.028125
0 0.6506944444444445 0.373828125 0.06527777777777778 0.03515625
0 0.9423611111111111 0.35546875 0.059722222222222225 0.034375
0 0.325 0.330859375 0.041666666666666664 0.01640625
0 0.36180555555555555 0.31953125 0.04027777777777778 0.0203125
0 0.04652777777777778 0.30703125 0.08194444444444444 0.0375
0 0.9270833333333334 0.305859375 0.1375 0.05703125
0 0.15 0.27421875 0.05 0.0234375
0 0.014583333333333334 0.27578125 0.02638888888888889 0.0296875
0 0.7618055555555555 0.27109375 0.05138888888888889 0.025
0 0.23958333333333334 0.2671875 0.04861111111111111 0.021875
0 0.3388888888888889 0.255078125 0.04722222222222222 0.02890625
0 0.9354166666666667 0.2421875 0.0763888888888889 0.0375
0 0.7416666666666667 0.230078125 0.06388888888888888 0.04296875
0 0.13194444444444445 0.208984375 0.044444444444444446 0.03046875
0 0.2986111111111111 0.17578125 0.041666666666666664 0.0203125
0 0.2326388888888889 0.169921875 0.03194444444444444 0.01953125
0 0.9944444444444445 0.14375 0.011111111111111112 0.03125
0 0.08888888888888889 0.13828125 0.03611111111111111 0.0265625
0 0.26944444444444443 0.139453125 0.09166666666666666 0.03046875
0 0.91875 0.140234375 0.05694444444444444 0.03359375
0 0.9125 0.108203125 0.03888888888888889 0.02265625
0 0.22013888888888888 0.096875 0.0375 0.0203125
0 0.9430555555555555 0.014453125 0.07222222222222222 0.02578125
0 0.15069444444444444 0.018359375 0.04861111111111111 0.03515625
