0 0.7875 0.75 0.016666666666666666 0.015625
0 0.7298611111111111 0.753515625 0.05694444444444444 0.02578125
0 0.0763888888888889 0.735546875 0.03333333333333333 0.02421875
0 0.7347222222222223 0.7234375 0.019444444444444445 0.00625
0 0.6673611111111111 0.71953125 0.0125 0.0109375
0 0.6069444444444444 0.7171875 0.027777777777777776 0.0140625
0 0.5854166666666667 0.7109375 0.020833333333333332 0.0140625
0 0.6465277777777778 0.70390625 0.018055555555555554 0.0109375
0 0.8513888888888889 0.6984375 0.016666666666666666 0.0125
0 0.09305555555555556 0.7015625 0.030555555555555555 0.01875
0 0.6277777777777778 0.68046875 0.03611111111111111 0.0234375
0 0.8506944444444444 0.67265625 0.02638888888888889 0.0125
0 0.04513888888888889 0.675390625 0.015277777777777777 0.01953125
0 0.27361111111111114 0.6609375 0.044444444444444446 0.0171875
0 0.32430555555555557 0.651171875 0.05416666666666667 0.02265625
0 0.8131944444444444 0.6484375 0.034722222222222224 0.01875
0 0.8243055555555555 0.622265625 0.018055555555555554 0.00859375
0 0.55 0.622265625 0.03611111111111111 0.01640625
0 0.5159722222222223 0.61015625 0.03194444444444444 0.0078125
0 0.7041666666666667 0.608203125 0.027777777777777776 0.01328125
0 0.23819444444444443 0.6046875 0.0125 0.0078125
0 0.46458333333333335 0.606640625 0.020833333333333332 0.01796875
0 0.5826388888888889 0.590625 0.03194444444444444 0.0125
0 0.2604166666666667 0.56953125 0.020833333333333332 0.0109375
0 0.5965277777777778 0.564453125 0.009722222222222222 0.00546875
0 0.6131944444444445 0.560546875 0.020833333333333332 0.01171875
0 0.5118055555555555 0.559375 0.020833333333333332 0.0125
0 0.27708333333333335 0.54296875 0.015277777777777777 0.009375
0 0.2625 0.52734375 0.016666666666666666 0.0078125
0 0.36944444444444446 0.475 0.05 0.015625
0 0.7298611111111111 0.468359375 0.0125 0.00703125
0 0.7041666666666667 0.446484375 0.016666666666666666 0.01328125
0 0.7416666666666667 0.441015625 0.013888888888888888 0.01171875
0 0.5965277777777778 0.435546875 0.0125 0.00703125
0 0.3875 0.430078125 0.013888888888888888 0.00546875
0 0.18055555555555555 0.4234375 0.013888888888888888 0.009375
0 0.46319444444444446 0.410546875 0.0125 0.01171875
0 0.29305555555555557 0.410546875 0.030555555555555555 0.01640625
0 0.41180555555555554 0.4078125 0.020833333333333332 0.015625
0 0.5208333333333334 0.403515625 0.013888888888888888 0.00859375
0 0.6340277777777777 0.395703125 0.03194444444444444 0.00859375
0 0.15416666666666667 0.390234375 0.019444444444444445 0.01171875
0 0.39375 0.3859375 0.006944444444444444 0.00625
0 0.3680555555555556 0.383984375 0.011111111111111112 0.00703125
0 0.18819444444444444 0.383203125 0.043055555555555555 0.03828125
0 0.33611111111111114 0.365625 0.027777777777777776 0.0140625
0 0.7118055555555556 0.36171875 0.018055555555555554 0.0109375
0 0.6854166666666667 0.344140625 0.018055555555555554 0.01015625
0 0.41805555555555557 0.32578125 0.008333333333333333 0.0078125
0 0.5555555555555556 0.319140625 0.022222222222222223 0.01171875
0 0.5402777777777777 0.301953125 0.013888888888888888 0.01484375
0 0.6270833333333333 0.288671875 0.02638888888888889 0.01484375
0 0.5979166666666667 0.28984375 0.02638888888888889 0.0171875
0 0.4930555555555556 0.276953125 0.03333333333333333 0.01796875
0 0.5708333333333333 0.271875 0.022222222222222223 0.0171875
0 0.6166666666666667 0.266796875 0.019444444444444445 0.01015625
0 0.4305555555555556 0.269921875 0.025 0.01796875
0 0.4027777777777778 0.268359375 0.027777777777777776 0.01640625
0 0.4826388888888889 0.263671875 0.018055555555555554 0.01015625
0 0.6645833333333333 0.26328125 0.0125 0.0125
0 0.6041666666666666 0.256640625 0.011111111111111112 0.01328125
0 0.5152777777777777 0.258984375 0.027777777777777776 0.01796875
0 0.41458333333333336 0.251953125 0.020833333333333332 0.01015625
0 0.4798611111111111 0.247265625 0.020833333333333332 0.01328125
0 0.5833333333333334 0.234375 0.025 0.0140625
0 0.46458333333333335 0.194921875 0.02361111111111111 0.01171875
0 0.5291666666666667 0.1921875 0.011111111111111112 0.0078125
