0 0.13333333333333333 0.930078125 0.05277777777777778 0.04296875
0 0.2111111111111111 0.91640625 0.05 0.03125
0 0.5861111111111111 0.857421875 0.08055555555555556 0.03203125
0 0.07222222222222222 0.8453125 0.05555555555555555 0.0359375
0 0.1527777777777778 0.788671875 0.016666666666666666 0.01640625
0 0.04791666666666667 0.79296875 0.05416666666666667 0.0375
0 0.1875 0.77734375 0.03611111111111111 0.0265625
0 0.05763888888888889 0.75234375 0.04583333333333333 0.025
0 0.075 0.70078125 0.07777777777777778 0.046875
0 0.13472222222222222 0.687890625 0.041666666666666664 0.02734375
0 0.09097222222222222 0.6265625 0.05694444444444444 0.0359375
0 0.030555555555555555 0.598828125 0.03611111111111111 0.01171875
0 0.7340277777777777 0.6078125 0.07916666666666666 0.040625
0 0.12430555555555556 0.59296875 0.05416666666666667 0.0296875
0 0.18819444444444444 0.576953125 0.03194444444444444 0.01640625
0 0.6951388888888889 0.554296875 0.04583333333333333 0.01484375
0 0.9784722222222222 0.5484375 0.043055555555555555 0.01875
0 0.6388888888888888 0.553515625 0.03611111111111111 0.03671875
0 0.11736111111111111 0.551171875 0.05694444444444444 0.03203125
0 0.09652777777777778 0.531640625 0.05694444444444444 0.02578125
0 0.30069444444444443 0.483203125 0.043055555555555555 0.02265625
0 0.049305555555555554 0.4765625 0.04861111111111111 0.0234375
0 0.2326388888888889 0.4796875 0.09027777777777778 0.053125
0 0.16041666666666668 0.43203125 0.05138888888888889 0.0234375
0 0.8173611111111111 0.408984375 0.03194444444444444 0.01484375
0 0.03125 0.41484375 0.05694444444444444 0.03125
0 0.9805555555555555 0.397265625 0.027777777777777776 0.01015625
0 0.075 0.39609375 0.03333333333333333 0.0171875
0 0.98125 0.359765625 0.03194444444444444 0.02265625
0 0.2923611111111111 0.365234375 0.059722222222222225 0.04296875
0 0.10416666666666667 0.362109375 0.06388888888888888 0.04453125
0 0.006944444444444444 0.31796875 0.011111111111111112 0.003125
0 0.2111111111111111 0.3265625 0.05 0.028125
0 0.09930555555555555 0.283984375 0.0375 0.02578125
0 0.8875 0.266796875 0.025 0.01484375
0 0.11180555555555556 0.2546875 0.0375 0.0234375
0 0.06041666666666667 0.228125 0.12083333333333333 0.0671875
0 0.9340277777777778 0.219140625 0.10972222222222222 0.06953125
0 0.02361111111111111 0.194921875 0.044444444444444446 0.03046875
0 0.049305555555555554 0.161328125 0.09305555555555556 0.04140625
0 0.05625 0.10625 0.10694444444444444 0.05625
0 0.05347222222222222 0.08046875 0.05138888888888889 0.028125
