0 0.6402777777777777 0.811328125 0.030555555555555555 0.01328125
0 0.8256944444444444 0.8125 0.02638888888888889 0.01875
0 0.8256944444444444 0.775390625 0.034722222222222224 0.01328125
0 0.7708333333333334 0.769140625 0.022222222222222223 0.01640625
0 0.7194444444444444 0.7640625 0.019444444444444445 0.0140625
0 0.71875 0.739453125 0.020833333333333332 0.01328125
0 0.6375 0.737890625 0.03611111111111111 0.01171875
0 0.015277777777777777 0.74375 0.025 0.0234375
0 0.5770833333333333 0.73359375 0.020833333333333332 0.0125
0 0.5569444444444445 0.725390625 0.016666666666666666 0.01328125
0 0.6118055555555556 0.720703125 0.015277777777777777 0.01328125
0 0.03263888888888889 0.712109375 0.0375 0.01796875
0 0.6340277777777777 0.691015625 0.02361111111111111 0.00703125
0 0.5965277777777778 0.69609375 0.034722222222222224 0.0234375
0 0.1909722222222222 0.6734375 0.009722222222222222 0.0125
0 0.5680555555555555 0.65546875 0.022222222222222223 0.0234375
0 0.63125 0.628515625 0.02361111111111111 0.01171875
0 0.68125 0.62890625 0.034722222222222224 0.015625
0 0.4847222222222222 0.633203125 0.07222222222222222 0.02421875
0 0.39652777777777776 0.622265625 0.0125 0.01953125
0 0.33958333333333335 0.61796875 0.0125 0.0125
0 0.29930555555555555 0.604296875 0.02638888888888889 0.01015625
0 0.5319444444444444 0.60703125 0.027777777777777776 0.021875
0 0.38125 0.576171875 0.009722222222222222 0.01015625
0 0.5881944444444445 0.573828125 0.0375 0.01171875
0 0.42569444444444443 0.570703125 0.020833333333333332 0.01171875
0 0.23333333333333334 0.541015625 0.022222222222222223 0.01171875
0 0.29375 0.489453125 0.018055555555555554 0.01015625
0 0.8090277777777778 0.481640625 0.015277777777777777 0.01015625
0 0.6173611111111111 0.47578125 0.02638888888888889 0.0125
0 0.58125 0.475 0.029166666666666667 0.0125
0 0.3638888888888889 0.4703125 0.019444444444444445 0.009375
0 0.7916666666666666 0.461328125 0.027777777777777776 0.00703125
0 0.7 0.46171875 0.025 0.0109375
0 0.7958333333333333 0.45234375 0.05555555555555555 0.015625
0 0.6381944444444444 0.43515625 0.029166666666666667 0.015625
0 0.26666666666666666 0.42578125 0.03611111111111111 0.01875
0 0.44166666666666665 0.425 0.030555555555555555 0.021875
0 0.3861111111111111 0.419140625 0.016666666666666666 0.01015625
0 0.21319444444444444 0.416796875 0.0125 0.00703125
0 0.4798611111111111 0.4 0.0125 0.009375
0 0.15486111111111112 0.40078125 0.0625 0.0328125
0 0.2326388888888889 0.38515625 0.02361111111111111 0.0109375
0 0.41388888888888886 0.374609375 0.016666666666666666 0.01171875
0 0.6784722222222223 0.376171875 0.02638888888888889 0.01640625
0 0.6347222222222222 0.36484375 0.027777777777777776 0.0109375
0 0.6590277777777778 0.356640625 0.02361111111111111 0.01328125
0 0.4597222222222222 0.353125 0.011111111111111112 0.00625
0 0.2298611111111111 0.350390625 0.0125 0.00546875
0 0.4222222222222222 0.338671875 0.027777777777777776 0.01484375
0 0.55625 0.329296875 0.015277777777777777 0.00859375
0 0.6118055555555556 0.302734375 0.020833333333333332 0.01328125
0 0.5777777777777777 0.304296875 0.030555555555555555 0.01640625
0 0.4875 0.292578125 0.03333333333333333 0.01171875
0 0.5534722222222223 0.284375 0.02361111111111111 0.0125
0 0.4083333333333333 0.284765625 0.05555555555555555 0.01796875
0 0.46944444444444444 0.27890625 0.019444444444444445 0.015625
0 0.6354166666666666 0.276953125 0.018055555555555554 0.01328125
0 0.5 0.273046875 0.030555555555555555 0.01484375
0 0.4048611111111111 0.269921875 0.018055555555555554 0.01171875
0 0.4722222222222222 0.2625 0.022222222222222223 0.0125
0 0.5611111111111111 0.24921875 0.022222222222222223 0.0125
0 0.44722222222222224 0.211328125 0.022222222222222223 0.01328125
0 0.5444444444444444 0.208984375 0.008333333333333333 0.01015625
0 0.5097222222222222 0.2078125 0.011111111111111112 0.0078125
0 0.5319444444444444 0.184765625 0.022222222222222223 0.00859375
