0 0.8256944444444444 0.74765625 0.06805555555555555 0.0390625
0 0.1486111111111111 0.734375 0.06111111111111111 0.0359375
0 0.07361111111111111 0.729296875 0.06111111111111111 0.03515625
0 0.42083333333333334 0.706640625 0.044444444444444446 0.02890625
0 0.08958333333333333 0.6984375 0.04861111111111111 0.028125
0 0.40625 0.662109375 0.05138888888888889 0.03359375
0 0.2152777777777778 0.67734375 0.10555555555555556 0.0734375
0 0.13125 0.62890625 0.05694444444444444 0.034375
0 0.9875 0.60078125 0.019444444444444445 0.028125
0 0.5541666666666667 0.5859375 0.041666666666666664 0.025
0 0.9034722222222222 0.586328125 0.043055555555555555 0.02734375
0 0.11875 0.585546875 0.05694444444444444 0.02578125
0 0.8388888888888889 0.588671875 0.06111111111111111 0.03828125
0 0.75625 0.582421875 0.0375 0.05390625
0 0.6652777777777777 0.558984375 0.03611111111111111 0.02734375
0 0.7048611111111112 0.5375 0.07083333333333333 0.0375
0 0.6333333333333333 0.49140625 0.027777777777777776 0.0234375
0 0.76875 0.469140625 0.08472222222222223 0.03984375
0 0.9333333333333333 0.428125 0.10555555555555556 0.0671875
0 0.6166666666666667 0.35625 0.03333333333333333 0.0265625
0 0.4965277777777778 0.33203125 0.02638888888888889 0.025
0 0.55 0.32421875 0.08333333333333333 0.05625
0 0.28680555555555554 0.295703125 0.04027777777777778 0.02265625
0 0.7791666666666667 0.27890625 0.030555555555555555 0.015625
0 0.2076388888888889 0.283984375 0.05138888888888889 0.02734375
0 0.46805555555555556 0.2703125 0.03333333333333333 0.0171875
0 0.6097222222222223 0.278125 0.03888888888888889 0.0375
0 0.0625 0.273828125 0.05555555555555555 0.03203125
0 0.6604166666666667 0.269140625 0.05138888888888889 0.02734375
0 0.2708333333333333 0.260546875 0.03611111111111111 0.01796875
0 0.9368055555555556 0.227734375 0.04027777777777778 0.01640625
0 0.1076388888888889 0.235546875 0.05416666666666667 0.03359375
0 0.74375 0.23125 0.059722222222222225 0.0296875
0 0.30069444444444443 0.209765625 0.043055555555555555 0.02421875
0 0.6138888888888889 0.20546875 0.058333333333333334 0.0328125
0 0.13541666666666666 0.201953125 0.05138888888888889 0.02734375
0 0.9354166666666667 0.19765625 0.04861111111111111 0.025
0 0.7645833333333333 0.2 0.08194444444444444 0.034375
0 0.5208333333333334 0.180859375 0.027777777777777776 0.01953125
0 0.3611111111111111 0.1765625 0.03888888888888889 0.025
0 0.45902777777777776 0.18203125 0.0625 0.0421875
0 0.049305555555555554 0.1640625 0.05138888888888889 0.0296875
0 0.5069444444444444 0.15859375 0.03888888888888889 0.021875
0 0.18541666666666667 0.165625 0.10138888888888889 0.04375
0 0.8513888888888889 0.16015625 0.08333333333333333 0.0359375
0 0.6659722222222222 0.141015625 0.0375 0.02265625
0 0.9201388888888888 0.1203125 0.05416666666666667 0.03125
0 0.1875 0.1234375 0.06388888888888888 0.040625
0 0.6791666666666667 0.112109375 0.03888888888888889 0.02578125
0 0.31805555555555554 0.11171875 0.041666666666666664 0.028125
0 0.5541666666666667 0.108203125 0.03333333333333333 0.02421875
0 0.4756944444444444 0.10859375 0.04027777777777778 0.025
0 0.7375 0.096484375 0.027777777777777776 0.01484375
0 0.06180555555555556 0.0953125 0.05694444444444444 0.034375
0 0.7083333333333334 0.080078125 0.03888888888888889 0.02265625
0 0.7486111111111111 0.072265625 0.027777777777777776 0.01796875
0 0.49722222222222223 0.08203125 0.09166666666666666 0.0515625
0 0.5256944444444445 0.0546875 0.02638888888888889 0.021875
0 0.6527777777777778 0.04921875 0.041666666666666664 0.025
0 0.07916666666666666 0.05703125 0.05277777777777778 0.0421875
0 0.5951388888888889 0.03984375 0.04027777777777778 0.021875
0 0.8659722222222223 0.06640625 0.09583333333333334 0.0765625
0 0.36041666666666666 0.053515625 0.09583333333333334 0.05234375
0 0.9576388888888889 0.066015625 0.08472222222222223 0.10703125
0 0.4701388888888889 0.03125 0.0875 0.05
0 0.9583333333333334 0.0078125 0.027777777777777776 0.0140625
