0 0.6041666666666666 0.8078125 0.03611111111111111 0.0328125
0 0.6493055555555556 0.80625 0.04861111111111111 0.0328125
0 0.9527777777777777 0.7609375 0.06388888888888888 0.0234375
0 0.4388888888888889 0.73359375 0.03611111111111111 0.0171875
0 0.5444444444444444 0.733203125 0.03888888888888889 0.03203125
0 0.5951388888888889 0.68515625 0.02361111111111111 0.0140625
0 0.5152777777777777 0.6890625 0.05277777777777778 0.0296875
0 0.6222222222222222 0.6703125 0.022222222222222223 0.015625
0 0.5194444444444445 0.613671875 0.058333333333333334 0.02734375
0 0.5756944444444444 0.601953125 0.03194444444444444 0.01640625
0 0.54375 0.596484375 0.03194444444444444 0.02109375
0 0.3194444444444444 0.5765625 0.03611111111111111 0.021875
0 0.2652777777777778 0.544921875 0.030555555555555555 0.02109375
0 0.5319444444444444 0.537890625 0.03888888888888889 0.01796875
0 0.3784722222222222 0.55 0.07083333333333333 0.0421875
0 0.4201388888888889 0.52734375 0.034722222222222224 0.0171875
0 0.55625 0.51328125 0.03194444444444444 0.021875
0 0.5979166666666667 0.502734375 0.029166666666666667 0.02421875
0 0.33055555555555555 0.476953125 0.09722222222222222 0.03671875
0 0.5451388888888888 0.46796875 0.0625 0.0390625
0 0.3229166666666667 0.43984375 0.04861111111111111 0.0234375
0 0.7041666666666667 0.41171875 0.041666666666666664 0.021875
0 0.39375 0.407421875 0.05138888888888889 0.04140625
0 0.6409722222222223 0.40859375 0.0763888888888889 0.046875
0 0.49930555555555556 0.348828125 0.04861111111111111 0.02265625
0 0.5291666666666667 0.33203125 0.019444444444444445 0.01875
0 0.5270833333333333 0.3046875 0.07083333333333333 0.03125
0 0.6854166666666667 0.30390625 0.05138888888888889 0.0359375
0 0.6173611111111111 0.266015625 0.03194444444444444 0.02109375
0 0.3763888888888889 0.260546875 0.05555555555555555 0.03359375
0 0.5236111111111111 0.2296875 0.044444444444444446 0.028125
0 0.4166666666666667 0.217578125 0.03611111111111111 0.01796875
0 0.5486111111111112 0.2015625 0.03888888888888889 0.0203125
0 0.46944444444444444 0.19296875 0.05277777777777778 0.0296875
0 0.5027777777777778 0.175 0.044444444444444446 0.0265625
0 0.4125 0.16171875 0.03888888888888889 0.025
0 0.5291666666666667 0.157421875 0.03333333333333333 0.02734375
0 0.46111111111111114 0.1484375 0.03333333333333333 0.025
0 0.4791666666666667 0.112890625 0.07777777777777778 0.03671875
0 0.4173611111111111 0.101171875 0.03194444444444444 0.04765625
0 0.4597222222222222 0.07265625 0.044444444444444446 0.028125
0 0.5111111111111111 0.055859375 0.06388888888888888 0.03671875
0 0.4965277777777778 0.034765625 0.034722222222222224 0.02421875
