0 0.5930555555555556 0.6828125 0.05 0.0234375
0 0.3763888888888889 0.67265625 0.019444444444444445 0.0140625
0 0.6548611111111111 0.6390625 0.04583333333333333 0.0265625
0 0.4326388888888889 0.63203125 0.029166666666666667 0.0140625
0 0.22777777777777777 0.626953125 0.03611111111111111 0.01953125
0 0.5472222222222223 0.624609375 0.04722222222222222 0.02890625
0 0.3125 0.60625 0.027777777777777776 0.0140625
0 0.18472222222222223 0.601171875 0.027777777777777776 0.01484375
0 0.3875 0.6 0.03333333333333333 0.0171875
0 0.5576388888888889 0.596875 0.04027777777777778 0.0203125
0 0.30069444444444443 0.5828125 0.034722222222222224 0.0171875
0 0.3548611111111111 0.575 0.05138888888888889 0.0234375
0 0.4361111111111111 0.573046875 0.04722222222222222 0.02734375
0 0.7034722222222223 0.56875 0.029166666666666667 0.021875
0 0.2833333333333333 0.560546875 0.041666666666666664 0.02265625
0 0.6277777777777778 0.556640625 0.05277777777777778 0.03203125
0 0.17222222222222222 0.5359375 0.013888888888888888 0.0078125
0 0.5013888888888889 0.54375 0.04722222222222222 0.0265625
0 0.6902777777777778 0.5296875 0.03888888888888889 0.0234375
0 0.8958333333333334 0.52421875 0.041666666666666664 0.025
0 0.8 0.516015625 0.03611111111111111 0.01640625
0 0.3076388888888889 0.51484375 0.04861111111111111 0.0234375
0 0.9597222222222223 0.51484375 0.06111111111111111 0.025
0 0.7743055555555556 0.490625 0.04583333333333333 0.028125
0 0.6770833333333334 0.483984375 0.034722222222222224 0.01640625
0 0.6131944444444445 0.4859375 0.04583333333333333 0.0234375
0 0.7298611111111111 0.480859375 0.020833333333333332 0.01953125
0 0.022222222222222223 0.476953125 0.025 0.01796875
0 0.5493055555555556 0.478125 0.04027777777777778 0.0234375
0 0.7256944444444444 0.45546875 0.034722222222222224 0.0265625
0 0.9618055555555556 0.44453125 0.04583333333333333 0.0234375
0 0.4013888888888889 0.418359375 0.022222222222222223 0.01328125
0 0.5541666666666667 0.4203125 0.06666666666666667 0.0203125
0 0.5236111111111111 0.39375 0.019444444444444445 0.0109375
0 0.01597222222222222 0.401171875 0.03194444444444444 0.02734375
0 0.04861111111111111 0.3859375 0.041666666666666664 0.0265625
0 0.36736111111111114 0.3765625 0.029166666666666667 0.0171875
0 0.47291666666666665 0.371484375 0.015277777777777777 0.00859375
0 0.4583333333333333 0.3609375 0.019444444444444445 0.00625
0 0.42083333333333334 0.35859375 0.022222222222222223 0.0140625
0 0.2604166666666667 0.3578125 0.043055555555555555 0.028125
0 0.8020833333333334 0.3453125 0.02361111111111111 0.0125
0 0.08263888888888889 0.338671875 0.029166666666666667 0.01171875
0 0.22847222222222222 0.3390625 0.03194444444444444 0.015625
0 0.9138888888888889 0.32734375 0.016666666666666666 0.0140625
0 0.8777777777777778 0.328125 0.025 0.015625
0 0.8993055555555556 0.325 0.018055555555555554 0.0125
0 0.19305555555555556 0.324609375 0.05 0.02734375
0 0.9493055555555555 0.31171875 0.020833333333333332 0.009375
0 0.8680555555555556 0.31171875 0.019444444444444445 0.0140625
0 0.7777777777777778 0.312890625 0.041666666666666664 0.02421875
0 0.38680555555555557 0.30859375 0.03194444444444444 0.0171875
0 0.02638888888888889 0.308984375 0.041666666666666664 0.02421875
0 0.9055555555555556 0.30078125 0.025 0.0109375
0 0.8659722222222223 0.294921875 0.029166666666666667 0.01484375
0 0.9555555555555556 0.283984375 0.030555555555555555 0.01484375
0 0.9923611111111111 0.284375 0.0125 0.025
0 0.27291666666666664 0.273046875 0.029166666666666667 0.01015625
0 0.8340277777777778 0.27265625 0.02638888888888889 0.0171875
0 0.7868055555555555 0.275390625 0.0625 0.03046875
0 0.28194444444444444 0.256640625 0.025 0.00703125
0 0.08194444444444444 0.26328125 0.04722222222222222 0.0296875
0 0.2 0.25546875 0.030555555555555555 0.01875
0 0.7833333333333333 0.25078125 0.027777777777777776 0.0125
0 0.48541666666666666 0.251953125 0.02638888888888889 0.01640625
0 0.3284722222222222 0.253125 0.03194444444444444 0.0203125
0 0.825 0.251171875 0.025 0.02421875
0 0.9472222222222222 0.246875 0.027777777777777776 0.01875
0 0.4305555555555556 0.23984375 0.03333333333333333 0.0171875
0 0.6215277777777778 0.237890625 0.03194444444444444 0.01953125
0 0.9243055555555556 0.239453125 0.020833333333333332 0.02734375
0 0.25833333333333336 0.234375 0.027777777777777776 0.0171875
0 0.5590277777777778 0.233203125 0.029166666666666667 0.01796875
0 0.22291666666666668 0.2265625 0.029166666666666667 0.0125
0 0.3263888888888889 0.233984375 0.1 0.03671875
0 0.6631944444444444 0.21953125 0.034722222222222224 0.01875
0 0.7 0.211328125 0.03333333333333333 0.02109375
0 0.059722222222222225 0.209765625 0.04722222222222222 0.02890625
0 0.5868055555555556 0.205859375 0.034722222222222224 0.02421875
0 0.8173611111111111 0.1984375 0.018055555555555554 0.0109375
0 0.4673611111111111 0.19296875 0.020833333333333332 0.0203125
0 0.35625 0.190234375 0.02361111111111111 0.01796875
0 0.7576388888888889 0.186328125 0.018055555555555554 0.01484375
0 0.7194444444444444 0.186328125 0.03611111111111111 0.02109375
0 0.6451388888888889 0.19921875 0.07916666666666666 0.0484375
0 0.5361111111111111 0.184765625 0.022222222222222223 0.02265625
0 0.7861111111111111 0.17421875 0.041666666666666664 0.015625
0 0.4388888888888889 0.164453125 0.03611111111111111 0.01796875
0 0.7527777777777778 0.163671875 0.03333333333333333 0.02109375
0 0.5138888888888888 0.15078125 0.041666666666666664 0.021875
0 0.03263888888888889 0.14140625 0.04027777777777778 0.028125
0 0.09861111111111111 0.138671875 0.041666666666666664 0.02421875
0 0.059722222222222225 0.11015625 0.07222222222222222 0.0390625
0 0.07708333333333334 0.092578125 0.04027777777777778 0.02578125
0 0.011805555555555555 0.08828125 0.020833333333333332 0.01875
