0 0.5868055555555556 0.851171875 0.04027777777777778 0.03359375
0 0.6395833333333333 0.84609375 0.043055555555555555 0.03125
0 0.9597222222222223 0.79765625 0.06388888888888888 0.0234375
0 0.42569444444444443 0.76953125 0.03194444444444444 0.021875
0 0.5263888888888889 0.773046875 0.03888888888888889 0.03046875
0 0.49930555555555556 0.725 0.04861111111111111 0.028125
0 0.5958333333333333 0.7125 0.05 0.0296875
0 0.5173611111111112 0.640234375 0.10972222222222222 0.04453125
0 0.24583333333333332 0.617578125 0.027777777777777776 0.01796875
0 0.3 0.60859375 0.03611111111111111 0.01875
0 0.23819444444444443 0.5765625 0.034722222222222224 0.021875
0 0.3527777777777778 0.58203125 0.06944444444444445 0.046875
0 0.5194444444444445 0.56796875 0.03333333333333333 0.0203125
0 0.4 0.565625 0.030555555555555555 0.0296875
0 0.5395833333333333 0.544921875 0.034722222222222224 0.02421875
0 0.5861111111111111 0.527734375 0.030555555555555555 0.01640625
0 0.3277777777777778 0.50859375 0.05 0.028125
0 0.27847222222222223 0.501953125 0.04583333333333333 0.02734375
0 0.5263888888888889 0.495703125 0.06388888888888888 0.04453125
0 0.3763888888888889 0.447265625 0.044444444444444446 0.02421875
0 0.6979166666666666 0.44140625 0.034722222222222224 0.0265625
0 0.6270833333333333 0.436328125 0.06527777777777778 0.04765625
0 0.20833333333333334 0.37734375 0.03888888888888889 0.01875
0 0.4826388888888889 0.367578125 0.06805555555555555 0.04140625
0 0.5180555555555556 0.337109375 0.030555555555555555 0.01640625
0 0.4861111111111111 0.33125 0.030555555555555555 0.01875
0 0.6722222222222223 0.326171875 0.058333333333333334 0.03828125
0 0.5277777777777778 0.3171875 0.041666666666666664 0.0203125
0 0.6034722222222222 0.291015625 0.0375 0.02734375
0 0.3472222222222222 0.286328125 0.05555555555555555 0.03203125
0 0.5020833333333333 0.254296875 0.0375 0.02734375
0 0.39444444444444443 0.242578125 0.025 0.01796875
0 0.5256944444444445 0.22734375 0.043055555555555555 0.021875
0 0.38680555555555557 0.1875 0.05416666666666667 0.03125
0 0.4736111111111111 0.199609375 0.1 0.06640625
0 0.43680555555555556 0.17109375 0.03194444444444444 0.025
0 0.4395833333333333 0.12890625 0.11805555555555555 0.0546875
0 0.44166666666666665 0.095703125 0.044444444444444446 0.02421875
0 0.4930555555555556 0.07890625 0.06388888888888888 0.0375
0 0.4722222222222222 0.05859375 0.03333333333333333 0.0265625
