0 0.7875 0.94921875 0.03333333333333333 0.03125
0 0.725 0.944921875 0.03333333333333333 0.02890625
0 0.9215277777777777 0.88046875 0.0625 0.034375
0 0.9875 0.821875 0.022222222222222223 0.0171875
0 0.51875 0.828515625 0.043055555555555555 0.03046875
0 0.1486111111111111 0.81015625 0.075 0.0390625
0 0.5256944444444445 0.796484375 0.05416666666666667 0.03203125
0 0.6958333333333333 0.740234375 0.044444444444444446 0.02109375
0 0.24097222222222223 0.739453125 0.04583333333333333 0.02421875
0 0.6506944444444445 0.73515625 0.04027777777777778 0.021875
0 0.75625 0.733984375 0.029166666666666667 0.02109375
0 0.3625 0.72421875 0.05 0.0296875
0 0.5236111111111111 0.704296875 0.05555555555555555 0.02734375
0 0.6451388888888889 0.696875 0.05138888888888889 0.025
0 0.13680555555555557 0.681640625 0.059722222222222225 0.03046875
0 0.8625 0.66171875 0.030555555555555555 0.015625
0 0.17430555555555555 0.6640625 0.05694444444444444 0.021875
0 0.9118055555555555 0.64296875 0.0375 0.0171875
0 0.36527777777777776 0.644140625 0.05277777777777778 0.03046875
0 0.8791666666666667 0.626171875 0.027777777777777776 0.01484375
0 0.21805555555555556 0.626171875 0.04722222222222222 0.02890625
0 0.10902777777777778 0.60703125 0.02361111111111111 0.0234375
0 0.9888888888888889 0.58984375 0.019444444444444445 0.015625
0 0.2520833333333333 0.597265625 0.06805555555555555 0.03515625
0 0.9416666666666667 0.575 0.030555555555555555 0.0109375
0 0.8986111111111111 0.563671875 0.030555555555555555 0.01640625
0 0.4861111111111111 0.566796875 0.04722222222222222 0.03359375
0 0.6173611111111111 0.560546875 0.03194444444444444 0.02421875
0 0.3298611111111111 0.555859375 0.02361111111111111 0.02890625
0 0.5534722222222223 0.55390625 0.04583333333333333 0.0265625
0 0.6215277777777778 0.52734375 0.043055555555555555 0.0265625
0 0.19444444444444445 0.534765625 0.08055555555555556 0.04453125
0 0.6784722222222223 0.523828125 0.043055555555555555 0.02578125
0 0.5381944444444444 0.51484375 0.020833333333333332 0.021875
0 0.2902777777777778 0.50234375 0.044444444444444446 0.0234375
0 0.6229166666666667 0.501171875 0.04583333333333333 0.02578125
0 0.5083333333333333 0.466015625 0.03888888888888889 0.03203125
0 0.29097222222222224 0.45703125 0.02638888888888889 0.0171875
0 0.4125 0.451953125 0.044444444444444446 0.02265625
0 0.5770833333333333 0.437109375 0.0375 0.01640625
0 0.4625 0.425 0.019444444444444445 0.0140625
0 0.3229166666666667 0.426171875 0.05416666666666667 0.02734375
0 0.42291666666666666 0.421484375 0.03194444444444444 0.01953125
0 0.41180555555555554 0.40234375 0.029166666666666667 0.0203125
0 0.49583333333333335 0.394921875 0.058333333333333334 0.04140625
0 0.4152777777777778 0.365625 0.030555555555555555 0.0203125
0 0.26180555555555557 0.347265625 0.02638888888888889 0.01640625
0 0.4125 0.3125 0.03333333333333333 0.01875
0 0.3659722222222222 0.301953125 0.05138888888888889 0.02578125
0 0.2777777777777778 0.3 0.04722222222222222 0.025
0 0.3104166666666667 0.259375 0.07361111111111111 0.03125
0 0.39652777777777776 0.225390625 0.04027777777777778 0.02265625
0 0.36875 0.191796875 0.043055555555555555 0.02265625
0 0.33958333333333335 0.138671875 0.03194444444444444 0.01484375
