0 0.7465277777777778 0.812890625 0.015277777777777777 0.01953125
0 0.9236111111111112 0.776953125 0.05 0.02578125
0 0.25833333333333336 0.744140625 0.07777777777777778 0.02578125
0 0.1798611111111111 0.735546875 0.05416666666666667 0.02734375
0 0.6972222222222222 0.7234375 0.022222222222222223 0.021875
0 0.1486111111111111 0.70859375 0.058333333333333334 0.0359375
0 0.59375 0.68671875 0.015277777777777777 0.0234375
0 0.29583333333333334 0.67109375 0.05 0.021875
0 0.7104166666666667 0.62734375 0.04027777777777778 0.0125
0 0.53125 0.616796875 0.02361111111111111 0.01953125
0 0.2465277777777778 0.58046875 0.043055555555555555 0.0203125
0 0.20625 0.576953125 0.043055555555555555 0.02578125
0 0.6222222222222222 0.571484375 0.03333333333333333 0.01953125
0 0.5229166666666667 0.558203125 0.029166666666666667 0.01796875
0 0.5881944444444445 0.53828125 0.04027777777777778 0.021875
0 0.53125 0.533203125 0.04861111111111111 0.02890625
0 0.53125 0.508984375 0.02361111111111111 0.01796875
0 0.31875 0.5046875 0.02361111111111111 0.015625
0 0.6034722222222222 0.487890625 0.05694444444444444 0.01484375
0 0.3541666666666667 0.47421875 0.044444444444444446 0.025
0 0.3861111111111111 0.453125 0.04722222222222222 0.028125
0 0.5826388888888889 0.43359375 0.04583333333333333 0.0265625
0 0.5034722222222222 0.426953125 0.043055555555555555 0.01953125
0 0.19791666666666666 0.419140625 0.029166666666666667 0.01953125
0 0.5666666666666667 0.398046875 0.027777777777777776 0.01640625
0 0.63125 0.4 0.059722222222222225 0.0484375
0 0.5541666666666667 0.36328125 0.06944444444444445 0.021875
0 0.3416666666666667 0.35390625 0.025 0.0171875
0 0.5548611111111111 0.342578125 0.04027777777777778 0.01953125
0 0.31180555555555556 0.328125 0.03194444444444444 0.009375
0 0.4111111111111111 0.337109375 0.06944444444444445 0.03515625
0 0.425 0.30703125 0.03333333333333333 0.009375
0 0.6375 0.2859375 0.041666666666666664 0.0265625
0 0.5548611111111111 0.2390625 0.029166666666666667 0.0234375
0 0.40625 0.262890625 0.08194444444444444 0.07265625
0 0.4618055555555556 0.13515625 0.04027777777777778 0.028125
