0 0.8020833333333334 0.732421875 0.03194444444444444 0.02578125
0 0.4284722222222222 0.707421875 0.0625 0.03359375
0 0.46458333333333335 0.695703125 0.03194444444444444 0.01484375
0 0.6333333333333333 0.617578125 0.03333333333333333 0.02421875
0 0.6743055555555556 0.595703125 0.05416666666666667 0.02265625
0 0.7833333333333333 0.548828125 0.022222222222222223 0.01640625
0 0.5430555555555555 0.54609375 0.03888888888888889 0.0265625
0 0.8895833333333333 0.51328125 0.029166666666666667 0.01875
0 0.39305555555555555 0.51484375 0.06111111111111111 0.0265625
0 0.7368055555555556 0.494921875 0.07083333333333333 0.02421875
0 0.8319444444444445 0.4796875 0.05555555555555555 0.0296875
0 0.21875 0.4703125 0.04027777777777778 0.0171875
0 0.8958333333333334 0.477734375 0.08333333333333333 0.04140625
0 0.11875 0.4578125 0.034722222222222224 0.0203125
0 0.9 0.440234375 0.03888888888888889 0.02109375
0 0.9506944444444444 0.43671875 0.029166666666666667 0.0171875
0 0.8604166666666667 0.43046875 0.034722222222222224 0.021875
0 0.10625 0.430078125 0.04583333333333333 0.02421875
0 0.6458333333333334 0.430859375 0.08055555555555556 0.02890625
0 0.1423611111111111 0.419921875 0.04583333333333333 0.02265625
0 0.1638888888888889 0.381640625 0.044444444444444446 0.02734375
0 0.6138888888888889 0.374609375 0.03611111111111111 0.02421875
0 0.07430555555555556 0.348828125 0.04583333333333333 0.02109375
0 0.9888888888888889 0.340625 0.022222222222222223 0.0265625
0 0.11597222222222223 0.323046875 0.020833333333333332 0.01484375
0 0.9631944444444445 0.237890625 0.06805555555555555 0.02734375
0 0.06805555555555555 0.231640625 0.041666666666666664 0.02421875
0 0.49583333333333335 0.226171875 0.04722222222222222 0.04609375
0 0.011111111111111112 0.219921875 0.022222222222222223 0.03515625
0 0.9944444444444445 0.1625 0.011111111111111112 0.028125
0 0.08125 0.153515625 0.0375 0.01953125
0 0.04375 0.154296875 0.034722222222222224 0.02421875
0 0.4861111111111111 0.1203125 0.04722222222222222 0.015625
0 0.4236111111111111 0.08671875 0.05277777777777778 0.046875
0 0.3548611111111111 0.06796875 0.04861111111111111 0.03125
