0 0.6798611111111111 0.659765625 0.05416666666666667 0.03359375
0 0.8270833333333333 0.649609375 0.0375 0.02890625
0 0.5923611111111111 0.565234375 0.07361111111111111 0.02421875
0 0.9923611111111111 0.555078125 0.015277777777777777 0.02734375
0 0.8375 0.5515625 0.058333333333333334 0.025
0 0.6791666666666667 0.5453125 0.07222222222222222 0.053125
0 0.575 0.526171875 0.041666666666666664 0.02421875
0 0.5763888888888888 0.48984375 0.09722222222222222 0.046875
0 0.6645833333333333 0.466796875 0.08194444444444444 0.04765625
0 0.7548611111111111 0.455859375 0.06527777777777778 0.03203125
0 0.5791666666666667 0.4421875 0.07222222222222222 0.0390625
0 0.6409722222222223 0.423046875 0.059722222222222225 0.03359375
0 0.6104166666666667 0.34453125 0.07083333333333333 0.040625
0 0.6152777777777778 0.239453125 0.09722222222222222 0.07421875
0 0.7743055555555556 0.03125 0.05694444444444444 0.0296875
0 0.9173611111111111 0.03359375 0.08194444444444444 0.0515625
0 0.8638888888888889 0.015234375 0.05555555555555555 0.02734375
