0 0.8666666666666667 0.631640625 0.041666666666666664 0.02265625
0 0.7340277777777777 0.61953125 0.04583333333333333 0.021875
0 0.6034722222222222 0.601953125 0.043055555555555555 0.02734375
0 0.6145833333333334 0.573828125 0.02361111111111111 0.02265625
0 0.9513888888888888 0.548828125 0.04722222222222222 0.02578125
0 0.6347222222222222 0.53671875 0.019444444444444445 0.025
0 0.8479166666666667 0.528125 0.029166666666666667 0.01875
0 0.8826388888888889 0.51796875 0.0375 0.0234375
0 0.7625 0.51640625 0.06666666666666667 0.0328125
0 0.9541666666666667 0.50546875 0.016666666666666666 0.0140625
0 0.5555555555555556 0.507421875 0.025 0.02109375
0 0.31180555555555556 0.492578125 0.04027777777777778 0.02421875
0 0.9888888888888889 0.476953125 0.022222222222222223 0.02265625
0 0.5055555555555555 0.461328125 0.025 0.01640625
0 0.9180555555555555 0.455859375 0.030555555555555555 0.01484375
0 0.4847222222222222 0.4484375 0.030555555555555555 0.0171875
0 0.8 0.445703125 0.027777777777777776 0.01328125
0 0.19236111111111112 0.437109375 0.03194444444444444 0.01171875
0 0.8854166666666666 0.3515625 0.02638888888888889 0.009375
0 0.8951388888888889 0.298046875 0.05416666666666667 0.03984375
0 0.84375 0.153515625 0.015277777777777777 0.01328125
0 0.7465277777777778 0.161328125 0.059722222222222225 0.03828125
