0 0.8444444444444444 0.876171875 0.044444444444444446 0.02421875
0 0.8861111111111111 0.871484375 0.025 0.01953125
0 0.9201388888888888 0.816796875 0.059722222222222225 0.04921875
0 0.9020833333333333 0.76328125 0.05416666666666667 0.0203125
0 0.6881944444444444 0.707421875 0.04861111111111111 0.02890625
0 0.4618055555555556 0.7109375 0.07916666666666666 0.0359375
0 0.8756944444444444 0.701953125 0.04027777777777778 0.02265625
0 0.18194444444444444 0.70234375 0.05 0.0296875
0 0.5409722222222222 0.696875 0.0375 0.021875
0 0.5138888888888888 0.683203125 0.016666666666666666 0.01796875
0 0.9763888888888889 0.680078125 0.044444444444444446 0.03046875
0 0.10138888888888889 0.658203125 0.03333333333333333 0.01484375
0 0.6048611111111111 0.651953125 0.029166666666666667 0.02109375
0 0.9409722222222222 0.636328125 0.03194444444444444 0.02109375
0 0.5041666666666667 0.624609375 0.041666666666666664 0.01171875
0 0.9722222222222222 0.60703125 0.05277777777777778 0.0296875
0 0.56875 0.608203125 0.059722222222222225 0.03203125
0 0.4076388888888889 0.596484375 0.05416666666666667 0.03203125
0 0.9215277777777777 0.573828125 0.0375 0.01953125
0 0.5479166666666667 0.570703125 0.02361111111111111 0.01953125
0 0.9611111111111111 0.55859375 0.022222222222222223 0.0171875
0 0.44722222222222224 0.553515625 0.05555555555555555 0.02109375
0 0.9847222222222223 0.540234375 0.030555555555555555 0.02578125
0 0.3763888888888889 0.530078125 0.05 0.02421875
0 0.5486111111111112 0.519921875 0.06666666666666667 0.02734375
0 0.2625 0.51328125 0.05277777777777778 0.0265625
0 0.19722222222222222 0.5078125 0.05277777777777778 0.0265625
0 0.4930555555555556 0.492578125 0.05555555555555555 0.03046875
0 0.9833333333333333 0.48828125 0.03333333333333333 0.0359375
0 0.5611111111111111 0.462890625 0.03888888888888889 0.02578125
0 0.18680555555555556 0.458984375 0.04861111111111111 0.02578125
0 0.69375 0.441796875 0.029166666666666667 0.01484375
0 0.10833333333333334 0.448046875 0.06111111111111111 0.03046875
0 0.34305555555555556 0.433203125 0.05 0.02578125
0 0.7215277777777778 0.425390625 0.03194444444444444 0.01953125
0 0.9645833333333333 0.420703125 0.02361111111111111 0.01484375
0 0.8138888888888889 0.426171875 0.058333333333333334 0.04140625
0 0.7701388888888889 0.4015625 0.04027777777777778 0.01875
0 0.3236111111111111 0.40078125 0.08611111111111111 0.03125
0 0.8916666666666667 0.394140625 0.05 0.02109375
0 0.8173611111111111 0.389453125 0.034722222222222224 0.01640625
0 0.2520833333333333 0.391015625 0.05416666666666667 0.04453125
0 0.4465277777777778 0.382421875 0.07916666666666666 0.02890625
0 0.19027777777777777 0.354296875 0.03888888888888889 0.01484375
0 0.9152777777777777 0.3609375 0.06111111111111111 0.05
0 0.32708333333333334 0.332421875 0.05138888888888889 0.02578125
0 0.37569444444444444 0.330859375 0.0375 0.02421875
0 0.16805555555555557 0.318359375 0.058333333333333334 0.03515625
0 0.4284722222222222 0.273828125 0.05416666666666667 0.03046875
0 0.4826388888888889 0.2609375 0.043055555555555555 0.0265625
0 0.4479166666666667 0.244921875 0.04583333333333333 0.03203125
0 0.35833333333333334 0.233203125 0.06111111111111111 0.04921875
0 0.5854166666666667 0.217578125 0.04861111111111111 0.02890625
0 0.47152777777777777 0.140234375 0.02638888888888889 0.01953125
0 0.32916666666666666 0.13515625 0.05555555555555555 0.021875
0 0.3729166666666667 0.1265625 0.018055555555555554 0.01875
0 0.425 0.133984375 0.06388888888888888 0.04296875
0 0.35347222222222224 0.0859375 0.04583333333333333 0.0328125
