0 0.39861111111111114 0.785546875 0.03888888888888889 0.02109375
0 0.44930555555555557 0.773046875 0.04027777777777778 0.02109375
0 0.3375 0.719140625 0.03888888888888889 0.02734375
0 0.2152777777777778 0.66875 0.022222222222222223 0.015625
0 0.1076388888888889 0.662109375 0.043055555555555555 0.02734375
0 0.24583333333333332 0.65390625 0.04722222222222222 0.0171875
0 0.8958333333333334 0.64453125 0.03888888888888889 0.0234375
0 0.94375 0.637109375 0.02638888888888889 0.01015625
0 0.9868055555555556 0.63203125 0.02638888888888889 0.01875
0 0.38680555555555557 0.623828125 0.034722222222222224 0.01640625
0 0.8138888888888889 0.623046875 0.04722222222222222 0.03203125
0 0.8902777777777777 0.612109375 0.027777777777777776 0.01328125
0 0.21666666666666667 0.608984375 0.05 0.01796875
0 0.2881944444444444 0.61796875 0.043055555555555555 0.0421875
0 0.15208333333333332 0.6015625 0.03194444444444444 0.015625
0 0.18680555555555556 0.59140625 0.03194444444444444 0.01875
0 0.05625 0.587890625 0.02361111111111111 0.01640625
0 0.9194444444444444 0.587109375 0.05 0.02109375
0 0.9715277777777778 0.531640625 0.05694444444444444 0.02734375
0 0.16458333333333333 0.526171875 0.034722222222222224 0.02421875
0 0.29444444444444445 0.51484375 0.04722222222222222 0.021875
0 0.9951388888888889 0.500390625 0.009722222222222222 0.02421875
0 0.3145833333333333 0.485546875 0.043055555555555555 0.02734375
0 0.99375 0.46328125 0.0125 0.021875
0 0.2465277777777778 0.465625 0.09583333333333334 0.04375
0 0.18611111111111112 0.458203125 0.03888888888888889 0.03046875
