0 0.32569444444444445 0.8609375 0.0625 0.0359375
0 0.6083333333333333 0.8515625 0.05277777777777778 0.025
0 0.5451388888888888 0.84921875 0.05416666666666667 0.021875
0 0.6125 0.828515625 0.022222222222222223 0.01953125
0 0.016666666666666666 0.79375 0.030555555555555555 0.01875
0 0.40347222222222223 0.787890625 0.034722222222222224 0.02421875
0 0.4736111111111111 0.77578125 0.016666666666666666 0.0109375
0 0.014583333333333334 0.7671875 0.029166666666666667 0.0234375
0 0.6958333333333333 0.73671875 0.075 0.0234375
0 0.5784722222222223 0.709765625 0.02361111111111111 0.02109375
0 0.5402777777777777 0.708984375 0.044444444444444446 0.01953125
0 0.011805555555555555 0.70234375 0.020833333333333332 0.0125
0 0.38819444444444445 0.709375 0.05138888888888889 0.0328125
0 0.8340277777777778 0.691796875 0.04861111111111111 0.01953125
0 0.42291666666666666 0.66875 0.0625 0.034375
0 0.6888888888888889 0.623046875 0.016666666666666666 0.00859375
0 0.014583333333333334 0.62734375 0.02638888888888889 0.0203125
0 0.16527777777777777 0.5765625 0.030555555555555555 0.015625
0 0.42430555555555555 0.56953125 0.059722222222222225 0.0328125
0 0.23541666666666666 0.560546875 0.04583333333333333 0.02265625
0 0.7347222222222223 0.55703125 0.03611111111111111 0.01875
0 0.18125 0.541796875 0.02361111111111111 0.01953125
0 0.2013888888888889 0.524609375 0.025 0.01171875
0 0.16527777777777777 0.519140625 0.041666666666666664 0.02265625
0 0.7881944444444444 0.473046875 0.05694444444444444 0.01484375
0 0.40555555555555556 0.465625 0.03888888888888889 0.0234375
0 0.45694444444444443 0.35234375 0.022222222222222223 0.01875
0 0.4048611111111111 0.083984375 0.059722222222222225 0.04765625
