0 0.6416666666666667 0.9296875 0.058333333333333334 0.0421875
0 0.6555555555555556 0.847265625 0.075 0.04453125
0 0.8527777777777777 0.78515625 0.03611111111111111 0.0140625
0 0.12152777777777778 0.768359375 0.05138888888888889 0.02890625
0 0.6034722222222222 0.743359375 0.043055555555555555 0.01640625
0 0.049305555555555554 0.740625 0.043055555555555555 0.0140625
0 0.5965277777777778 0.69296875 0.04583333333333333 0.0265625
0 0.28194444444444444 0.677734375 0.058333333333333334 0.02578125
0 0.21597222222222223 0.6375 0.04027777777777778 0.0171875
0 0.8354166666666667 0.632421875 0.02361111111111111 0.01796875
0 0.5590277777777778 0.631640625 0.04583333333333333 0.02890625
0 0.41805555555555557 0.600390625 0.03333333333333333 0.01796875
0 0.37083333333333335 0.561328125 0.03611111111111111 0.01953125
0 0.24097222222222223 0.54921875 0.029166666666666667 0.015625
0 0.9534722222222223 0.54296875 0.043055555555555555 0.0265625
0 0.6152777777777778 0.533984375 0.03611111111111111 0.01796875
0 0.5041666666666667 0.52890625 0.03611111111111111 0.0140625
0 0.7347222222222223 0.519921875 0.025 0.01484375
0 0.45902777777777776 0.5203125 0.034722222222222224 0.0234375
0 0.12152777777777778 0.517578125 0.04027777777777778 0.02265625
0 0.9847222222222223 0.516796875 0.025 0.02734375
0 0.6944444444444444 0.511328125 0.027777777777777776 0.01953125
0 0.3145833333333333 0.512109375 0.02638888888888889 0.02421875
0 0.2361111111111111 0.50703125 0.019444444444444445 0.015625
0 0.26875 0.48984375 0.04583333333333333 0.01875
0 0.5604166666666667 0.48671875 0.018055555555555554 0.0265625
0 0.3284722222222222 0.470703125 0.04861111111111111 0.02421875
0 0.37083333333333335 0.45859375 0.06111111111111111 0.0328125
0 0.28125 0.451953125 0.043055555555555555 0.02109375
0 0.6798611111111111 0.448828125 0.05694444444444444 0.02421875
0 0.2951388888888889 0.4234375 0.04583333333333333 0.01875
0 0.3541666666666667 0.376953125 0.041666666666666664 0.02734375
0 0.5861111111111111 0.36875 0.03333333333333333 0.0203125
0 0.4513888888888889 0.36640625 0.03611111111111111 0.0203125
0 0.5125 0.370703125 0.07777777777777778 0.04296875
0 0.4263888888888889 0.352734375 0.044444444444444446 0.01328125
0 0.4888888888888889 0.3296875 0.041666666666666664 0.0234375
0 0.6666666666666666 0.3265625 0.05 0.0234375
0 0.46597222222222223 0.304296875 0.029166666666666667 0.01796875
0 0.5763888888888888 0.295703125 0.041666666666666664 0.02265625
0 0.6305555555555555 0.29375 0.05 0.0265625
0 0.37777777777777777 0.28828125 0.05 0.025
0 0.34930555555555554 0.2671875 0.034722222222222224 0.0203125
0 0.4263888888888889 0.2625 0.03333333333333333 0.01875
0 0.5270833333333333 0.276953125 0.05694444444444444 0.05078125
0 0.5118055555555555 0.228515625 0.029166666666666667 0.01796875
0 0.42430555555555555 0.22578125 0.06527777777777778 0.015625
0 0.4618055555555556 0.208984375 0.02361111111111111 0.02890625
0 0.3736111111111111 0.203125 0.03888888888888889 0.021875
0 0.4125 0.198046875 0.03611111111111111 0.01953125
0 0.44513888888888886 0.17734375 0.04027777777777778 0.0203125
0 0.5756944444444444 0.173828125 0.0375 0.02265625
0 0.3972222222222222 0.16875 0.044444444444444446 0.025
0 0.4861111111111111 0.14375 0.041666666666666664 0.021875
0 0.47638888888888886 0.093359375 0.041666666666666664 0.02109375
0 0.5340277777777778 0.07265625 0.04583333333333333 0.0296875
