0 0.39305555555555555 0.980078125 0.025 0.02265625
0 0.20347222222222222 0.981640625 0.06527777777777778 0.03671875
0 0.11319444444444444 0.973828125 0.04861111111111111 0.02421875
0 0.7895833333333333 0.96328125 0.05138888888888889 0.03125
0 0.8430555555555556 0.928125 0.05277777777777778 0.021875
0 0.7159722222222222 0.93125 0.059722222222222225 0.0328125
0 0.6263888888888889 0.914453125 0.04722222222222222 0.02734375
0 0.5729166666666666 0.886328125 0.04861111111111111 0.03046875
0 0.8083333333333333 0.88125 0.04722222222222222 0.028125
0 0.7145833333333333 0.858984375 0.043055555555555555 0.03203125
0 0.6090277777777777 0.853515625 0.059722222222222225 0.03359375
0 0.34930555555555554 0.84453125 0.034722222222222224 0.021875
0 0.7534722222222222 0.84140625 0.029166666666666667 0.0203125
0 0.8145833333333333 0.826953125 0.015277777777777777 0.01015625
0 0.7284722222222222 0.809375 0.04583333333333333 0.015625
0 0.37083333333333335 0.784375 0.03611111111111111 0.015625
0 0.7048611111111112 0.77109375 0.0375 0.021875
0 0.24861111111111112 0.76875 0.05277777777777778 0.0359375
0 0.20208333333333334 0.75390625 0.043055555555555555 0.01875
0 0.6604166666666667 0.75078125 0.0375 0.0234375
0 0.30416666666666664 0.733203125 0.030555555555555555 0.01171875
0 0.5104166666666666 0.721484375 0.029166666666666667 0.02578125
0 0.6673611111111111 0.70234375 0.02638888888888889 0.0171875
0 0.6027777777777777 0.70390625 0.05 0.025
0 0.7118055555555556 0.70390625 0.04861111111111111 0.03125
0 0.21180555555555555 0.69296875 0.02638888888888889 0.0171875
0 0.3840277777777778 0.690625 0.0625 0.0265625
0 0.6763888888888889 0.674609375 0.027777777777777776 0.01953125
0 0.34097222222222223 0.66640625 0.059722222222222225 0.03125
0 0.25277777777777777 0.64921875 0.044444444444444446 0.0203125
0 0.3902777777777778 0.621484375 0.013888888888888888 0.01171875
0 0.6631944444444444 0.621484375 0.04583333333333333 0.03046875
0 0.2673611111111111 0.6 0.02638888888888889 0.025
0 0.38472222222222224 0.591796875 0.05555555555555555 0.02265625
0 0.32083333333333336 0.589453125 0.041666666666666664 0.02265625
0 0.6965277777777777 0.575 0.05138888888888889 0.0234375
0 0.5951388888888889 0.56875 0.09027777777777778 0.0421875
0 0.74375 0.545703125 0.0375 0.01484375
0 0.38472222222222224 0.548046875 0.041666666666666664 0.01953125
0 0.28402777777777777 0.540234375 0.02361111111111111 0.01953125
0 0.2520833333333333 0.51328125 0.0125 0.0109375
0 0.3 0.5015625 0.013888888888888888 0.0078125
0 0.6138888888888889 0.50546875 0.05277777777777778 0.0390625
0 0.3770833333333333 0.479296875 0.04027777777777778 0.01953125
0 0.22708333333333333 0.479296875 0.03194444444444444 0.02109375
0 0.3326388888888889 0.46015625 0.034722222222222224 0.021875
0 0.4111111111111111 0.449609375 0.03888888888888889 0.01484375
0 0.2743055555555556 0.4390625 0.018055555555555554 0.009375
0 0.20625 0.441015625 0.020833333333333332 0.01328125
0 0.3541666666666667 0.432421875 0.06388888888888888 0.02109375
0 0.2847222222222222 0.396484375 0.019444444444444445 0.01171875
0 0.5493055555555556 0.400390625 0.05138888888888889 0.02890625
0 0.39791666666666664 0.39140625 0.04861111111111111 0.028125
0 0.42083333333333334 0.36328125 0.05277777777777778 0.0296875
0 0.47291666666666665 0.35078125 0.029166666666666667 0.009375
0 0.5354166666666667 0.3359375 0.07083333333333333 0.0171875
0 0.4597222222222222 0.315625 0.05277777777777778 0.021875
0 0.41597222222222224 0.3265625 0.04583333333333333 0.0453125
0 0.5986111111111111 0.28671875 0.06388888888888888 0.0359375
0 0.4486111111111111 0.283984375 0.05 0.03203125
0 0.5395833333333333 0.269140625 0.043055555555555555 0.01171875
0 0.6569444444444444 0.223046875 0.06111111111111111 0.03828125
0 0.5527777777777778 0.1953125 0.05 0.0234375
