0 0.7326388888888888 0.715625 0.06805555555555555 0.0296875
0 0.9166666666666666 0.696484375 0.1 0.06484375
0 0.43472222222222223 0.61953125 0.075 0.025
0 0.44305555555555554 0.593359375 0.041666666666666664 0.02421875
0 0.8604166666666667 0.542578125 0.09305555555555556 0.03359375
0 0.2625 0.483984375 0.03333333333333333 0.01328125
0 0.9027777777777778 0.47265625 0.06666666666666667 0.03125
0 0.9534722222222223 0.433984375 0.04861111111111111 0.03203125
0 0.9361111111111111 0.41015625 0.022222222222222223 0.009375
0 0.26319444444444445 0.373046875 0.0375 0.01328125
0 0.7756944444444445 0.3765625 0.043055555555555555 0.021875
0 0.9006944444444445 0.303125 0.05694444444444444 0.0265625
0 0.9756944444444444 0.296875 0.04583333333333333 0.0328125
0 0.9256944444444445 0.27734375 0.05138888888888889 0.0265625
0 0.9888888888888889 0.25859375 0.022222222222222223 0.01875
0 0.9611111111111111 0.222265625 0.075 0.05703125
