0 0.8270833333333333 0.612109375 0.043055555555555555 0.03671875
0 0.90625 0.6140625 0.09861111111111111 0.0578125
0 0.9402777777777778 0.54765625 0.05277777777777778 0.0421875
0 0.7659722222222223 0.420703125 0.043055555555555555 0.02265625
0 0.5784722222222223 0.340625 0.043055555555555555 0.0328125
0 0.8208333333333333 0.327734375 0.06111111111111111 0.03203125
0 0.26666666666666666 0.3015625 0.025 0.0140625
0 0.8631944444444445 0.3 0.04027777777777778 0.01875
0 0.8173611111111111 0.299609375 0.03194444444444444 0.01953125
0 0.8916666666666667 0.278125 0.041666666666666664 0.021875
0 0.8472222222222222 0.274609375 0.027777777777777776 0.01484375
0 0.9791666666666666 0.22890625 0.03888888888888889 0.03125
0 0.8215277777777777 0.201171875 0.0625 0.02890625
0 0.9694444444444444 0.11953125 0.06111111111111111 0.0359375
