0 0.33055555555555555 0.95 0.03611111111111111 0.0234375
0 0.9597222222222223 0.9359375 0.027777777777777776 0.021875
0 0.7743055555555556 0.914453125 0.05694444444444444 0.02421875
0 0.78125 0.890625 0.034722222222222224 0.0203125
0 0.575 0.858984375 0.016666666666666666 0.01640625
0 0.8979166666666667 0.844140625 0.020833333333333332 0.01484375
0 0.18125 0.832421875 0.12638888888888888 0.04140625
0 0.6201388888888889 0.817578125 0.02361111111111111 0.01640625
0 0.9277777777777778 0.7671875 0.025 0.0125
0 0.6104166666666667 0.766015625 0.029166666666666667 0.01640625
0 0.8027777777777778 0.7390625 0.016666666666666666 0.0125
0 0.6951388888888889 0.7234375 0.02361111111111111 0.0125
0 0.09791666666666667 0.6484375 0.043055555555555555 0.034375
0 0.15625 0.641796875 0.05694444444444444 0.02265625
0 0.41388888888888886 0.62890625 0.06111111111111111 0.028125
0 0.3368055555555556 0.62109375 0.04027777777777778 0.028125
0 0.8902777777777777 0.6 0.025 0.01875
0 0.84375 0.59296875 0.04027777777777778 0.03125
0 0.5138888888888888 0.586328125 0.08333333333333333 0.03046875
0 0.06527777777777778 0.58046875 0.058333333333333334 0.01875
0 0.31875 0.56796875 0.03194444444444444 0.0234375
0 0.35625 0.5421875 0.05138888888888889 0.0328125
0 0.6236111111111111 0.5328125 0.075 0.0453125
0 0.20625 0.5203125 0.059722222222222225 0.0390625
0 0.50625 0.512109375 0.0763888888888889 0.02734375
0 0.8791666666666667 0.487890625 0.03888888888888889 0.01796875
0 0.8076388888888889 0.48125 0.07083333333333333 0.0359375
0 0.32916666666666666 0.4734375 0.05555555555555555 0.028125
0 0.7430555555555556 0.466015625 0.06666666666666667 0.03359375
0 0.5284722222222222 0.456640625 0.059722222222222225 0.03046875
0 0.4076388888888889 0.431640625 0.034722222222222224 0.02421875
0 0.8777777777777778 0.415625 0.05 0.0234375
0 0.32569444444444445 0.419140625 0.10972222222222222 0.06953125
0 0.15902777777777777 0.387109375 0.07916666666666666 0.03359375
0 0.8451388888888889 0.3859375 0.05694444444444444 0.034375
0 0.7395833333333334 0.36171875 0.034722222222222224 0.021875
0 0.26458333333333334 0.364453125 0.07916666666666666 0.04921875
0 0.11458333333333333 0.34375 0.07916666666666666 0.0484375
0 0.7 0.32421875 0.041666666666666664 0.0203125
0 0.5729166666666666 0.328125 0.1125 0.0390625
0 0.3451388888888889 0.30625 0.08472222222222223 0.0484375
0 0.6631944444444444 0.28828125 0.05694444444444444 0.0296875
0 0.0375 0.299609375 0.07222222222222222 0.06015625
0 0.9493055555555555 0.288671875 0.0763888888888889 0.03984375
0 0.3729166666666667 0.265234375 0.02361111111111111 0.00703125
0 0.9902777777777778 0.255078125 0.019444444444444445 0.01640625
0 0.325 0.258984375 0.03333333333333333 0.02421875
0 0.7395833333333334 0.243359375 0.05694444444444444 0.02265625
0 0.11944444444444445 0.250390625 0.05277777777777778 0.04140625
0 0.2611111111111111 0.241015625 0.07222222222222222 0.03515625
0 0.5243055555555556 0.23046875 0.15694444444444444 0.0578125
0 0.7666666666666667 0.220703125 0.11666666666666667 0.05234375
0 0.017361111111111112 0.196875 0.034722222222222224 0.034375
0 0.014583333333333334 0.123828125 0.02361111111111111 0.02421875
0 0.6770833333333334 0.140234375 0.09305555555555556 0.08984375
0 0.8506944444444444 0.1234375 0.10972222222222222 0.08125
0 0.3645833333333333 0.065234375 0.0375 0.01796875
0 0.13125 0.10703125 0.21805555555555556 0.115625
0 0.42083333333333334 0.04921875 0.041666666666666664 0.021875
0 0.47708333333333336 0.042578125 0.043055555555555555 0.02421875
0 0.9131944444444444 0.056640625 0.10138888888888889 0.06015625
0 0.37916666666666665 0.03359375 0.06388888888888888 0.034375
0 0.08680555555555555 0.01484375 0.043055555555555555 0.0203125
0 0.5451388888888888 0.008984375 0.02361111111111111 0.01640625
0 0.4125 0.012890625 0.044444444444444446 0.02421875
0 0.3173611111111111 0.005078125 0.043055555555555555 0.00859375
