0 0.9430555555555555 0.75 0.03888888888888889 0.0265625
0 0.32013888888888886 0.724609375 0.09305555555555556 0.03984375
0 0.9506944444444444 0.6890625 0.0625 0.0265625
0 0.7326388888888888 0.6890625 0.059722222222222225 0.034375
0 0.7256944444444444 0.650390625 0.04861111111111111 0.03046875
0 0.15208333333333332 0.625390625 0.029166666666666667 0.02421875
0 0.8805555555555555 0.615625 0.03888888888888889 0.0125
0 0.13194444444444445 0.608984375 0.027777777777777776 0.01640625
0 0.5215277777777778 0.611328125 0.04027777777777778 0.03203125
0 0.48125 0.58984375 0.03194444444444444 0.0125
0 0.5083333333333333 0.568359375 0.075 0.02421875
0 0.7923611111111111 0.556640625 0.03194444444444444 0.01953125
0 0.2722222222222222 0.5546875 0.05277777777777778 0.015625
0 0.9527777777777777 0.55546875 0.04722222222222222 0.0203125
0 0.9333333333333333 0.53671875 0.03333333333333333 0.0171875
0 0.25069444444444444 0.501953125 0.018055555555555554 0.01015625
0 0.9638888888888889 0.48515625 0.03333333333333333 0.0203125
0 0.8791666666666667 0.473828125 0.030555555555555555 0.01796875
0 0.44722222222222224 0.470703125 0.041666666666666664 0.02421875
0 0.24444444444444444 0.46640625 0.027777777777777776 0.0203125
0 0.07083333333333333 0.46953125 0.058333333333333334 0.0265625
0 0.29097222222222224 0.47109375 0.04583333333333333 0.053125
0 0.5055555555555555 0.444921875 0.041666666666666664 0.01796875
0 0.45069444444444445 0.424609375 0.020833333333333332 0.01015625
0 0.5291666666666667 0.424609375 0.041666666666666664 0.02421875
0 0.16944444444444445 0.4046875 0.027777777777777776 0.0140625
0 0.32569444444444445 0.4015625 0.04027777777777778 0.0265625
0 0.42291666666666666 0.38828125 0.020833333333333332 0.0109375
0 0.2548611111111111 0.387109375 0.03194444444444444 0.01640625
0 0.3034722222222222 0.33984375 0.05138888888888889 0.028125
0 0.4125 0.331640625 0.030555555555555555 0.02421875
0 0.23680555555555555 0.323046875 0.05694444444444444 0.02890625
0 0.3861111111111111 0.30390625 0.041666666666666664 0.0203125
0 0.3548611111111111 0.300390625 0.03194444444444444 0.01640625
0 0.4861111111111111 0.270703125 0.013888888888888888 0.01328125
0 0.34930555555555554 0.27265625 0.04583333333333333 0.0265625
0 0.5118055555555555 0.251953125 0.029166666666666667 0.01484375
0 0.4576388888888889 0.2359375 0.03194444444444444 0.0140625
0 0.27152777777777776 0.24609375 0.08472222222222223 0.034375
0 0.39652777777777776 0.237890625 0.09027777777777778 0.03046875
0 0.42430555555555555 0.20546875 0.0375 0.0328125
0 0.22291666666666668 0.1953125 0.043055555555555555 0.0234375
0 0.3326388888888889 0.155078125 0.09583333333333334 0.03203125
0 0.44027777777777777 0.041796875 0.05555555555555555 0.03203125
