0 0.15208333333333332 0.680078125 0.04027777777777778 0.01953125
0 0.16597222222222222 0.642578125 0.018055555555555554 0.01796875
0 0.22083333333333333 0.64453125 0.05 0.028125
0 0.05555555555555555 0.626953125 0.03333333333333333 0.02109375
0 0.5631944444444444 0.60546875 0.0625 0.0296875
0 0.9375 0.599609375 0.05277777777777778 0.02890625
0 0.021527777777777778 0.594140625 0.034722222222222224 0.02421875
0 0.8048611111111111 0.587109375 0.0375 0.01953125
0 0.5055555555555555 0.5796875 0.04722222222222222 0.028125
0 0.7791666666666667 0.576171875 0.04722222222222222 0.03046875
0 0.6881944444444444 0.580078125 0.07916666666666666 0.03828125
0 0.9743055555555555 0.5703125 0.034722222222222224 0.0203125
0 0.010416666666666666 0.5546875 0.018055555555555554 0.015625
0 0.4736111111111111 0.5484375 0.06111111111111111 0.028125
0 0.7972222222222223 0.534765625 0.044444444444444446 0.01953125
0 0.02013888888888889 0.525390625 0.04027777777777778 0.02734375
0 0.2875 0.501171875 0.03333333333333333 0.01015625
0 0.06666666666666667 0.48984375 0.030555555555555555 0.0125
0 0.2604166666666667 0.4796875 0.029166666666666667 0.015625
0 0.6041666666666666 0.479296875 0.041666666666666664 0.01640625
0 0.5215277777777778 0.464453125 0.03194444444444444 0.01640625
0 0.7555555555555555 0.457421875 0.03333333333333333 0.01015625
0 0.02361111111111111 0.45859375 0.03888888888888889 0.0234375
0 0.4375 0.45859375 0.025 0.028125
0 0.30833333333333335 0.44140625 0.03888888888888889 0.0203125
0 0.7069444444444445 0.448046875 0.058333333333333334 0.03515625
0 0.35 0.439453125 0.03333333333333333 0.01796875
0 0.2111111111111111 0.432421875 0.03888888888888889 0.03046875
0 0.17916666666666667 0.410546875 0.03611111111111111 0.01796875
0 0.7041666666666667 0.39375 0.03888888888888889 0.021875
0 0.6534722222222222 0.393359375 0.04861111111111111 0.02109375
0 0.21805555555555556 0.394140625 0.08888888888888889 0.03203125
0 0.8041666666666667 0.37890625 0.027777777777777776 0.0203125
0 0.3923611111111111 0.367578125 0.05138888888888889 0.03671875
0 0.3541666666666667 0.3546875 0.027777777777777776 0.0171875
0 0.27708333333333335 0.35078125 0.0375 0.0140625
0 0.20347222222222222 0.351171875 0.043055555555555555 0.01953125
0 0.37430555555555556 0.328515625 0.02638888888888889 0.01953125
0 0.42430555555555555 0.326953125 0.0375 0.02109375
0 0.13819444444444445 0.284375 0.018055555555555554 0.015625
0 0.11458333333333333 0.269140625 0.043055555555555555 0.01796875
0 0.225 0.254296875 0.025 0.02265625
0 0.4666666666666667 0.25078125 0.058333333333333334 0.0265625
0 0.06388888888888888 0.239453125 0.03888888888888889 0.02109375
0 0.10486111111111111 0.2296875 0.034722222222222224 0.0171875
0 0.40347222222222223 0.227734375 0.034722222222222224 0.02109375
0 0.44166666666666665 0.225 0.04722222222222222 0.025
0 0.11805555555555555 0.2078125 0.027777777777777776 0.0140625
0 0.23194444444444445 0.209765625 0.03333333333333333 0.02109375
0 0.45 0.2046875 0.025 0.0125
0 0.4013888888888889 0.203125 0.044444444444444446 0.021875
0 0.32013888888888886 0.192578125 0.04027777777777778 0.02421875
0 0.10416666666666667 0.18671875 0.04722222222222222 0.0265625
0 0.36944444444444446 0.180859375 0.03333333333333333 0.01640625
0 0.23333333333333334 0.18046875 0.022222222222222223 0.0171875
0 0.28055555555555556 0.183203125 0.041666666666666664 0.02421875
0 0.2 0.18203125 0.041666666666666664 0.025
0 0.4173611111111111 0.17734375 0.0375 0.021875
0 0.325 0.173046875 0.025 0.01640625
0 0.1701388888888889 0.175 0.034722222222222224 0.021875
0 0.09930555555555555 0.159765625 0.0375 0.02421875
0 0.1388888888888889 0.155078125 0.030555555555555555 0.01796875
0 0.3 0.14765625 0.03611111111111111 0.0171875
0 0.16180555555555556 0.14765625 0.03194444444444444 0.0203125
0 0.09583333333333334 0.12578125 0.05555555555555555 0.0203125
0 0.13680555555555557 0.1 0.043055555555555555 0.0234375
