0 0.5902777777777778 0.647265625 0.022222222222222223 0.02265625
0 0.6298611111111111 0.63515625 0.043055555555555555 0.021875
0 0.5347222222222222 0.6015625 0.025 0.009375
0 0.6270833333333333 0.599609375 0.04027777777777778 0.02578125
0 0.3645833333333333 0.540625 0.03194444444444444 0.0203125
0 0.3597222222222222 0.524609375 0.022222222222222223 0.01015625
0 0.7479166666666667 0.520703125 0.020833333333333332 0.00703125
0 0.7951388888888888 0.514453125 0.02638888888888889 0.01171875
0 0.7381944444444445 0.506640625 0.03194444444444444 0.02109375
0 0.7659722222222223 0.501953125 0.02361111111111111 0.01328125
0 0.5965277777777778 0.489453125 0.03194444444444444 0.01484375
0 0.30833333333333335 0.491015625 0.03333333333333333 0.01796875
0 0.3770833333333333 0.4890625 0.034722222222222224 0.015625
0 0.5104166666666666 0.475390625 0.018055555555555554 0.01171875
0 0.15208333333333332 0.474609375 0.03194444444444444 0.01796875
0 0.3798611111111111 0.468359375 0.029166666666666667 0.01484375
0 0.025 0.46953125 0.04722222222222222 0.0234375
0 0.6819444444444445 0.46328125 0.016666666666666666 0.0125
0 0.44930555555555557 0.457421875 0.0763888888888889 0.02421875
0 0.9881944444444445 0.442578125 0.02361111111111111 0.02578125
0 0.475 0.4296875 0.030555555555555555 0.0125
0 0.5215277777777778 0.426953125 0.015277777777777777 0.01484375
0 0.7944444444444444 0.427734375 0.041666666666666664 0.01953125
0 0.5069444444444444 0.411328125 0.030555555555555555 0.01484375
0 0.64375 0.40703125 0.020833333333333332 0.0125
0 0.8319444444444445 0.402734375 0.030555555555555555 0.01796875
0 0.16180555555555556 0.39453125 0.015277777777777777 0.009375
0 0.13055555555555556 0.387109375 0.025 0.01015625
0 0.7354166666666667 0.382421875 0.034722222222222224 0.01953125
0 0.30625 0.3671875 0.02361111111111111 0.0109375
0 0.07361111111111111 0.367578125 0.022222222222222223 0.01328125
0 0.53125 0.365234375 0.05416666666666667 0.01796875
0 0.16944444444444445 0.34609375 0.027777777777777776 0.009375
0 0.11319444444444444 0.33359375 0.020833333333333332 0.0125
0 0.2701388888888889 0.319921875 0.020833333333333332 0.01484375
0 0.15694444444444444 0.314453125 0.030555555555555555 0.01953125
0 0.22847222222222222 0.302734375 0.02638888888888889 0.02109375
0 0.5451388888888888 0.2828125 0.02638888888888889 0.01875
0 0.22083333333333333 0.26875 0.022222222222222223 0.0125
0 0.11875 0.262109375 0.0375 0.01328125
0 0.052083333333333336 0.251171875 0.020833333333333332 0.01171875
0 0.1361111111111111 0.237890625 0.03333333333333333 0.01796875
0 0.14652777777777778 0.21953125 0.029166666666666667 0.0171875
0 0.010416666666666666 0.210546875 0.018055555555555554 0.01015625
0 0.0125 0.1875 0.022222222222222223 0.01875
