0 0.09722222222222222 0.775390625 0.05 0.02890625
0 0.09375 0.7375 0.043055555555555555 0.0171875
0 0.5152777777777777 0.71484375 0.03611111111111111 0.025
0 0.7208333333333333 0.71484375 0.04722222222222222 0.028125
0 0.12986111111111112 0.70390625 0.034722222222222224 0.0328125
0 0.7090277777777778 0.690234375 0.02361111111111111 0.02109375
0 0.08333333333333333 0.681640625 0.030555555555555555 0.01953125
0 0.9159722222222222 0.675390625 0.04027777777777778 0.01953125
0 0.7944444444444444 0.6765625 0.05 0.0265625
0 0.6076388888888888 0.666015625 0.04027777777777778 0.02109375
0 0.5118055555555555 0.665234375 0.02361111111111111 0.02421875
0 0.22013888888888888 0.664453125 0.034722222222222224 0.02578125
0 0.16875 0.654296875 0.029166666666666667 0.01953125
0 0.44583333333333336 0.65546875 0.03611111111111111 0.0265625
0 0.3819444444444444 0.644921875 0.03611111111111111 0.02265625
0 0.12777777777777777 0.61484375 0.03888888888888889 0.0234375
0 0.2875 0.601953125 0.04722222222222222 0.01796875
0 0.8840277777777777 0.6 0.0625 0.0296875
0 0.3993055555555556 0.593359375 0.043055555555555555 0.02734375
0 0.5444444444444444 0.579296875 0.030555555555555555 0.01484375
0 0.34444444444444444 0.58125 0.05 0.021875
0 0.16111111111111112 0.584375 0.05277777777777778 0.0296875
0 0.7145833333333333 0.551171875 0.04027777777777778 0.01953125
0 0.47638888888888886 0.544921875 0.025 0.01171875
0 0.3451388888888889 0.54140625 0.029166666666666667 0.025
0 0.2013888888888889 0.5234375 0.03611111111111111 0.0234375
0 0.64375 0.503125 0.04861111111111111 0.03125
0 0.4798611111111111 0.4953125 0.05138888888888889 0.0234375
0 0.6013888888888889 0.472265625 0.025 0.01484375
0 0.20555555555555555 0.473046875 0.05277777777777778 0.02734375
0 0.4986111111111111 0.46171875 0.03333333333333333 0.0125
0 0.3388888888888889 0.455859375 0.03611111111111111 0.01640625
0 0.7 0.441796875 0.03888888888888889 0.01953125
0 0.025 0.435546875 0.03888888888888889 0.01796875
0 0.31805555555555554 0.433984375 0.041666666666666664 0.02578125
0 0.2659722222222222 0.433984375 0.043055555555555555 0.02578125
0 0.12361111111111112 0.42734375 0.03888888888888889 0.0203125
0 0.6409722222222223 0.42890625 0.04027777777777778 0.025
0 0.18611111111111112 0.41171875 0.03888888888888889 0.0125
0 0.041666666666666664 0.415234375 0.041666666666666664 0.01953125
0 0.5534722222222223 0.422265625 0.07361111111111111 0.03671875
0 0.6381944444444444 0.4078125 0.015277777777777777 0.0109375
0 0.6784722222222223 0.40859375 0.018055555555555554 0.0140625
0 0.9222222222222223 0.415625 0.06111111111111111 0.0296875
0 0.4076388888888889 0.4125 0.043055555555555555 0.025
0 0.09583333333333334 0.4078125 0.044444444444444446 0.0203125
0 0.9791666666666666 0.405078125 0.019444444444444445 0.01796875
0 0.049305555555555554 0.385546875 0.043055555555555555 0.02578125
0 0.32569444444444445 0.380078125 0.08472222222222223 0.02734375
0 0.18541666666666667 0.378125 0.034722222222222224 0.0296875
0 0.23541666666666666 0.3671875 0.05138888888888889 0.015625
0 0.1388888888888889 0.355078125 0.06388888888888888 0.04453125
0 0.9840277777777777 0.346875 0.03194444444444444 0.0296875
0 0.5409722222222222 0.3203125 0.02638888888888889 0.025
0 0.42291666666666666 0.312109375 0.02361111111111111 0.01484375
0 0.47291666666666665 0.303515625 0.043055555555555555 0.03515625
0 0.35138888888888886 0.288671875 0.027777777777777776 0.02734375
0 0.31319444444444444 0.28359375 0.0375 0.0171875
0 0.39375 0.28046875 0.0375 0.0171875
0 0.3347222222222222 0.258984375 0.025 0.01328125
0 0.46597222222222223 0.24140625 0.059722222222222225 0.0296875
0 0.33402777777777776 0.2125 0.04027777777777778 0.028125
0 0.38958333333333334 0.208984375 0.02638888888888889 0.02265625
0 0.5590277777777778 0.191796875 0.04583333333333333 0.02734375
0 0.5145833333333333 0.184375 0.0375 0.0546875
0 0.36736111111111114 0.1640625 0.1125 0.0546875
0 0.4201388888888889 0.13203125 0.02638888888888889 0.01875
0 0.5090277777777777 0.13203125 0.08472222222222223 0.053125
0 0.44027777777777777 0.088671875 0.05 0.02265625
0 0.4888888888888889 0.083984375 0.030555555555555555 0.02578125
