0 0.12916666666666668 0.756640625 0.04722222222222222 0.03046875
0 0.29097222222222224 0.7203125 0.043055555555555555 0.025
0 0.07291666666666667 0.68046875 0.015277777777777777 0.015625
0 0.10972222222222222 0.668359375 0.027777777777777776 0.01796875
0 0.9430555555555555 0.582421875 0.025 0.01171875
0 0.015277777777777777 0.53359375 0.027777777777777776 0.0203125
0 0.20694444444444443 0.52421875 0.013888888888888888 0.009375
0 0.5597222222222222 0.49453125 0.03888888888888889 0.0109375
0 0.14027777777777778 0.490625 0.011111111111111112 0.009375
0 0.5520833333333334 0.48046875 0.04583333333333333 0.009375
0 0.23958333333333334 0.468359375 0.02638888888888889 0.00859375
0 0.016666666666666666 0.447265625 0.022222222222222223 0.01640625
0 0.04513888888888889 0.43828125 0.0375 0.0203125
0 0.04027777777777778 0.38984375 0.03333333333333333 0.01875
0 0.016666666666666666 0.37578125 0.027777777777777776 0.01875
0 0.027777777777777776 0.35078125 0.03611111111111111 0.03125
0 0.5583333333333333 0.262890625 0.08333333333333333 0.03828125
0 0.02847222222222222 0.250390625 0.0375 0.02578125
0 0.525 0.187109375 0.030555555555555555 0.02265625
0 0.375 0.1703125 0.03333333333333333 0.0234375
0 0.35694444444444445 0.125 0.11666666666666667 0.04375
0 0.33541666666666664 0.1078125 0.05416666666666667 0.0203125
