0 0.10972222222222222 0.941796875 0.04722222222222222 0.02421875
0 0.23680555555555555 0.933203125 0.05416666666666667 0.02109375
0 0.18541666666666667 0.875 0.06527777777777778 0.028125
0 0.34652777777777777 0.88046875 0.06527777777777778 0.04375
0 0.1423611111111111 0.849609375 0.07916666666666666 0.03515625
0 0.11041666666666666 0.825 0.0625 0.028125
0 0.03333333333333333 0.822265625 0.05 0.03203125
0 0.3298611111111111 0.823046875 0.1125 0.04765625
0 0.5993055555555555 0.763671875 0.043055555555555555 0.02109375
0 0.26319444444444445 0.7109375 0.08472222222222223 0.0390625
0 0.6208333333333333 0.69609375 0.03333333333333333 0.025
0 0.3451388888888889 0.68046875 0.05138888888888889 0.028125
0 0.3541666666666667 0.630859375 0.06111111111111111 0.02890625
0 0.28958333333333336 0.637890625 0.0875 0.06171875
0 0.22430555555555556 0.618359375 0.043055555555555555 0.02734375
0 0.37083333333333335 0.54296875 0.04722222222222222 0.0265625
0 0.7319444444444444 0.5328125 0.05 0.0296875
0 0.3 0.507421875 0.05277777777777778 0.03203125
0 0.31666666666666665 0.46796875 0.030555555555555555 0.015625
0 0.24583333333333332 0.508984375 0.075 0.10703125
0 0.5256944444444445 0.44921875 0.043055555555555555 0.028125
0 0.3173611111111111 0.44453125 0.05694444444444444 0.03125
0 0.5965277777777778 0.44375 0.11805555555555555 0.0453125
0 0.48125 0.41484375 0.04583333333333333 0.05
0 0.475 0.359765625 0.06388888888888888 0.03671875
0 0.5326388888888889 0.337890625 0.05416666666666667 0.03671875
0 0.32013888888888886 0.32421875 0.0625 0.03125
0 0.3416666666666667 0.28359375 0.05 0.0234375
0 0.44027777777777777 0.1921875 0.09166666666666666 0.0453125
0 0.48125 0.10625 0.09583333333333334 0.0515625
