0 0.83125 0.855859375 0.04861111111111111 0.03515625
0 0.8868055555555555 0.84609375 0.043055555555555555 0.021875
0 0.7361111111111112 0.784765625 0.041666666666666664 0.02421875
0 0.02361111111111111 0.755859375 0.041666666666666664 0.02578125
0 0.8583333333333333 0.737109375 0.044444444444444446 0.01796875
0 0.5951388888888889 0.73046875 0.029166666666666667 0.021875
0 0.4701388888888889 0.7203125 0.043055555555555555 0.0265625
0 0.6305555555555555 0.713671875 0.03333333333333333 0.01953125
0 0.13194444444444445 0.716796875 0.08611111111111111 0.02890625
0 0.775 0.68046875 0.03333333333333333 0.0125
0 0.11736111111111111 0.681640625 0.05416666666666667 0.02578125
0 0.6020833333333333 0.66640625 0.05138888888888889 0.021875
0 0.6715277777777777 0.678515625 0.04861111111111111 0.04921875
0 0.5319444444444444 0.658203125 0.025 0.01484375
0 0.12291666666666666 0.654296875 0.04861111111111111 0.02421875
0 0.27361111111111114 0.643359375 0.027777777777777776 0.01640625
0 0.5611111111111111 0.648046875 0.030555555555555555 0.02734375
0 0.3861111111111111 0.638671875 0.019444444444444445 0.01796875
0 0.5381944444444444 0.58046875 0.034722222222222224 0.021875
0 0.6784722222222223 0.56796875 0.04861111111111111 0.025
0 0.7125 0.53515625 0.03888888888888889 0.0265625
0 0.6527777777777778 0.515234375 0.08611111111111111 0.03515625
0 0.5736111111111111 0.504296875 0.03333333333333333 0.02265625
0 0.23125 0.5015625 0.04027777777777778 0.0171875
0 0.19027777777777777 0.49921875 0.03888888888888889 0.0171875
0 0.07152777777777777 0.50078125 0.05694444444444444 0.0484375
0 0.14652777777777778 0.46953125 0.07083333333333333 0.0390625
0 0.08888888888888889 0.4421875 0.044444444444444446 0.0265625
