0 0.9840277777777777 0.712890625 0.006944444444444444 0.00703125
0 0.8965277777777778 0.694921875 0.0125 0.00703125
0 0.8756944444444444 0.6890625 0.018055555555555554 0.009375
0 0.9958333333333333 0.684765625 0.008333333333333333 0.01171875
0 0.9416666666666667 0.687109375 0.05277777777777778 0.01953125
0 0.33819444444444446 0.664453125 0.015277777777777777 0.01015625
0 0.9493055555555555 0.659765625 0.0125 0.01015625
0 0.18055555555555555 0.657421875 0.013888888888888888 0.00546875
0 0.3923611111111111 0.6578125 0.02638888888888889 0.0234375
0 0.17708333333333334 0.646875 0.0125 0.00625
0 0.10347222222222222 0.65546875 0.034722222222222224 0.0234375
0 0.9909722222222223 0.65 0.018055555555555554 0.0171875
0 0.8263888888888888 0.646875 0.044444444444444446 0.015625
0 0.8777777777777778 0.641015625 0.013888888888888888 0.01328125
0 0.5083333333333333 0.631640625 0.025 0.01640625
0 0.08819444444444445 0.628125 0.029166666666666667 0.0109375
0 0.41041666666666665 0.627734375 0.02638888888888889 0.01484375
0 0.25069444444444444 0.6203125 0.02361111111111111 0.009375
0 0.8625 0.622265625 0.030555555555555555 0.01640625
0 0.8159722222222222 0.615625 0.015277777777777777 0.00625
0 0.84375 0.6125 0.02361111111111111 0.0078125
0 0.35138888888888886 0.60546875 0.011111111111111112 0.0171875
0 0.5743055555555555 0.599609375 0.05694444444444444 0.02734375
0 0.6236111111111111 0.589453125 0.013888888888888888 0.01171875
0 0.4986111111111111 0.578125 0.013888888888888888 0.0078125
0 0.23194444444444445 0.573828125 0.025 0.01171875
0 0.4930555555555556 0.570703125 0.013888888888888888 0.01015625
0 0.8111111111111111 0.561328125 0.019444444444444445 0.01171875
0 0.28541666666666665 0.559375 0.0125 0.0078125
0 0.5041666666666667 0.558203125 0.019444444444444445 0.00859375
0 0.7604166666666666 0.5546875 0.009722222222222222 0.0078125
0 0.9284722222222223 0.55390625 0.018055555555555554 0.0140625
0 0.5027777777777778 0.548046875 0.011111111111111112 0.00703125
0 0.74375 0.548046875 0.015277777777777777 0.01171875
0 0.5319444444444444 0.5375 0.025 0.0109375
0 0.8340277777777778 0.53359375 0.03194444444444444 0.0125
0 0.3055555555555556 0.516796875 0.016666666666666666 0.00703125
0 0.5520833333333334 0.51015625 0.0125 0.00625
0 0.5201388888888889 0.515234375 0.03194444444444444 0.01796875
0 0.5243055555555556 0.487109375 0.02361111111111111 0.01328125
0 0.6125 0.48046875 0.016666666666666666 0.009375
0 0.5006944444444444 0.47890625 0.006944444444444444 0.00625
0 0.5166666666666667 0.473046875 0.008333333333333333 0.00546875
0 0.6381944444444444 0.42578125 0.018055555555555554 0.0125
0 0.6659722222222222 0.422265625 0.02361111111111111 0.00859375
0 0.5729166666666666 0.415234375 0.018055555555555554 0.01171875
0 0.5409722222222222 0.365234375 0.029166666666666667 0.01796875
0 0.7173611111111111 0.375 0.04861111111111111 0.0390625
0 0.6541666666666667 0.36328125 0.022222222222222223 0.015625
0 0.7909722222222222 0.355859375 0.018055555555555554 0.01484375
0 0.9145833333333333 0.35078125 0.020833333333333332 0.0109375
0 0.4423611111111111 0.349609375 0.029166666666666667 0.01640625
0 0.6451388888888889 0.342578125 0.0125 0.00859375
0 0.4152777777777778 0.34453125 0.016666666666666666 0.0125
0 0.45416666666666666 0.333984375 0.025 0.01484375
0 0.41875 0.328515625 0.020833333333333332 0.01640625
0 0.5618055555555556 0.31953125 0.02361111111111111 0.015625
0 0.6291666666666667 0.31875 0.03333333333333333 0.015625
0 0.9368055555555556 0.315625 0.02361111111111111 0.0125
0 0.75625 0.257421875 0.0125 0.00859375
0 0.8534722222222222 0.2453125 0.020833333333333332 0.009375
0 0.8263888888888888 0.248046875 0.027777777777777776 0.01484375
0 0.7979166666666667 0.230859375 0.02638888888888889 0.01796875
0 0.6451388888888889 0.22890625 0.059722222222222225 0.0203125
0 0.7111111111111111 0.22265625 0.019444444444444445 0.015625
0 0.7409722222222223 0.216015625 0.029166666666666667 0.01484375
0 0.8493055555555555 0.2203125 0.029166666666666667 0.025
0 0.6409722222222223 0.212109375 0.018055555555555554 0.01171875
0 0.70625 0.205078125 0.020833333333333332 0.01015625
0 0.8201388888888889 0.19375 0.02638888888888889 0.015625
0 0.7291666666666666 0.180859375 0.016666666666666666 0.01640625
0 0.7555555555555555 0.172265625 0.011111111111111112 0.01015625
0 0.6965277777777777 0.155859375 0.02638888888888889 0.01328125
