0 0.23333333333333334 0.709765625 0.05277777777777778 0.02578125
0 0.8354166666666667 0.694921875 0.05694444444444444 0.03359375
0 0.05694444444444444 0.70234375 0.11388888888888889 0.059375
0 0.5180555555555556 0.683203125 0.03888888888888889 0.02578125
0 0.35347222222222224 0.687109375 0.09861111111111111 0.04453125
0 0.1840277777777778 0.67109375 0.043055555555555555 0.0203125
0 0.8798611111111111 0.641015625 0.06805555555555555 0.02265625
0 0.11944444444444445 0.6125 0.030555555555555555 0.025
0 0.38958333333333334 0.609375 0.020833333333333332 0.0234375
0 0.2569444444444444 0.51796875 0.027777777777777776 0.0171875
0 0.02847222222222222 0.527734375 0.05138888888888889 0.03984375
0 0.23125 0.503125 0.03194444444444444 0.0171875
0 0.9284722222222223 0.501171875 0.06527777777777778 0.02890625
0 0.7451388888888889 0.463671875 0.04583333333333333 0.02578125
0 0.35208333333333336 0.45703125 0.07083333333333333 0.0265625
0 0.26180555555555557 0.4453125 0.018055555555555554 0.0171875
0 0.18055555555555555 0.444140625 0.03611111111111111 0.01484375
0 0.725 0.435546875 0.05 0.02734375
0 0.3861111111111111 0.426953125 0.03888888888888889 0.02265625
0 0.27847222222222223 0.402734375 0.06527777777777778 0.01640625
0 0.375 0.40390625 0.03611111111111111 0.0203125
0 0.6972222222222222 0.39609375 0.03888888888888889 0.01875
0 0.22847222222222222 0.39296875 0.02638888888888889 0.01875
0 0.07569444444444444 0.38671875 0.029166666666666667 0.015625
0 0.11319444444444444 0.369140625 0.04583333333333333 0.02265625
0 0.5597222222222222 0.362109375 0.03888888888888889 0.02265625
0 0.22569444444444445 0.344140625 0.02638888888888889 0.01328125
0 0.3423611111111111 0.34296875 0.03194444444444444 0.0203125
0 0.2743055555555556 0.320703125 0.029166666666666667 0.01484375
0 0.4826388888888889 0.315625 0.034722222222222224 0.0171875
0 0.4465277777777778 0.304296875 0.03194444444444444 0.01484375
0 0.9534722222222223 0.2921875 0.05694444444444444 0.0265625
0 0.3798611111111111 0.285546875 0.034722222222222224 0.02109375
0 0.4909722222222222 0.269921875 0.04027777777777778 0.02109375
0 0.7048611111111112 0.25625 0.059722222222222225 0.0296875
0 0.6465277777777778 0.241015625 0.04861111111111111 0.02421875
0 0.5055555555555555 0.234765625 0.025 0.01484375
0 0.5902777777777778 0.23125 0.03611111111111111 0.0328125
0 0.5493055555555556 0.220703125 0.034722222222222224 0.01796875
0 0.7381944444444445 0.2171875 0.05694444444444444 0.0359375
0 0.6833333333333333 0.209765625 0.05 0.03359375
0 0.5347222222222222 0.187109375 0.03333333333333333 0.02890625
0 0.8027777777777778 0.18203125 0.09166666666666666 0.046875
0 0.6215277777777778 0.168359375 0.059722222222222225 0.02421875
0 0.4166666666666667 0.14609375 0.030555555555555555 0.0265625
0 0.9333333333333333 0.16171875 0.13055555555555556 0.0875
0 0.6166666666666667 0.13671875 0.06944444444444445 0.0375
0 0.48680555555555555 0.12109375 0.029166666666666667 0.021875
0 0.3909722222222222 0.13359375 0.09861111111111111 0.0625
0 0.49722222222222223 0.101953125 0.03333333333333333 0.01640625
0 0.4354166666666667 0.09921875 0.034722222222222224 0.0203125
0 0.8055555555555556 0.0921875 0.06388888888888888 0.0359375
0 0.4875 0.0796875 0.044444444444444446 0.025
0 0.39791666666666664 0.0765625 0.043055555555555555 0.028125
0 0.9659722222222222 0.073828125 0.05694444444444444 0.03046875
0 0.3625 0.068359375 0.05 0.03984375
0 0.3111111111111111 0.045703125 0.04722222222222222 0.02890625
0 0.76875 0.035546875 0.05416666666666667 0.01328125
0 0.3729166666666667 0.02890625 0.04861111111111111 0.025
0 0.32430555555555557 0.0140625 0.03194444444444444 0.0203125
0 0.5229166666666667 0.010546875 0.04861111111111111 0.01796875
0 0.6583333333333333 0.032421875 0.10833333333333334 0.06328125
0 0.49166666666666664 0.03203125 0.1361111111111111 0.0625
