0 0.5819444444444445 0.97265625 0.03611111111111111 0.0265625
0 0.9604166666666667 0.9484375 0.04861111111111111 0.028125
0 0.02013888888888889 0.931640625 0.0375 0.02734375
0 0.19444444444444445 0.903515625 0.05277777777777778 0.02890625
0 0.7340277777777777 0.894921875 0.04027777777777778 0.01953125
0 0.6743055555555556 0.87578125 0.05416666666666667 0.025
0 0.6256944444444444 0.86875 0.04027777777777778 0.0234375
0 0.5666666666666667 0.863671875 0.019444444444444445 0.02109375
0 0.5909722222222222 0.842578125 0.04861111111111111 0.03046875
0 0.40555555555555556 0.823828125 0.030555555555555555 0.02109375
0 0.24027777777777778 0.79375 0.06111111111111111 0.03125
0 0.4625 0.803515625 0.08333333333333333 0.05546875
0 0.5819444444444445 0.7890625 0.1 0.0484375
0 0.3875 0.76015625 0.058333333333333334 0.0359375
0 0.6659722222222222 0.7296875 0.04861111111111111 0.028125
0 0.48333333333333334 0.703125 0.04722222222222222 0.0265625
0 0.6229166666666667 0.696875 0.04027777777777778 0.0265625
0 0.44166666666666665 0.6796875 0.05277777777777778 0.0296875
0 0.6756944444444445 0.675390625 0.043055555555555555 0.02421875
0 0.5944444444444444 0.670703125 0.05555555555555555 0.03203125
0 0.5090277777777777 0.650390625 0.04027777777777778 0.01953125
0 0.45902777777777776 0.6375 0.04027777777777778 0.0265625
0 0.725 0.609375 0.08333333333333333 0.03125
0 0.475 0.605859375 0.05277777777777778 0.02421875
0 0.6375 0.59921875 0.05555555555555555 0.034375
0 0.36319444444444443 0.500390625 0.0625 0.03046875
0 0.3819444444444444 0.467578125 0.041666666666666664 0.02421875
0 0.38958333333333334 0.39375 0.05416666666666667 0.0328125
0 0.5354166666666667 0.3453125 0.05416666666666667 0.021875
0 0.46875 0.339453125 0.0625 0.02890625
0 0.4270833333333333 0.328515625 0.0375 0.01484375
0 0.47430555555555554 0.31015625 0.05416666666666667 0.025
