0 0.6451388888888889 0.63828125 0.04861111111111111 0.021875
0 0.5020833333333333 0.628125 0.05138888888888889 0.0265625
0 0.3590277777777778 0.616015625 0.05416666666666667 0.02734375
0 0.37222222222222223 0.587890625 0.027777777777777776 0.01171875
0 0.7243055555555555 0.55 0.04861111111111111 0.0265625
0 0.3819444444444444 0.548046875 0.05 0.03046875
0 0.6361111111111111 0.52421875 0.07222222222222222 0.0359375
0 0.5368055555555555 0.517578125 0.05416666666666667 0.02734375
0 0.7166666666666667 0.50078125 0.030555555555555555 0.0234375
0 0.06041666666666667 0.5015625 0.04583333333333333 0.0265625
0 0.26875 0.46875 0.03194444444444444 0.0171875
0 0.7861111111111111 0.471875 0.04722222222222222 0.025
0 0.68125 0.455078125 0.04027777777777778 0.01640625
0 0.24097222222222223 0.4546875 0.034722222222222224 0.01875
0 0.6472222222222223 0.351171875 0.03333333333333333 0.01484375
0 0.6444444444444445 0.293359375 0.06111111111111111 0.04140625
0 0.4847222222222222 0.150390625 0.06944444444444445 0.03828125
