0 0.36527777777777776 0.9734375 0.019444444444444445 0.0140625
0 0.18333333333333332 0.926953125 0.05 0.03203125
0 0.38263888888888886 0.908984375 0.059722222222222225 0.03828125
0 0.08611111111111111 0.894921875 0.05277777777777778 0.02109375
0 0.3284722222222222 0.90234375 0.03194444444444444 0.0375
0 0.50625 0.86796875 0.020833333333333332 0.0203125
0 0.6958333333333333 0.83828125 0.03611111111111111 0.015625
0 0.5173611111111112 0.834765625 0.043055555555555555 0.01953125
0 0.31527777777777777 0.77734375 0.06111111111111111 0.0359375
0 0.41041666666666665 0.742578125 0.04861111111111111 0.01796875
0 0.4201388888888889 0.690625 0.0625 0.0265625
0 0.6548611111111111 0.69375 0.059722222222222225 0.034375
0 0.3527777777777778 0.7015625 0.10555555555555556 0.0625
0 0.26944444444444443 0.6625 0.019444444444444445 0.0125
0 0.5770833333333333 0.627734375 0.02638888888888889 0.01171875
0 0.4284722222222222 0.5984375 0.03194444444444444 0.01875
0 0.3541666666666667 0.5953125 0.058333333333333334 0.03125
0 0.8118055555555556 0.5859375 0.05694444444444444 0.03125
0 0.35694444444444445 0.565234375 0.041666666666666664 0.02890625
0 0.28958333333333336 0.5625 0.08194444444444444 0.1015625
0 0.5798611111111112 0.503515625 0.043055555555555555 0.02265625
0 0.36527777777777776 0.49765625 0.05 0.028125
0 0.6361111111111111 0.49921875 0.08333333333333333 0.04375
0 0.6923611111111111 0.480078125 0.04027777777777778 0.01796875
0 0.5347222222222222 0.480078125 0.041666666666666664 0.02578125
0 0.5291666666666667 0.44921875 0.025 0.0109375
0 0.5208333333333334 0.412109375 0.05555555555555555 0.03671875
0 0.5847222222222223 0.384765625 0.06388888888888888 0.03203125
0 0.375 0.378515625 0.06111111111111111 0.02578125
0 0.4027777777777778 0.339453125 0.06111111111111111 0.02578125
0 0.49583333333333335 0.242578125 0.08888888888888889 0.04140625
0 0.5305555555555556 0.151953125 0.08611111111111111 0.04609375
