0 0.925 0.824609375 0.07777777777777778 0.04921875
0 0.2375 0.76171875 0.03888888888888889 0.0234375
0 0.09930555555555555 0.753515625 0.020833333333333332 0.01796875
0 0.46944444444444444 0.709765625 0.030555555555555555 0.01796875
0 0.6006944444444444 0.69453125 0.029166666666666667 0.01875
0 0.16111111111111112 0.69609375 0.041666666666666664 0.025
0 0.5444444444444444 0.666796875 0.06388888888888888 0.03984375
0 0.6 0.651171875 0.044444444444444446 0.02578125
0 0.014583333333333334 0.645703125 0.02638888888888889 0.02109375
0 0.88125 0.641015625 0.0375 0.01796875
0 0.10347222222222222 0.63671875 0.029166666666666667 0.01875
0 0.44930555555555557 0.64140625 0.0625 0.0359375
0 0.5826388888888889 0.625390625 0.059722222222222225 0.03046875
0 0.7027777777777777 0.60390625 0.05 0.025
0 0.26944444444444443 0.59921875 0.03888888888888889 0.0171875
0 0.5375 0.58671875 0.05555555555555555 0.0296875
0 0.13125 0.567578125 0.0375 0.01640625
0 0.7645833333333333 0.56875 0.1125 0.0546875
0 0.10902777777777778 0.5453125 0.02361111111111111 0.0203125
0 0.3958333333333333 0.5453125 0.030555555555555555 0.021875
0 0.15694444444444444 0.523828125 0.044444444444444446 0.02578125
0 0.8881944444444444 0.5109375 0.02638888888888889 0.0109375
0 0.20833333333333334 0.51171875 0.04722222222222222 0.0265625
0 0.034027777777777775 0.4890625 0.059722222222222225 0.0265625
0 0.24166666666666667 0.492578125 0.07222222222222222 0.04140625
0 0.7909722222222222 0.471484375 0.04027777777777778 0.03359375
0 0.09236111111111112 0.431640625 0.04583333333333333 0.02265625
0 0.05763888888888889 0.427734375 0.03194444444444444 0.02578125
0 0.6298611111111111 0.407421875 0.03194444444444444 0.02109375
0 0.6083333333333333 0.34921875 0.03611111111111111 0.025
0 0.5611111111111111 0.34140625 0.025 0.0234375
0 0.5006944444444444 0.31328125 0.029166666666666667 0.01875
0 0.9729166666666667 0.31171875 0.05416666666666667 0.0296875
0 0.45555555555555555 0.305078125 0.03888888888888889 0.02109375
0 0.90625 0.296484375 0.05694444444444444 0.02734375
0 0.6034722222222222 0.263671875 0.0375 0.02734375
0 0.6916666666666667 0.223828125 0.13333333333333333 0.05078125
0 0.5506944444444445 0.191796875 0.02361111111111111 0.01484375
0 0.5791666666666667 0.177734375 0.027777777777777776 0.01640625
0 0.6881944444444444 0.1734375 0.04861111111111111 0.025
0 0.6263888888888889 0.1703125 0.05277777777777778 0.034375
0 0.7388888888888889 0.1625 0.022222222222222223 0.021875
0 0.6486111111111111 0.0984375 0.125 0.0671875
0 0.6222222222222222 0.0640625 0.044444444444444446 0.015625
0 0.6381944444444444 0.036328125 0.05694444444444444 0.03203125
