0 0.7375 0.989453125 0.05277777777777778 0.02109375
0 0.9548611111111112 0.980859375 0.059722222222222225 0.03046875
0 0.17708333333333334 0.941015625 0.02638888888888889 0.01484375
0 0.37916666666666665 0.93984375 0.044444444444444446 0.025
0 0.5326388888888889 0.922265625 0.0375 0.01953125
0 0.6131944444444445 0.894140625 0.06805555555555555 0.03671875
0 0.3034722222222222 0.849609375 0.0875 0.03203125
0 0.48333333333333334 0.813671875 0.027777777777777776 0.01484375
0 0.7673611111111112 0.80546875 0.03194444444444444 0.015625
0 0.65 0.809375 0.03888888888888889 0.0234375
0 0.23402777777777778 0.8234375 0.12361111111111112 0.053125
0 0.8201388888888889 0.787109375 0.0625 0.03046875
0 0.30625 0.7796875 0.05694444444444444 0.0359375
0 0.93125 0.770703125 0.07916666666666666 0.02265625
0 0.7541666666666667 0.767578125 0.03611111111111111 0.02578125
0 0.6006944444444444 0.762109375 0.05138888888888889 0.03515625
0 0.30625 0.7453125 0.0625 0.0296875
0 0.8388888888888889 0.736328125 0.027777777777777776 0.02109375
0 0.7541666666666667 0.726171875 0.03333333333333333 0.02421875
0 0.3819444444444444 0.736328125 0.1111111111111111 0.05078125
0 0.22152777777777777 0.71484375 0.03194444444444444 0.0140625
0 0.9618055555555556 0.70234375 0.043055555555555555 0.025
0 0.6993055555555555 0.66953125 0.02361111111111111 0.021875
0 0.33194444444444443 0.6421875 0.044444444444444446 0.021875
0 0.44722222222222224 0.61953125 0.05 0.025
0 0.6583333333333333 0.615625 0.025 0.021875
0 0.10138888888888889 0.61484375 0.03888888888888889 0.0234375
0 0.15347222222222223 0.607421875 0.0375 0.01640625
0 0.6326388888888889 0.594921875 0.04027777777777778 0.01171875
0 0.4979166666666667 0.594921875 0.04861111111111111 0.02265625
0 0.96875 0.584765625 0.05416666666666667 0.04765625
0 0.7833333333333333 0.575390625 0.058333333333333334 0.03515625
0 0.8784722222222222 0.589453125 0.12638888888888888 0.06796875
0 0.43194444444444446 0.56796875 0.05555555555555555 0.025
0 0.30625 0.566796875 0.08472222222222223 0.03046875
0 0.36666666666666664 0.555859375 0.027777777777777776 0.01953125
0 0.65 0.55625 0.06944444444444445 0.0390625
0 0.98125 0.5359375 0.0375 0.0328125
0 0.7944444444444444 0.517578125 0.03333333333333333 0.01015625
0 0.6534722222222222 0.4984375 0.02638888888888889 0.0125
0 0.9805555555555555 0.49453125 0.03611111111111111 0.0125
0 0.7777777777777778 0.49375 0.08611111111111111 0.028125
0 0.86875 0.489453125 0.0875 0.03671875
0 0.4263888888888889 0.471875 0.03888888888888889 0.015625
0 0.7020833333333333 0.47265625 0.05138888888888889 0.0234375
0 0.4576388888888889 0.459765625 0.05416666666666667 0.02265625
0 0.39166666666666666 0.44375 0.022222222222222223 0.015625
0 0.38125 0.401953125 0.04583333333333333 0.03046875
0 0.6631944444444444 0.383984375 0.0375 0.01640625
0 0.7659722222222223 0.383984375 0.05138888888888889 0.02578125
0 0.4076388888888889 0.38359375 0.05138888888888889 0.028125
0 0.4861111111111111 0.383203125 0.05 0.03046875
0 0.6527777777777778 0.35390625 0.027777777777777776 0.028125
0 0.5111111111111111 0.3546875 0.05555555555555555 0.034375
0 0.63125 0.340234375 0.02361111111111111 0.02578125
0 0.43819444444444444 0.33203125 0.04027777777777778 0.0265625
0 0.4986111111111111 0.3125 0.025 0.0203125
0 0.6402777777777777 0.314453125 0.041666666666666664 0.02578125
0 0.44166666666666665 0.302734375 0.041666666666666664 0.02734375
0 0.7298611111111111 0.29609375 0.12638888888888888 0.0671875
0 0.4111111111111111 0.26796875 0.04722222222222222 0.0265625
0 0.8875 0.265625 0.06944444444444445 0.0375
0 0.45902777777777776 0.237109375 0.059722222222222225 0.02578125
0 0.5701388888888889 0.21796875 0.04861111111111111 0.034375
0 0.6159722222222223 0.18359375 0.09583333333333334 0.0328125
0 0.6784722222222223 0.162890625 0.02361111111111111 0.02421875
0 0.5944444444444444 0.1390625 0.05555555555555555 0.0421875
0 0.5395833333333333 0.129296875 0.018055555555555554 0.02890625
0 0.6673611111111111 0.133203125 0.07361111111111111 0.03984375
0 0.6972222222222222 0.061328125 0.09166666666666666 0.06640625
