0 0.8340277777777778 0.75390625 0.05138888888888889 0.021875
0 0.8284722222222223 0.708984375 0.04583333333333333 0.01953125
0 0.9131944444444444 0.712109375 0.05416666666666667 0.02890625
0 0.6847222222222222 0.6984375 0.05555555555555555 0.01875
0 0.31319444444444444 0.67578125 0.059722222222222225 0.0546875
0 0.625 0.65390625 0.08611111111111111 0.0296875
0 0.39166666666666666 0.62578125 0.04722222222222222 0.0265625
0 0.5625 0.616015625 0.075 0.01484375
0 0.03194444444444444 0.6015625 0.06111111111111111 0.034375
0 0.09097222222222222 0.589453125 0.06527777777777778 0.03828125
0 0.5652777777777778 0.578125 0.075 0.05
0 0.17569444444444443 0.558203125 0.02361111111111111 0.01640625
0 0.009027777777777777 0.555859375 0.018055555555555554 0.02734375
0 0.6645833333333333 0.557421875 0.043055555555555555 0.03515625
0 0.5069444444444444 0.525 0.044444444444444446 0.0125
0 0.5152777777777777 0.496875 0.05277777777777778 0.0265625
0 0.9708333333333333 0.49921875 0.058333333333333334 0.040625
0 0.24097222222222223 0.49296875 0.04861111111111111 0.0390625
0 0.975 0.468359375 0.03888888888888889 0.01484375
0 0.8694444444444445 0.47421875 0.03611111111111111 0.0265625
0 0.7784722222222222 0.468359375 0.04027777777777778 0.02734375
0 0.825 0.46640625 0.03888888888888889 0.025
0 0.40208333333333335 0.44921875 0.034722222222222224 0.0171875
0 0.23680555555555555 0.448046875 0.034722222222222224 0.02109375
0 0.47430555555555554 0.4453125 0.0625 0.0234375
0 0.15416666666666667 0.433203125 0.019444444444444445 0.01796875
0 0.6055555555555555 0.41796875 0.022222222222222223 0.0109375
0 0.6576388888888889 0.409765625 0.043055555555555555 0.02421875
0 0.05416666666666667 0.377734375 0.030555555555555555 0.01640625
0 0.7263888888888889 0.382421875 0.09166666666666666 0.04296875
0 0.5888888888888889 0.367578125 0.044444444444444446 0.02265625
0 0.6625 0.360546875 0.041666666666666664 0.02109375
0 0.7763888888888889 0.336328125 0.06666666666666667 0.02421875
0 0.5375 0.28671875 0.05277777777777778 0.0375
0 0.6611111111111111 0.26015625 0.044444444444444446 0.0234375
0 0.9743055555555555 0.251171875 0.04861111111111111 0.02890625
0 0.7152777777777778 0.24453125 0.044444444444444446 0.0234375
0 0.43819444444444444 0.24453125 0.04583333333333333 0.0234375
0 0.4861111111111111 0.23359375 0.03888888888888889 0.0234375
0 0.8833333333333333 0.23515625 0.08333333333333333 0.0421875
0 0.9555555555555556 0.225390625 0.05277777777777778 0.02890625
0 0.7069444444444445 0.209765625 0.05555555555555555 0.01953125
0 0.9659722222222222 0.20078125 0.03194444444444444 0.015625
0 0.9090277777777778 0.198828125 0.04583333333333333 0.02421875
0 0.7680555555555556 0.183203125 0.09444444444444444 0.03671875
0 0.8430555555555556 0.1765625 0.044444444444444446 0.025
0 0.5416666666666666 0.1796875 0.09722222222222222 0.0796875
0 0.6541666666666667 0.168359375 0.11944444444444445 0.07734375
0 0.7201388888888889 0.14140625 0.04861111111111111 0.025
0 0.5076388888888889 0.113671875 0.07361111111111111 0.02734375
0 0.5555555555555556 0.083984375 0.04722222222222222 0.02578125
