0 0.9534722222222223 0.93515625 0.043055555555555555 0.0265625
0 0.8333333333333334 0.880078125 0.05 0.02890625
0 0.10347222222222222 0.87109375 0.05416666666666667 0.025
0 0.9277777777777778 0.830859375 0.04722222222222222 0.02578125
0 0.19722222222222222 0.83125 0.06388888888888888 0.0375
0 0.5256944444444445 0.823828125 0.04861111111111111 0.03359375
0 0.7229166666666667 0.80859375 0.0375 0.021875
0 0.18055555555555555 0.788671875 0.03611111111111111 0.01953125
0 0.85 0.771875 0.03333333333333333 0.015625
0 0.6784722222222223 0.76484375 0.04861111111111111 0.021875
0 0.027083333333333334 0.766015625 0.05138888888888889 0.03359375
0 0.7631944444444444 0.76328125 0.029166666666666667 0.03125
0 0.5972222222222222 0.753125 0.030555555555555555 0.0171875
0 0.2513888888888889 0.747265625 0.03333333333333333 0.01484375
0 0.6409722222222223 0.746484375 0.0375 0.02265625
0 0.02847222222222222 0.677734375 0.05138888888888889 0.02734375
0 0.5965277777777778 0.67265625 0.034722222222222224 0.01875
0 0.7444444444444445 0.6640625 0.044444444444444446 0.0234375
0 0.7965277777777777 0.633203125 0.043055555555555555 0.02734375
0 0.08263888888888889 0.609765625 0.0625 0.02109375
0 0.7416666666666667 0.616015625 0.07777777777777778 0.03828125
0 0.027083333333333334 0.612109375 0.04861111111111111 0.03203125
0 0.6673611111111111 0.608984375 0.04583333333333333 0.03203125
0 0.09583333333333334 0.58359375 0.041666666666666664 0.021875
0 0.19722222222222222 0.577734375 0.14444444444444443 0.05859375
0 0.10833333333333334 0.53984375 0.044444444444444446 0.0265625
