0 0.4326388888888889 0.70703125 0.04861111111111111 0.0421875
0 0.4875 0.69609375 0.03888888888888889 0.025
0 0.9444444444444444 0.648046875 0.03611111111111111 0.01484375
0 0.6013888888888889 0.64375 0.025 0.009375
0 0.37777777777777777 0.6375 0.016666666666666666 0.015625
0 0.27708333333333335 0.617578125 0.0125 0.01640625
0 0.5354166666666667 0.615625 0.018055555555555554 0.015625
0 0.7694444444444445 0.610546875 0.03333333333333333 0.01328125
0 0.4888888888888889 0.608984375 0.041666666666666664 0.02109375
0 0.23680555555555555 0.59765625 0.03194444444444444 0.01875
0 0.3576388888888889 0.59375 0.020833333333333332 0.0171875
0 0.7034722222222223 0.593359375 0.034722222222222224 0.01796875
0 0.9826388888888888 0.59140625 0.034722222222222224 0.0203125
0 0.6548611111111111 0.587109375 0.0125 0.01328125
0 0.5965277777777778 0.56953125 0.034722222222222224 0.0171875
0 0.3590277777777778 0.571484375 0.04027777777777778 0.02109375
0 0.7569444444444444 0.5578125 0.03333333333333333 0.0203125
0 0.6333333333333333 0.544921875 0.030555555555555555 0.00859375
0 0.7895833333333333 0.540625 0.029166666666666667 0.0140625
0 0.30625 0.5421875 0.043055555555555555 0.021875
0 0.6173611111111111 0.533984375 0.020833333333333332 0.01328125
0 0.8666666666666667 0.533203125 0.030555555555555555 0.01484375
0 0.8368055555555556 0.528125 0.03194444444444444 0.0140625
0 0.40069444444444446 0.5359375 0.0625 0.0328125
0 0.18125 0.521484375 0.04583333333333333 0.02578125
0 0.2625 0.5171875 0.04722222222222222 0.0203125
0 0.6826388888888889 0.510546875 0.0375 0.01796875
0 0.9368055555555556 0.503125 0.018055555555555554 0.009375
0 0.4166666666666667 0.508203125 0.03888888888888889 0.02265625
0 0.08402777777777778 0.506640625 0.04027777777777778 0.02109375
0 0.3284722222222222 0.50078125 0.029166666666666667 0.0140625
0 0.18819444444444444 0.48046875 0.029166666666666667 0.0140625
0 0.7611111111111111 0.490234375 0.06111111111111111 0.04140625
0 0.09097222222222222 0.466015625 0.034722222222222224 0.01640625
0 0.4236111111111111 0.465234375 0.030555555555555555 0.01796875
0 0.2611111111111111 0.446875 0.03888888888888889 0.0203125
0 0.10069444444444445 0.444140625 0.04861111111111111 0.02578125
0 0.9895833333333334 0.432421875 0.020833333333333332 0.01640625
0 0.06041666666666667 0.41796875 0.04583333333333333 0.021875
0 0.6104166666666667 0.37109375 0.029166666666666667 0.0203125
0 0.30069444444444443 0.3671875 0.029166666666666667 0.0125
0 0.24791666666666667 0.363671875 0.034722222222222224 0.01640625
0 0.5493055555555556 0.357421875 0.020833333333333332 0.01796875
0 0.5152777777777777 0.35703125 0.03888888888888889 0.021875
0 0.8576388888888888 0.3484375 0.018055555555555554 0.0125
0 0.2833333333333333 0.343359375 0.03611111111111111 0.01953125
0 0.425 0.346875 0.058333333333333334 0.0359375
0 0.6770833333333334 0.328515625 0.02638888888888889 0.01484375
0 0.14652777777777778 0.32890625 0.029166666666666667 0.015625
0 0.24444444444444444 0.32734375 0.03611111111111111 0.021875
0 0.26666666666666666 0.315234375 0.030555555555555555 0.02109375
0 0.04097222222222222 0.315234375 0.08194444444444444 0.02890625
0 0.17916666666666667 0.306640625 0.025 0.02109375
0 0.09930555555555555 0.30546875 0.034722222222222224 0.0203125
0 0.4409722222222222 0.30390625 0.043055555555555555 0.0265625
0 0.5048611111111111 0.290625 0.04583333333333333 0.0234375
0 0.20833333333333334 0.28828125 0.075 0.028125
0 0.8930555555555556 0.2796875 0.03333333333333333 0.015625
0 0.11736111111111111 0.28515625 0.0875 0.028125
0 0.7895833333333333 0.276953125 0.029166666666666667 0.01484375
0 0.8625 0.277734375 0.025 0.01796875
0 0.8236111111111111 0.26640625 0.041666666666666664 0.0203125
0 0.5229166666666667 0.265234375 0.07361111111111111 0.02421875
0 0.8645833333333334 0.248046875 0.029166666666666667 0.01796875
0 0.9847222222222223 0.241796875 0.027777777777777776 0.01640625
0 0.33055555555555555 0.24453125 0.04722222222222222 0.0296875
0 0.24513888888888888 0.234375 0.03194444444444444 0.01875
0 0.10277777777777777 0.228515625 0.025 0.01484375
0 0.99375 0.226953125 0.0125 0.01640625
0 0.15138888888888888 0.242578125 0.09444444444444444 0.05703125
0 0.12986111111111112 0.212109375 0.03194444444444444 0.01640625
0 0.43680555555555556 0.207421875 0.029166666666666667 0.01328125
0 0.3645833333333333 0.20625 0.02361111111111111 0.015625
0 0.7215277777777778 0.201953125 0.02638888888888889 0.01171875
0 0.6381944444444444 0.19921875 0.029166666666666667 0.0203125
0 0.05347222222222222 0.193359375 0.02361111111111111 0.01484375
0 0.020833333333333332 0.18671875 0.03888888888888889 0.0171875
0 0.4861111111111111 0.177734375 0.027777777777777776 0.01796875
0 0.06666666666666667 0.175390625 0.030555555555555555 0.01640625
0 0.29583333333333334 0.173046875 0.027777777777777776 0.01484375
0 0.26180555555555557 0.162890625 0.029166666666666667 0.01484375
0 0.19444444444444445 0.1609375 0.025 0.0125
0 0.37222222222222223 0.15234375 0.03611111111111111 0.0140625
0 0.3541666666666667 0.137890625 0.030555555555555555 0.02265625
0 0.28194444444444444 0.129296875 0.019444444444444445 0.01015625
0 0.3458333333333333 0.119140625 0.016666666666666666 0.01015625
0 0.275 0.11796875 0.025 0.0140625
0 0.22916666666666666 0.107421875 0.030555555555555555 0.03046875
