0 0.9930555555555556 0.73359375 0.013888888888888888 0.021875
0 0.8930555555555556 0.71640625 0.03333333333333333 0.0171875
0 0.034722222222222224 0.70078125 0.03333333333333333 0.0234375
0 0.6826388888888889 0.634375 0.04027777777777778 0.0171875
0 0.8208333333333333 0.564453125 0.03888888888888889 0.02421875
0 0.7958333333333333 0.512109375 0.027777777777777776 0.01640625
0 0.8458333333333333 0.501953125 0.025 0.01796875
0 0.2659722222222222 0.477734375 0.04861111111111111 0.01640625
0 0.8083333333333333 0.4765625 0.04722222222222222 0.01875
0 0.9840277777777777 0.476171875 0.029166666666666667 0.02421875
0 0.8611111111111112 0.473046875 0.058333333333333334 0.03359375
0 0.8208333333333333 0.416015625 0.041666666666666664 0.01484375
0 0.7347222222222223 0.413671875 0.025 0.01328125
0 0.8888888888888888 0.410546875 0.030555555555555555 0.01640625
0 0.8298611111111112 0.399609375 0.03194444444444444 0.01796875
0 0.8652777777777778 0.350390625 0.044444444444444446 0.02734375
0 0.8 0.33203125 0.05277777777777778 0.0296875
0 0.9604166666666667 0.309375 0.05138888888888889 0.0203125
0 0.8548611111111111 0.26953125 0.10694444444444444 0.0625
0 0.3 0.247265625 0.07222222222222222 0.03046875
0 0.9361111111111111 0.24609375 0.09444444444444444 0.034375
0 0.7930555555555555 0.209765625 0.04722222222222222 0.02578125
0 0.25416666666666665 0.173046875 0.027777777777777776 0.01953125
0 0.8770833333333333 0.166015625 0.06527777777777778 0.02734375
0 0.8944444444444445 0.150390625 0.025 0.00703125
0 0.05763888888888889 0.156640625 0.043055555555555555 0.02421875
0 0.022916666666666665 0.125390625 0.043055555555555555 0.02265625
0 0.06944444444444445 0.1125 0.05555555555555555 0.0375
0 0.016666666666666666 0.09609375 0.027777777777777776 0.01875
0 0.9611111111111111 0.054296875 0.05 0.03203125
