0 0.06180555555555556 0.669140625 0.043055555555555555 0.02421875
0 0.7388888888888889 0.634375 0.04722222222222222 0.0265625
0 0.21736111111111112 0.564453125 0.029166666666666667 0.01796875
0 0.7125 0.537890625 0.027777777777777776 0.02265625
0 0.09305555555555556 0.489453125 0.022222222222222223 0.01640625
0 0.7423611111111111 0.489453125 0.04583333333333333 0.02421875
0 0.2611111111111111 0.48125 0.04722222222222222 0.028125
0 0.05486111111111111 0.448828125 0.020833333333333332 0.01484375
0 0.4076388888888889 0.434375 0.0375 0.01875
0 0.4618055555555556 0.419140625 0.043055555555555555 0.02109375
0 0.04791666666666667 0.4140625 0.02361111111111111 0.015625
0 0.9076388888888889 0.40859375 0.034722222222222224 0.015625
0 0.8708333333333333 0.4 0.03333333333333333 0.021875
0 0.71875 0.396484375 0.029166666666666667 0.01640625
0 0.9173611111111111 0.389453125 0.020833333333333332 0.01484375
0 0.6833333333333333 0.38203125 0.03888888888888889 0.025
0 0.8194444444444444 0.374609375 0.03888888888888889 0.02421875
0 0.9888888888888889 0.37265625 0.022222222222222223 0.021875
0 0.3715277777777778 0.373828125 0.0375 0.02578125
0 0.8534722222222222 0.373828125 0.04861111111111111 0.03203125
0 0.19930555555555557 0.36796875 0.04861111111111111 0.0203125
0 0.24930555555555556 0.335546875 0.02638888888888889 0.01328125
0 0.9576388888888889 0.328125 0.02638888888888889 0.009375
0 0.6993055555555555 0.323046875 0.03194444444444444 0.02109375
0 0.31805555555555554 0.32421875 0.025 0.025
0 0.4083333333333333 0.31796875 0.058333333333333334 0.03125
0 0.9784722222222222 0.305859375 0.02361111111111111 0.01953125
0 0.91875 0.30859375 0.043055555555555555 0.0265625
0 0.22916666666666666 0.290234375 0.03333333333333333 0.01796875
0 0.9319444444444445 0.280859375 0.03611111111111111 0.02265625
0 0.9041666666666667 0.268359375 0.022222222222222223 0.01484375
0 0.14097222222222222 0.25 0.0375 0.0203125
0 0.7381944444444445 0.246875 0.0375 0.025
0 0.7972222222222223 0.23828125 0.044444444444444446 0.03125
0 0.06666666666666667 0.2359375 0.04722222222222222 0.0265625
0 0.84375 0.228125 0.02361111111111111 0.0171875
0 0.22708333333333333 0.2171875 0.02361111111111111 0.0171875
0 0.7493055555555556 0.2140625 0.05416666666666667 0.028125
0 0.7881944444444444 0.2015625 0.043055555555555555 0.0296875
0 0.25763888888888886 0.17890625 0.04861111111111111 0.028125
0 0.1673611111111111 0.166015625 0.059722222222222225 0.04296875
0 0.19305555555555556 0.1171875 0.03333333333333333 0.0125
0 0.2298611111111111 0.12265625 0.034722222222222224 0.0296875
0 0.9527777777777777 0.119140625 0.058333333333333334 0.03359375
0 0.8319444444444445 0.101171875 0.06111111111111111 0.05234375
