0 0.5423611111111111 0.62109375 0.043055555555555555 0.0234375
0 0.4041666666666667 0.60859375 0.04722222222222222 0.025
0 0.24722222222222223 0.594921875 0.05555555555555555 0.02890625
0 0.26319444444444445 0.56328125 0.03194444444444444 0.0234375
0 0.6236111111111111 0.534765625 0.04722222222222222 0.02578125
0 0.28194444444444444 0.52421875 0.030555555555555555 0.028125
0 0.5458333333333333 0.50703125 0.07222222222222222 0.0375
0 0.4361111111111111 0.499609375 0.06666666666666667 0.03515625
0 0.6243055555555556 0.487109375 0.043055555555555555 0.03203125
0 0.6333333333333333 0.457421875 0.05 0.03046875
0 0.18125 0.4453125 0.03194444444444444 0.0140625
0 0.5986111111111111 0.434375 0.03888888888888889 0.015625
0 0.15694444444444444 0.430859375 0.03611111111111111 0.01796875
0 0.5076388888888889 0.41171875 0.0375 0.01875
0 0.5680555555555555 0.325390625 0.041666666666666664 0.01015625
0 0.5722222222222222 0.269921875 0.07777777777777778 0.04140625
0 0.3958333333333333 0.13203125 0.041666666666666664 0.021875
0 0.5034722222222222 0.118359375 0.03194444444444444 0.01796875
0 0.41805555555555557 0.114453125 0.03611111111111111 0.01953125
