0 0.3729166666666667 0.730859375 0.02361111111111111 0.01484375
0 0.1798611111111111 0.688671875 0.029166666666666667 0.01484375
0 0.35555555555555557 0.685546875 0.03611111111111111 0.02109375
0 0.2798611111111111 0.68515625 0.029166666666666667 0.0296875
0 0.12361111111111112 0.66015625 0.027777777777777776 0.015625
0 0.23472222222222222 0.65703125 0.03333333333333333 0.0203125
0 0.18333333333333332 0.643359375 0.03333333333333333 0.02421875
0 0.03819444444444445 0.579296875 0.02638888888888889 0.01015625
0 0.34097222222222223 0.57890625 0.05138888888888889 0.0359375
0 0.1638888888888889 0.5609375 0.058333333333333334 0.0328125
0 0.5777777777777777 0.531640625 0.030555555555555555 0.02421875
0 0.5277777777777778 0.53203125 0.025 0.03125
0 0.3972222222222222 0.525 0.05277777777777778 0.0296875
0 0.5083333333333333 0.4859375 0.041666666666666664 0.021875
0 0.5597222222222222 0.479296875 0.03333333333333333 0.01640625
0 0.3909722222222222 0.47734375 0.043055555555555555 0.028125
0 0.98125 0.473828125 0.0375 0.02734375
0 0.2972222222222222 0.43515625 0.025 0.015625
0 0.36875 0.42109375 0.059722222222222225 0.028125
0 0.1840277777777778 0.406640625 0.04027777777777778 0.02734375
0 0.47708333333333336 0.405078125 0.06527777777777778 0.03671875
0 0.43194444444444446 0.3828125 0.03611111111111111 0.0234375
0 0.2520833333333333 0.38203125 0.0375 0.0265625
0 0.9909722222222223 0.375390625 0.018055555555555554 0.02734375
0 0.3236111111111111 0.35625 0.05277777777777778 0.021875
0 0.32430555555555557 0.328515625 0.05138888888888889 0.02734375
0 0.25763888888888886 0.2984375 0.0625 0.03125
0 0.37222222222222223 0.294921875 0.06111111111111111 0.04140625
0 0.2465277777777778 0.24765625 0.08194444444444444 0.03125
0 0.425 0.19765625 0.08333333333333333 0.040625
0 0.26666666666666666 0.188671875 0.058333333333333334 0.02890625
0 0.33402777777777776 0.18125 0.020833333333333332 0.0171875
