0 0.18194444444444444 0.683203125 0.044444444444444446 0.02890625
0 0.8375 0.64921875 0.05277777777777778 0.0234375
0 0.6673611111111111 0.666015625 0.09305555555555556 0.06171875
0 0.45902777777777776 0.6375 0.04861111111111111 0.0265625
0 0.6381944444444444 0.548046875 0.0625 0.03203125
0 0.48125 0.525 0.05416666666666667 0.028125
0 0.6319444444444444 0.489453125 0.06388888888888888 0.03359375
0 0.12083333333333333 0.491015625 0.1111111111111111 0.04765625
0 0.5375 0.470703125 0.05 0.02734375
0 0.25763888888888886 0.469921875 0.04861111111111111 0.03046875
0 0.48333333333333334 0.468359375 0.041666666666666664 0.03515625
0 0.3458333333333333 0.462109375 0.10277777777777777 0.02578125
0 0.5604166666666667 0.444921875 0.06527777777777778 0.02734375
0 0.025694444444444443 0.446875 0.04861111111111111 0.0453125
0 0.34791666666666665 0.433203125 0.0625 0.03359375
0 0.4618055555555556 0.413671875 0.0375 0.02421875
0 0.3854166666666667 0.380078125 0.10694444444444444 0.04140625
0 0.6083333333333333 0.364453125 0.1 0.03046875
0 0.40625 0.354296875 0.02361111111111111 0.01484375
0 0.11041666666666666 0.366796875 0.09861111111111111 0.04296875
0 0.34444444444444444 0.340234375 0.09722222222222222 0.04453125
0 0.5458333333333333 0.30234375 0.05277777777777778 0.0296875
0 0.3298611111111111 0.3015625 0.04027777777777778 0.028125
0 0.38125 0.29765625 0.05694444444444444 0.0453125
0 0.325 0.255078125 0.05 0.02109375
0 0.49027777777777776 0.239453125 0.044444444444444446 0.02578125
0 0.5722222222222222 0.236328125 0.04722222222222222 0.02421875
0 0.31319444444444444 0.230859375 0.04861111111111111 0.02734375
0 0.4354166666666667 0.227734375 0.059722222222222225 0.03671875
0 0.5493055555555556 0.215234375 0.02638888888888889 0.03046875
0 0.35694444444444445 0.206640625 0.09722222222222222 0.03359375
0 0.44930555555555557 0.184375 0.0763888888888889 0.034375
0 0.5263888888888889 0.13671875 0.06666666666666667 0.0375
