0 0.5375 0.564453125 0.041666666666666664 0.02421875
0 0.5180555555555556 0.543359375 0.03888888888888889 0.02265625
0 0.2881944444444444 0.51484375 0.02361111111111111 0.0203125
0 0.48680555555555555 0.5078125 0.034722222222222224 0.01875
0 0.5354166666666667 0.50546875 0.05416666666666667 0.0328125
0 0.8583333333333333 0.494921875 0.044444444444444446 0.02265625
0 0.5763888888888888 0.48828125 0.04722222222222222 0.0171875
0 0.8076388888888889 0.482421875 0.043055555555555555 0.02265625
0 0.5111111111111111 0.446484375 0.019444444444444445 0.01171875
0 0.3840277777777778 0.449609375 0.03194444444444444 0.01796875
0 0.34444444444444444 0.445703125 0.05 0.03046875
0 0.8847222222222222 0.44296875 0.07222222222222222 0.028125
0 0.4979166666666667 0.426171875 0.034722222222222224 0.01328125
0 0.14791666666666667 0.418359375 0.02638888888888889 0.01015625
0 0.24027777777777778 0.4171875 0.03888888888888889 0.01875
0 0.4861111111111111 0.40859375 0.022222222222222223 0.0109375
0 0.9722222222222222 0.398046875 0.027777777777777776 0.02421875
0 0.21041666666666667 0.391796875 0.03194444444444444 0.01484375
0 0.8875 0.391015625 0.044444444444444446 0.02265625
0 0.34444444444444444 0.380078125 0.027777777777777776 0.01484375
0 0.021527777777777778 0.368359375 0.034722222222222224 0.02109375
0 0.9277777777777778 0.367578125 0.058333333333333334 0.03359375
0 0.7847222222222222 0.365625 0.05555555555555555 0.03125
0 0.7125 0.358984375 0.044444444444444446 0.01953125
0 0.26944444444444443 0.3484375 0.019444444444444445 0.009375
0 0.06597222222222222 0.353125 0.02638888888888889 0.0203125
0 0.6458333333333334 0.346484375 0.025 0.01328125
0 0.29305555555555557 0.346875 0.03333333333333333 0.01875
0 0.09930555555555555 0.342578125 0.04027777777777778 0.01796875
0 0.6881944444444444 0.341015625 0.03194444444444444 0.01640625
0 0.7652777777777777 0.341796875 0.03888888888888889 0.01953125
0 0.7208333333333333 0.33984375 0.027777777777777776 0.015625
0 0.8076388888888889 0.3421875 0.043055555555555555 0.025
0 0.35 0.3328125 0.03333333333333333 0.021875
0 0.18819444444444444 0.32890625 0.03194444444444444 0.0171875
0 0.6666666666666666 0.322265625 0.044444444444444446 0.02265625
0 0.09583333333333334 0.31328125 0.030555555555555555 0.015625
0 0.7222222222222222 0.3140625 0.041666666666666664 0.021875
0 0.9555555555555556 0.29609375 0.030555555555555555 0.01875
0 0.7861111111111111 0.296875 0.03611111111111111 0.0234375
0 0.3388888888888889 0.267578125 0.022222222222222223 0.01640625
0 0.46805555555555556 0.28046875 0.06388888888888888 0.0453125
0 0.5736111111111111 0.262109375 0.025 0.02109375
0 0.6909722222222222 0.2171875 0.03194444444444444 0.021875
0 0.5388888888888889 0.195703125 0.075 0.02890625
0 0.4513888888888889 0.176171875 0.03888888888888889 0.02890625
0 0.40347222222222223 0.16796875 0.03194444444444444 0.0265625
