0 0.6 0.927734375 0.03333333333333333 0.02421875
0 0.5666666666666667 0.91875 0.025 0.0203125
0 0.44583333333333336 0.921484375 0.09166666666666666 0.06015625
0 0.9472222222222222 0.897265625 0.027777777777777776 0.02109375
0 0.85 0.8984375 0.06944444444444445 0.040625
0 0.5638888888888889 0.8328125 0.05 0.0265625
0 0.035416666666666666 0.834375 0.0625 0.0296875
0 0.4888888888888889 0.811328125 0.05277777777777778 0.02109375
0 0.2722222222222222 0.75859375 0.030555555555555555 0.01875
0 0.3902777777777778 0.7546875 0.03611111111111111 0.0171875
0 0.0763888888888889 0.728515625 0.058333333333333334 0.02421875
0 0.39791666666666664 0.714453125 0.10138888888888889 0.06015625
0 0.2326388888888889 0.691796875 0.059722222222222225 0.03515625
0 0.6263888888888889 0.6609375 0.03333333333333333 0.021875
0 0.48055555555555557 0.664453125 0.041666666666666664 0.03046875
0 0.4986111111111111 0.62578125 0.03333333333333333 0.015625
0 0.34791666666666665 0.624609375 0.08194444444444444 0.05078125
0 0.5472222222222223 0.614453125 0.044444444444444446 0.03828125
0 0.4354166666666667 0.6015625 0.05694444444444444 0.0296875
0 0.36666666666666664 0.57265625 0.05277777777777778 0.0234375
0 0.5770833333333333 0.553125 0.04583333333333333 0.0203125
0 0.6305555555555555 0.53828125 0.041666666666666664 0.015625
0 0.4847222222222222 0.530859375 0.06388888888888888 0.03828125
0 0.24513888888888888 0.433203125 0.05694444444444444 0.02421875
0 0.24791666666666667 0.391015625 0.0125 0.01796875
0 0.23333333333333334 0.316015625 0.05277777777777778 0.03046875
0 0.4 0.262890625 0.05277777777777778 0.02734375
0 0.34375 0.257421875 0.05138888888888889 0.02734375
0 0.3506944444444444 0.225390625 0.04861111111111111 0.02265625
