0 0.88125 0.75625 0.059722222222222225 0.04375
0 0.22708333333333333 0.69609375 0.04583333333333333 0.0203125
0 0.09583333333333334 0.69375 0.019444444444444445 0.0171875
0 0.675 0.644921875 0.022222222222222223 0.01015625
0 0.44930555555555557 0.646875 0.029166666666666667 0.015625
0 0.14791666666666667 0.635546875 0.04583333333333333 0.01484375
0 0.5708333333333333 0.632421875 0.030555555555555555 0.01328125
0 0.5138888888888888 0.60078125 0.05555555555555555 0.0375
0 0.875 0.581640625 0.041666666666666664 0.01953125
0 0.45902777777777776 0.572265625 0.020833333333333332 0.01015625
0 0.4166666666666667 0.579296875 0.05277777777777778 0.03984375
0 0.5493055555555556 0.573828125 0.06805555555555555 0.05859375
0 0.8166666666666667 0.54140625 0.041666666666666664 0.0234375
0 0.6645833333333333 0.54140625 0.04583333333333333 0.025
0 0.25763888888888886 0.537109375 0.04027777777777778 0.02421875
0 0.4986111111111111 0.526171875 0.05277777777777778 0.02890625
0 0.7472222222222222 0.51171875 0.06944444444444445 0.03125
0 0.6965277777777777 0.50234375 0.0375 0.0125
0 0.09305555555555556 0.487109375 0.019444444444444445 0.01640625
0 0.3645833333333333 0.481640625 0.05138888888888889 0.02890625
0 0.17708333333333334 0.4671875 0.029166666666666667 0.0171875
0 0.12430555555555556 0.467578125 0.04583333333333333 0.01796875
0 0.2048611111111111 0.4328125 0.08194444444444444 0.04375
0 0.7597222222222222 0.416015625 0.03888888888888889 0.02265625
0 0.03125 0.373046875 0.034722222222222224 0.01796875
0 0.5930555555555556 0.34375 0.03888888888888889 0.025
0 0.4548611111111111 0.28125 0.02638888888888889 0.0171875
0 0.5111111111111111 0.272265625 0.041666666666666664 0.01953125
0 0.5680555555555555 0.277734375 0.044444444444444446 0.03671875
0 0.41180555555555554 0.2421875 0.034722222222222224 0.025
0 0.9319444444444445 0.243359375 0.05555555555555555 0.03203125
0 0.8666666666666667 0.230078125 0.05555555555555555 0.02890625
0 0.5548611111111111 0.193359375 0.043055555555555555 0.02734375
0 0.5729166666666666 0.157421875 0.09305555555555556 0.03984375
0 0.6618055555555555 0.154296875 0.10416666666666667 0.04921875
0 0.5034722222222222 0.12265625 0.029166666666666667 0.0203125
0 0.5291666666666667 0.10546875 0.025 0.0140625
0 0.6361111111111111 0.099609375 0.044444444444444446 0.02265625
0 0.5756944444444444 0.0984375 0.05138888888888889 0.0328125
0 0.6881944444444444 0.089453125 0.03194444444444444 0.02109375
0 0.5958333333333333 0.03046875 0.11666666666666667 0.0609375
