0 0.5861111111111111 0.922265625 0.06666666666666667 0.04609375
0 0.6055555555555555 0.83984375 0.08611111111111111 0.04375
0 0.23194444444444445 0.830859375 0.04722222222222222 0.02890625
0 0.11180555555555556 0.759765625 0.0625 0.03984375
0 0.04027777777777778 0.734765625 0.03611111111111111 0.02109375
0 0.21597222222222223 0.70234375 0.04583333333333333 0.025
0 0.5625 0.69140625 0.04722222222222222 0.0328125
0 0.6069444444444444 0.687890625 0.041666666666666664 0.02734375
0 0.20833333333333334 0.675390625 0.03611111111111111 0.02265625
0 0.26944444444444443 0.670703125 0.06111111111111111 0.03203125
0 0.20208333333333334 0.635546875 0.04583333333333333 0.02890625
0 0.8118055555555556 0.630859375 0.0375 0.02421875
0 0.5347222222222222 0.628515625 0.04722222222222222 0.02734375
0 0.4027777777777778 0.598046875 0.05 0.03046875
0 0.35555555555555557 0.56171875 0.041666666666666664 0.028125
0 0.9875 0.559375 0.025 0.03125
0 0.9326388888888889 0.541796875 0.043055555555555555 0.02734375
0 0.39861111111111114 0.541015625 0.041666666666666664 0.02734375
0 0.07847222222222222 0.541015625 0.05416666666666667 0.03046875
0 0.5930555555555556 0.533203125 0.044444444444444446 0.02890625
0 0.49166666666666664 0.528125 0.03888888888888889 0.0203125
0 0.44513888888888886 0.528515625 0.043055555555555555 0.04296875
0 0.12083333333333333 0.51875 0.05 0.025
0 0.71875 0.5171875 0.04583333333333333 0.0296875
0 0.3020833333333333 0.512890625 0.04583333333333333 0.02734375
0 0.21805555555555556 0.51015625 0.03333333333333333 0.025
0 0.9694444444444444 0.514453125 0.058333333333333334 0.03515625
0 0.6763888888888889 0.511328125 0.04722222222222222 0.02890625
0 0.2569444444444444 0.485546875 0.05 0.02890625
0 0.3472222222222222 0.463671875 0.10277777777777777 0.04296875
0 0.2701388888888889 0.45390625 0.05416666666666667 0.0296875
0 0.6631944444444444 0.4484375 0.0625 0.0390625
0 0.2916666666666667 0.424609375 0.041666666666666664 0.02421875
0 0.5694444444444444 0.41796875 0.04722222222222222 0.028125
0 0.35 0.37890625 0.05 0.0328125
0 0.5729166666666666 0.3703125 0.04027777777777778 0.025
0 0.49583333333333335 0.37265625 0.08333333333333333 0.046875
0 0.4326388888888889 0.364453125 0.05694444444444444 0.03671875
0 0.6506944444444445 0.330859375 0.0625 0.02890625
0 0.4618055555555556 0.306640625 0.02361111111111111 0.01640625
0 0.5631944444444444 0.301953125 0.043055555555555555 0.03046875
0 0.61875 0.29765625 0.05416666666666667 0.028125
0 0.37222222222222223 0.29609375 0.05277777777777778 0.028125
0 0.3472222222222222 0.27265625 0.044444444444444446 0.028125
0 0.5208333333333334 0.280078125 0.06944444444444445 0.04921875
0 0.4166666666666667 0.26796875 0.041666666666666664 0.028125
0 0.5034722222222222 0.234765625 0.043055555555555555 0.02734375
0 0.45694444444444443 0.2109375 0.016666666666666666 0.01875
0 0.4083333333333333 0.22109375 0.11388888888888889 0.053125
0 0.5618055555555556 0.181640625 0.05138888888888889 0.03203125
0 0.4166666666666667 0.178125 0.08611111111111111 0.0421875
0 0.4847222222222222 0.158203125 0.06944444444444445 0.05078125
0 0.46944444444444444 0.103515625 0.04722222222222222 0.02890625
0 0.5236111111111111 0.078125 0.06666666666666667 0.0359375
