0 0.9118055555555555 0.830859375 0.04027777777777778 0.02734375
0 0.8729166666666667 0.679296875 0.04861111111111111 0.03359375
0 0.8013888888888889 0.654296875 0.019444444444444445 0.01640625
0 0.425 0.6453125 0.03888888888888889 0.025
0 0.45069444444444445 0.626953125 0.043055555555555555 0.01953125
0 0.8423611111111111 0.62265625 0.04583333333333333 0.0125
0 0.6506944444444445 0.615234375 0.0375 0.01953125
0 0.17708333333333334 0.555078125 0.034722222222222224 0.01484375
0 0.3326388888888889 0.535546875 0.029166666666666667 0.00859375
0 0.9805555555555555 0.524609375 0.03611111111111111 0.01640625
0 0.9909722222222223 0.503515625 0.018055555555555554 0.02265625
0 0.24791666666666667 0.491015625 0.059722222222222225 0.03046875
0 0.5451388888888888 0.462890625 0.029166666666666667 0.01171875
0 0.4423611111111111 0.4640625 0.020833333333333332 0.0140625
0 0.9715277777777778 0.464453125 0.05138888888888889 0.02578125
0 0.50625 0.413671875 0.0763888888888889 0.02734375
0 0.8159722222222222 0.400390625 0.0375 0.01953125
0 0.18541666666666667 0.39765625 0.02361111111111111 0.015625
0 0.28194444444444444 0.39765625 0.05 0.0265625
0 0.5486111111111112 0.384375 0.05277777777777778 0.0359375
0 0.29930555555555555 0.366796875 0.0375 0.00859375
0 0.9451388888888889 0.36328125 0.059722222222222225 0.0296875
0 0.5402777777777777 0.352734375 0.044444444444444446 0.02734375
0 0.6527777777777778 0.34296875 0.030555555555555555 0.0203125
0 0.16041666666666668 0.326953125 0.020833333333333332 0.02265625
0 0.9923611111111111 0.32265625 0.015277777777777777 0.0171875
0 0.5944444444444444 0.312109375 0.06944444444444445 0.03671875
0 0.84375 0.31171875 0.09027777777777778 0.040625
0 0.17777777777777778 0.28125 0.04722222222222222 0.03125
0 0.02361111111111111 0.26796875 0.044444444444444446 0.0265625
0 0.5993055555555555 0.251171875 0.05138888888888889 0.02890625
0 0.9465277777777777 0.241796875 0.04027777777777778 0.02578125
0 0.5243055555555556 0.230859375 0.04027777777777778 0.03359375
0 0.6604166666666667 0.225 0.034722222222222224 0.0265625
0 0.8381944444444445 0.212109375 0.04583333333333333 0.02578125
0 0.7361111111111112 0.20859375 0.041666666666666664 0.025
0 0.5145833333333333 0.1875 0.020833333333333332 0.0171875
0 0.5569444444444445 0.15 0.044444444444444446 0.025
0 0.6791666666666667 0.12578125 0.06111111111111111 0.0359375
0 0.7465277777777778 0.106640625 0.059722222222222225 0.03671875
0 0.8118055555555556 0.093359375 0.02361111111111111 0.01640625
0 0.6201388888888889 0.096875 0.06527777777777778 0.03125
0 0.6909722222222222 0.062109375 0.0375 0.01796875
0 0.7270833333333333 0.0390625 0.02638888888888889 0.0109375
0 0.5958333333333333 0.01640625 0.03888888888888889 0.0234375
