0 0.4527777777777778 0.726953125 0.027777777777777776 0.01484375
0 0.4375 0.7125 0.025 0.021875
0 0.4909722222222222 0.69765625 0.029166666666666667 0.01875
0 0.9541666666666667 0.6546875 0.025 0.0125
0 0.6111111111111112 0.651171875 0.025 0.00859375
0 0.3875 0.642578125 0.022222222222222223 0.01484375
0 0.5451388888888888 0.622265625 0.018055555555555554 0.01328125
0 0.2923611111111111 0.622265625 0.009722222222222222 0.01328125
0 0.7875 0.61796875 0.019444444444444445 0.015625
0 0.5006944444444444 0.613671875 0.0375 0.01953125
0 0.25 0.601171875 0.030555555555555555 0.01640625
0 0.7118055555555556 0.6 0.029166666666666667 0.0171875
0 0.3729166666666667 0.598046875 0.020833333333333332 0.01484375
0 0.9875 0.598046875 0.025 0.01796875
0 0.6652777777777777 0.593359375 0.019444444444444445 0.01640625
0 0.6104166666666667 0.57734375 0.03194444444444444 0.0171875
0 0.37083333333333335 0.576953125 0.041666666666666664 0.01953125
0 0.7680555555555556 0.56328125 0.03888888888888889 0.0171875
0 0.010416666666666666 0.56171875 0.018055555555555554 0.0171875
0 0.7951388888888888 0.55 0.029166666666666667 0.0109375
0 0.31805555555555554 0.547265625 0.041666666666666664 0.02109375
0 0.875 0.541015625 0.030555555555555555 0.01484375
0 0.8444444444444444 0.533984375 0.03333333333333333 0.01796875
0 0.41180555555555554 0.54140625 0.059722222222222225 0.034375
0 0.1951388888888889 0.525 0.043055555555555555 0.025
0 0.27569444444444446 0.5203125 0.04583333333333333 0.0203125
0 0.9465277777777777 0.51328125 0.020833333333333332 0.009375
0 0.6895833333333333 0.518359375 0.0375 0.01953125
0 0.4284722222222222 0.5140625 0.04027777777777778 0.0203125
0 0.10069444444444445 0.51015625 0.043055555555555555 0.01875
0 0.34444444444444444 0.506640625 0.030555555555555555 0.01484375
0 0.7770833333333333 0.50703125 0.043055555555555555 0.01875
0 0.7604166666666666 0.491015625 0.04027777777777778 0.02421875
0 0.43819444444444444 0.47109375 0.03194444444444444 0.015625
0 0.011111111111111112 0.46328125 0.019444444444444445 0.0234375
0 0.27847222222222223 0.45234375 0.03194444444444444 0.0203125
0 0.11875 0.45703125 0.05138888888888889 0.04375
0 0.08055555555555556 0.42109375 0.044444444444444446 0.0203125
0 0.6201388888888889 0.378125 0.029166666666666667 0.0203125
0 0.2659722222222222 0.36953125 0.04027777777777778 0.0203125
0 0.4479166666666667 0.3609375 0.029166666666666667 0.0140625
0 0.5416666666666666 0.36484375 0.06111111111111111 0.0234375
0 0.3013888888888889 0.350390625 0.03888888888888889 0.01796875
0 0.42986111111111114 0.346484375 0.04583333333333333 0.02265625
0 0.2611111111111111 0.333203125 0.03611111111111111 0.01953125
0 0.16805555555555557 0.3296875 0.030555555555555555 0.021875
0 0.2833333333333333 0.320703125 0.027777777777777776 0.01953125
0 0.05763888888888889 0.319140625 0.09027777777777778 0.02890625
0 0.1986111111111111 0.312890625 0.022222222222222223 0.01953125
0 0.11736111111111111 0.313671875 0.03194444444444444 0.02421875
0 0.45555555555555555 0.309765625 0.044444444444444446 0.02421875
0 0.5180555555555556 0.296875 0.04722222222222222 0.021875
0 0.22777777777777777 0.293359375 0.06944444444444445 0.02578125
0 0.8861111111111111 0.2890625 0.05555555555555555 0.025
0 0.13541666666666666 0.290234375 0.08194444444444444 0.02734375
0 0.7979166666666667 0.28515625 0.034722222222222224 0.01875
0 0.5166666666666667 0.273828125 0.03333333333333333 0.01953125
0 0.83125 0.275 0.034722222222222224 0.0234375
0 0.5534722222222223 0.26875 0.0375 0.015625
0 0.8680555555555556 0.258203125 0.03888888888888889 0.01953125
0 0.3472222222222222 0.253125 0.05 0.0265625
0 0.2611111111111111 0.241796875 0.030555555555555555 0.01640625
0 0.16458333333333333 0.24765625 0.10138888888888889 0.0546875
0 0.15347222222222223 0.21640625 0.0375 0.0140625
0 0.38263888888888886 0.214453125 0.020833333333333332 0.01640625
0 0.7347222222222223 0.211328125 0.030555555555555555 0.01171875
0 0.6513888888888889 0.20703125 0.027777777777777776 0.021875
0 0.07847222222222222 0.2 0.02361111111111111 0.0140625
0 0.03263888888888889 0.18984375 0.06527777777777778 0.0203125
0 0.3138888888888889 0.18125 0.027777777777777776 0.0140625
0 0.08958333333333333 0.18046875 0.029166666666666667 0.015625
0 0.28125 0.173046875 0.02361111111111111 0.01484375
0 0.21805555555555556 0.16875 0.027777777777777776 0.0125
0 0.3923611111111111 0.161328125 0.034722222222222224 0.01640625
0 0.36944444444444446 0.1453125 0.025 0.015625
0 0.3659722222222222 0.12734375 0.0125 0.0109375
0 0.2986111111111111 0.13125 0.03333333333333333 0.0234375
0 0.25 0.116015625 0.027777777777777776 0.02890625
