0 0.6354166666666666 0.674609375 0.02638888888888889 0.01484375
0 0.7069444444444445 0.67734375 0.041666666666666664 0.0234375
0 0.19375 0.657421875 0.015277777777777777 0.02421875
0 0.25555555555555554 0.64140625 0.06944444444444445 0.028125
0 0.5722222222222222 0.630078125 0.05 0.02578125
0 0.3888888888888889 0.61796875 0.013888888888888888 0.0125
0 0.36527777777777776 0.61484375 0.030555555555555555 0.0125
0 0.5194444444444445 0.606640625 0.027777777777777776 0.01171875
0 0.08541666666666667 0.62578125 0.04583333333333333 0.05
0 0.5451388888888888 0.592578125 0.04583333333333333 0.02578125
0 0.2798611111111111 0.50078125 0.0375 0.025
0 0.23055555555555557 0.491015625 0.022222222222222223 0.02109375
0 0.029166666666666667 0.405078125 0.041666666666666664 0.01953125
0 0.07777777777777778 0.358203125 0.03888888888888889 0.02734375
