0 0.18194444444444444 0.8015625 0.04722222222222222 0.025
0 0.11388888888888889 0.785546875 0.04722222222222222 0.02265625
0 0.22152777777777777 0.784765625 0.03194444444444444 0.02265625
0 0.6888888888888889 0.754296875 0.041666666666666664 0.02421875
0 0.625 0.725390625 0.041666666666666664 0.02890625
0 0.9409722222222222 0.704296875 0.04861111111111111 0.02421875
0 0.5125 0.697265625 0.041666666666666664 0.02421875
0 0.7048611111111112 0.6875 0.0375 0.03125
0 0.5652777777777778 0.659375 0.05277777777777778 0.0265625
0 0.9895833333333334 0.626171875 0.020833333333333332 0.01171875
0 0.9930555555555556 0.6 0.013888888888888888 0.0203125
0 0.2604166666666667 0.60234375 0.034722222222222224 0.0296875
0 0.6277777777777778 0.59296875 0.019444444444444445 0.0171875
0 0.20208333333333334 0.5875 0.0375 0.0203125
0 0.9951388888888889 0.5796875 0.009722222222222222 0.015625
0 0.5875 0.576171875 0.041666666666666664 0.01953125
0 0.9930555555555556 0.561328125 0.013888888888888888 0.01328125
0 0.6333333333333333 0.537109375 0.05 0.02109375
0 0.5861111111111111 0.536328125 0.025 0.02265625
0 0.5277777777777778 0.535546875 0.03888888888888889 0.02421875
0 0.2951388888888889 0.510546875 0.14027777777777778 0.03671875
0 0.20625 0.493359375 0.04583333333333333 0.02265625
0 0.3888888888888889 0.476953125 0.05555555555555555 0.02109375
0 0.5944444444444444 0.46171875 0.044444444444444446 0.0265625
0 0.22083333333333333 0.44765625 0.027777777777777776 0.025
0 0.34930555555555554 0.451953125 0.05138888888888889 0.04921875
0 0.26319444444444445 0.430078125 0.034722222222222224 0.01015625
0 0.6243055555555556 0.419921875 0.04027777777777778 0.02109375
0 0.5583333333333333 0.40859375 0.05277777777777778 0.025
0 0.3368055555555556 0.397265625 0.04027777777777778 0.01640625
0 0.2520833333333333 0.390625 0.029166666666666667 0.01875
0 0.5513888888888889 0.3578125 0.03888888888888889 0.0125
0 0.3277777777777778 0.328515625 0.03333333333333333 0.01640625
0 0.29583333333333334 0.318359375 0.016666666666666666 0.01015625
0 0.26319444444444445 0.3109375 0.04027777777777778 0.0234375
0 0.32916666666666666 0.2953125 0.03333333333333333 0.01875
0 0.2701388888888889 0.28203125 0.04861111111111111 0.0203125
0 0.4756944444444444 0.25234375 0.0625 0.03125
0 0.35138888888888886 0.23984375 0.05277777777777778 0.028125
0 0.375 0.21171875 0.05277777777777778 0.03125
0 0.4756944444444444 0.1859375 0.08194444444444444 0.01875
0 0.3527777777777778 0.175390625 0.027777777777777776 0.04609375
0 0.3958333333333333 0.16015625 0.030555555555555555 0.01875
0 0.5534722222222223 0.13828125 0.05416666666666667 0.0359375
0 0.3923611111111111 0.13046875 0.04861111111111111 0.03125
0 0.5986111111111111 0.071875 0.058333333333333334 0.0375
0 0.49027777777777776 0.03984375 0.044444444444444446 0.025
