0 0.6881944444444444 0.702734375 0.02638888888888889 0.01484375
0 0.8722222222222222 0.693359375 0.030555555555555555 0.02109375
0 0.9125 0.664453125 0.05 0.02578125
0 0.7222222222222222 0.65546875 0.027777777777777776 0.015625
0 0.96875 0.63671875 0.04027777777777778 0.0203125
0 0.6118055555555556 0.640234375 0.04861111111111111 0.03046875
0 0.5326388888888889 0.627734375 0.02638888888888889 0.01171875
0 0.4847222222222222 0.630859375 0.027777777777777776 0.01796875
0 0.4125 0.61171875 0.022222222222222223 0.025
0 0.49375 0.60546875 0.018055555555555554 0.0140625
0 0.5965277777777778 0.599609375 0.05694444444444444 0.02265625
0 0.5152777777777777 0.580078125 0.04722222222222222 0.01640625
0 0.5375 0.519140625 0.041666666666666664 0.01796875
0 0.5763888888888888 0.491015625 0.03333333333333333 0.02109375
0 0.6305555555555555 0.484765625 0.05 0.02265625
0 0.5729166666666666 0.457421875 0.043055555555555555 0.02578125
