0 0.1486111111111111 0.7265625 0.019444444444444445 0.0140625
0 0.13333333333333333 0.6765625 0.05555555555555555 0.0234375
0 0.16111111111111112 0.65703125 0.03888888888888889 0.015625
0 0.10972222222222222 0.640234375 0.044444444444444446 0.03203125
0 0.7645833333333333 0.616015625 0.020833333333333332 0.01328125
0 0.14722222222222223 0.615625 0.05277777777777778 0.025
0 0.6895833333333333 0.485546875 0.034722222222222224 0.01484375
0 0.1875 0.4734375 0.05 0.0421875
0 0.7604166666666666 0.42109375 0.034722222222222224 0.0140625
0 0.6520833333333333 0.409765625 0.02361111111111111 0.01796875
0 0.9652777777777778 0.319921875 0.05555555555555555 0.03203125
