0 0.7875 0.591015625 0.05555555555555555 0.02421875
0 0.8465277777777778 0.57578125 0.06805555555555555 0.0328125
0 0.8847222222222222 0.505078125 0.04722222222222222 0.02890625
0 0.8229166666666666 0.50078125 0.08194444444444444 0.040625
0 0.8965277777777778 0.45 0.08194444444444444 0.0359375
0 0.9618055555555556 0.41953125 0.0625 0.034375
0 0.8055555555555556 0.391796875 0.05 0.02734375
0 0.9701388888888889 0.353515625 0.059722222222222225 0.03046875
0 0.8930555555555556 0.348046875 0.04722222222222222 0.02890625
0 0.9131944444444444 0.312109375 0.07361111111111111 0.03359375
0 0.5597222222222222 0.296875 0.05555555555555555 0.034375
