0 0.8222222222222222 0.8265625 0.025 0.021875
0 0.9833333333333333 0.787890625 0.03333333333333333 0.02734375
0 0.32708333333333334 0.761328125 0.06805555555555555 0.02265625
0 0.25833333333333336 0.75390625 0.05555555555555555 0.03125
0 0.21944444444444444 0.73125 0.044444444444444446 0.0234375
0 0.6666666666666666 0.7 0.022222222222222223 0.01875
0 0.36180555555555555 0.687890625 0.043055555555555555 0.02421875
0 0.0125 0.683984375 0.022222222222222223 0.02578125
0 0.005555555555555556 0.640625 0.011111111111111112 0.021875
0 0.3138888888888889 0.6 0.041666666666666664 0.025
0 0.275 0.59375 0.03888888888888889 0.025
0 0.6881944444444444 0.58515625 0.03194444444444444 0.01875
0 0.6506944444444445 0.55234375 0.05138888888888889 0.0234375
0 0.6 0.55859375 0.05 0.0515625
0 0.37916666666666665 0.522265625 0.05 0.01796875
0 0.6625 0.50390625 0.08055555555555556 0.034375
0 0.4166666666666667 0.492578125 0.044444444444444446 0.02421875
0 0.4027777777777778 0.46796875 0.03333333333333333 0.0078125
0 0.45 0.472265625 0.05277777777777778 0.03046875
0 0.65 0.44765625 0.04722222222222222 0.0265625
0 0.5701388888888889 0.442578125 0.043055555555555555 0.02109375
0 0.2708333333333333 0.437109375 0.030555555555555555 0.02265625
0 0.6347222222222222 0.411328125 0.03611111111111111 0.01953125
0 0.6840277777777778 0.416796875 0.04027777777777778 0.04453125
0 0.40555555555555556 0.37109375 0.027777777777777776 0.021875
0 0.6194444444444445 0.368359375 0.06944444444444445 0.04140625
0 0.375 0.350390625 0.03333333333333333 0.01171875
0 0.4791666666666667 0.354296875 0.07222222222222222 0.03671875
0 0.48819444444444443 0.32421875 0.04027777777777778 0.0109375
0 0.45902777777777776 0.30390625 0.05138888888888889 0.025
0 0.7006944444444444 0.303125 0.0375 0.028125
0 0.47291666666666665 0.2703125 0.0763888888888889 0.04375
0 0.6201388888888889 0.25703125 0.043055555555555555 0.0265625
0 0.5784722222222223 0.228515625 0.018055555555555554 0.01484375
0 0.5270833333333333 0.15546875 0.043055555555555555 0.0265625
