0 0.9833333333333333 0.709375 0.030555555555555555 0.028125
0 0.5673611111111111 0.686328125 0.02361111111111111 0.01796875
0 0.8819444444444444 0.642578125 0.03333333333333333 0.01640625
0 0.7965277777777777 0.64296875 0.034722222222222224 0.0171875
0 0.9583333333333334 0.64921875 0.058333333333333334 0.0328125
0 0.39166666666666666 0.640234375 0.03333333333333333 0.01796875
0 0.6236111111111111 0.633203125 0.041666666666666664 0.03515625
0 0.9666666666666667 0.619921875 0.04722222222222222 0.02578125
0 0.4826388888888889 0.614453125 0.04583333333333333 0.01796875
0 0.35833333333333334 0.612109375 0.03333333333333333 0.01796875
0 0.9222222222222223 0.601171875 0.030555555555555555 0.01640625
0 0.8590277777777777 0.601953125 0.029166666666666667 0.01796875
0 0.5902777777777778 0.600390625 0.03333333333333333 0.01953125
0 0.8166666666666667 0.594921875 0.019444444444444445 0.01484375
0 0.6590277777777778 0.5921875 0.04861111111111111 0.025
0 0.7645833333333333 0.589453125 0.05416666666666667 0.02578125
0 0.5840277777777778 0.576171875 0.029166666666666667 0.02421875
0 0.9923611111111111 0.57578125 0.015277777777777777 0.0265625
0 0.6180555555555556 0.5640625 0.03888888888888889 0.015625
0 0.4708333333333333 0.5578125 0.025 0.0203125
0 0.8618055555555556 0.55859375 0.034722222222222224 0.0296875
0 0.20555555555555555 0.55078125 0.05 0.028125
0 0.12361111111111112 0.53984375 0.03333333333333333 0.0203125
0 0.008333333333333333 0.542578125 0.013888888888888888 0.02578125
0 0.6048611111111111 0.52890625 0.04583333333333333 0.0265625
0 0.9930555555555556 0.518359375 0.013888888888888888 0.01171875
0 0.5770833333333333 0.519140625 0.029166666666666667 0.01953125
0 0.7493055555555556 0.494140625 0.02638888888888889 0.01484375
0 0.9333333333333333 0.4953125 0.06388888888888888 0.025
0 0.8631944444444445 0.4875 0.04027777777777778 0.025
0 0.6645833333333333 0.467578125 0.020833333333333332 0.01171875
0 0.07847222222222222 0.4640625 0.029166666666666667 0.0234375
0 0.7513888888888889 0.438671875 0.030555555555555555 0.01484375
0 0.8354166666666667 0.437890625 0.03194444444444444 0.01640625
0 0.9611111111111111 0.43046875 0.03333333333333333 0.009375
0 0.5868055555555556 0.421875 0.02638888888888889 0.0171875
0 0.9395833333333333 0.4171875 0.018055555555555554 0.0171875
0 0.7090277777777778 0.419140625 0.08194444444444444 0.02578125
0 0.9881944444444445 0.411328125 0.02361111111111111 0.01328125
0 0.034722222222222224 0.417578125 0.05277777777777778 0.03203125
0 0.6868055555555556 0.405859375 0.029166666666666667 0.01484375
0 0.8243055555555555 0.3953125 0.029166666666666667 0.015625
0 0.6666666666666666 0.394921875 0.022222222222222223 0.01484375
0 0.14652777777777778 0.397265625 0.029166666666666667 0.02109375
0 0.7416666666666667 0.38828125 0.025 0.009375
0 0.33611111111111114 0.395703125 0.044444444444444446 0.02578125
0 0.8729166666666667 0.3921875 0.05138888888888889 0.03125
0 0.07569444444444444 0.38984375 0.05138888888888889 0.0265625
0 0.7111111111111111 0.380078125 0.019444444444444445 0.01171875
0 0.7465277777777778 0.376171875 0.018055555555555554 0.00859375
0 0.5645833333333333 0.37890625 0.03194444444444444 0.015625
0 0.2076388888888889 0.39296875 0.09305555555555556 0.046875
0 0.6166666666666667 0.362890625 0.027777777777777776 0.01484375
0 0.2513888888888889 0.352734375 0.041666666666666664 0.02421875
0 0.5111111111111111 0.3453125 0.027777777777777776 0.0140625
0 0.9840277777777777 0.344921875 0.03194444444444444 0.01484375
0 0.9152777777777777 0.330859375 0.027777777777777776 0.01484375
0 0.4777777777777778 0.32890625 0.05 0.028125
0 0.3263888888888889 0.310546875 0.04722222222222222 0.01328125
0 0.6201388888888889 0.3109375 0.0375 0.0171875
0 0.9486111111111111 0.309375 0.05 0.0296875
0 0.018055555555555554 0.26796875 0.03333333333333333 0.0234375
0 0.38055555555555554 0.265234375 0.058333333333333334 0.02734375
0 0.5041666666666667 0.258203125 0.027777777777777776 0.01640625
0 0.5576388888888889 0.2515625 0.03194444444444444 0.01875
0 0.07152777777777777 0.24375 0.029166666666666667 0.021875
0 0.5909722222222222 0.24140625 0.03194444444444444 0.0203125
0 0.6895833333333333 0.2390625 0.034722222222222224 0.0203125
0 0.8604166666666667 0.23671875 0.03194444444444444 0.0203125
0 0.021527777777777778 0.23828125 0.043055555555555555 0.0234375
0 0.7694444444444445 0.230859375 0.03333333333333333 0.01484375
0 0.5631944444444444 0.22890625 0.034722222222222224 0.0265625
0 0.46041666666666664 0.22890625 0.0625 0.028125
0 0.14027777777777778 0.221875 0.03333333333333333 0.015625
0 0.5298611111111111 0.224609375 0.034722222222222224 0.02421875
0 0.8986111111111111 0.21953125 0.030555555555555555 0.0171875
0 0.03611111111111111 0.21171875 0.05277777777777778 0.021875
0 0.9625 0.209375 0.03333333333333333 0.0203125
0 0.27708333333333335 0.205859375 0.029166666666666667 0.02109375
0 0.10972222222222222 0.201953125 0.019444444444444445 0.01484375
0 0.8395833333333333 0.20703125 0.04583333333333333 0.028125
0 0.3659722222222222 0.209765625 0.04861111111111111 0.03359375
0 0.17569444444444443 0.19765625 0.034722222222222224 0.021875
0 0.7208333333333333 0.19375 0.025 0.015625
0 0.9222222222222223 0.192578125 0.030555555555555555 0.01953125
0 0.07430555555555556 0.187109375 0.0375 0.01484375
0 0.5861111111111111 0.187109375 0.025 0.01640625
0 0.98125 0.185546875 0.0375 0.02265625
0 0.8881944444444444 0.19296875 0.04861111111111111 0.040625
0 0.80625 0.182421875 0.04583333333333333 0.02265625
0 0.2076388888888889 0.171484375 0.02361111111111111 0.01640625
0 0.12361111111111112 0.16640625 0.025 0.015625
0 0.2263888888888889 0.166015625 0.03333333333333333 0.01640625
0 0.7006944444444444 0.1625 0.043055555555555555 0.0234375
0 0.08263888888888889 0.148828125 0.03194444444444444 0.01640625
0 0.8055555555555556 0.145703125 0.05 0.02734375
0 0.19791666666666666 0.128515625 0.03194444444444444 0.02265625
0 0.10138888888888889 0.1203125 0.03611111111111111 0.0171875
0 0.010416666666666666 0.11171875 0.018055555555555554 0.0171875
0 0.33402777777777776 0.115234375 0.06805555555555555 0.05703125
0 0.18055555555555555 0.101953125 0.1111111111111111 0.04609375
0 0.3326388888888889 0.082421875 0.020833333333333332 0.01953125
0 0.16805555555555557 0.06796875 0.019444444444444445 0.0171875
0 0.2652777777777778 0.068359375 0.044444444444444446 0.03203125
0 0.07777777777777778 0.061328125 0.041666666666666664 0.01953125
0 0.19652777777777777 0.065625 0.04583333333333333 0.0296875
