0 0.6166666666666667 0.968359375 0.06388888888888888 0.03984375
0 0.7659722222222223 0.884765625 0.029166666666666667 0.01484375
0 0.6430555555555556 0.8890625 0.058333333333333334 0.0421875
0 0.8604166666666667 0.828515625 0.02361111111111111 0.01328125
0 0.15763888888888888 0.80390625 0.04861111111111111 0.0265625
0 0.5402777777777777 0.788671875 0.027777777777777776 0.01328125
0 0.6041666666666666 0.782421875 0.022222222222222223 0.00859375
0 0.09097222222222222 0.77265625 0.04027777777777778 0.0203125
0 0.6027777777777777 0.7375 0.04722222222222222 0.0234375
0 0.2625 0.719921875 0.03333333333333333 0.01484375
0 0.31875 0.716015625 0.05694444444444444 0.02421875
0 0.8576388888888888 0.67734375 0.020833333333333332 0.0140625
0 0.5861111111111111 0.677734375 0.03888888888888889 0.01640625
0 0.25833333333333336 0.676953125 0.041666666666666664 0.01640625
0 0.36875 0.6484375 0.029166666666666667 0.0140625
0 0.4465277777777778 0.644921875 0.0375 0.02109375
0 0.9465277777777777 0.631640625 0.04861111111111111 0.01796875
0 0.40208333333333335 0.60703125 0.03194444444444444 0.021875
0 0.7222222222222222 0.59765625 0.025 0.015625
0 0.9715277777777778 0.5875 0.034722222222222224 0.0140625
0 0.4534722222222222 0.58203125 0.02638888888888889 0.0140625
0 0.6444444444444445 0.577734375 0.030555555555555555 0.01796875
0 0.5354166666666667 0.575390625 0.034722222222222224 0.01328125
0 0.17916666666666667 0.56484375 0.04722222222222222 0.021875
0 0.9888888888888889 0.5640625 0.022222222222222223 0.021875
0 0.49444444444444446 0.57265625 0.03611111111111111 0.0390625
0 0.2777777777777778 0.5546875 0.030555555555555555 0.015625
0 0.7277777777777777 0.55859375 0.05555555555555555 0.0296875
0 0.36527777777777776 0.5546875 0.022222222222222223 0.0234375
0 0.3111111111111111 0.536328125 0.04722222222222222 0.02109375
0 0.42777777777777776 0.51328125 0.03888888888888889 0.015625
0 0.3736111111111111 0.516796875 0.044444444444444446 0.02734375
0 0.40555555555555556 0.50234375 0.03333333333333333 0.01875
0 0.325 0.5 0.044444444444444446 0.0234375
0 0.7090277777777778 0.496875 0.04583333333333333 0.025
0 0.3451388888888889 0.471875 0.0375 0.01875
0 0.5763888888888888 0.430078125 0.022222222222222223 0.01328125
0 0.3993055555555556 0.427734375 0.04583333333333333 0.02734375
0 0.49027777777777776 0.41953125 0.03888888888888889 0.01875
0 0.6236111111111111 0.41640625 0.03333333333333333 0.015625
0 0.5416666666666666 0.422265625 0.06388888888888888 0.03984375
0 0.4673611111111111 0.404296875 0.02361111111111111 0.01171875
0 0.5319444444444444 0.377734375 0.041666666666666664 0.01640625
0 0.6972222222222222 0.380078125 0.04722222222222222 0.02578125
0 0.5270833333333333 0.359765625 0.0375 0.01328125
0 0.015277777777777777 0.359765625 0.027777777777777776 0.02265625
0 0.6055555555555555 0.351171875 0.03611111111111111 0.02265625
0 0.41944444444444445 0.3484375 0.05277777777777778 0.0234375
0 0.6625 0.34765625 0.05 0.0296875
0 0.39305555555555555 0.326953125 0.030555555555555555 0.02109375
0 0.05763888888888889 0.32890625 0.04583333333333333 0.0296875
0 0.4701388888888889 0.32109375 0.0375 0.0171875
0 0.5673611111111111 0.33203125 0.06527777777777778 0.0453125
0 0.5541666666666667 0.2890625 0.025 0.0140625
0 0.50625 0.26640625 0.018055555555555554 0.021875
0 0.4576388888888889 0.27421875 0.09583333333333334 0.04375
0 0.4888888888888889 0.244140625 0.030555555555555555 0.01171875
0 0.6131944444444445 0.233984375 0.03194444444444444 0.01640625
0 0.45 0.234375 0.044444444444444446 0.0203125
0 0.5277777777777778 0.208203125 0.03888888888888889 0.02109375
0 0.5201388888888889 0.1609375 0.029166666666666667 0.015625
0 0.5736111111111111 0.141015625 0.044444444444444446 0.03203125
