0 0.5013888888888889 0.805859375 0.03888888888888889 0.01796875
0 0.48055555555555557 0.76015625 0.027777777777777776 0.0140625
0 0.36041666666666666 0.7578125 0.034722222222222224 0.0171875
0 0.3284722222222222 0.708203125 0.03194444444444444 0.01640625
0 0.9875 0.700390625 0.025 0.02265625
0 0.15138888888888888 0.6953125 0.041666666666666664 0.015625
0 0.1875 0.68359375 0.03611111111111111 0.0171875
0 0.024305555555555556 0.67578125 0.0375 0.015625
0 0.5916666666666667 0.674609375 0.044444444444444446 0.02109375
0 0.4173611111111111 0.66484375 0.034722222222222224 0.0125
0 0.7430555555555556 0.6578125 0.03611111111111111 0.0140625
0 0.06666666666666667 0.66796875 0.06944444444444445 0.040625
0 0.12222222222222222 0.637109375 0.030555555555555555 0.01796875
0 0.47638888888888886 0.631640625 0.022222222222222223 0.01171875
0 0.5618055555555556 0.5953125 0.04583333333333333 0.0203125
0 0.2125 0.51015625 0.027777777777777776 0.0125
0 0.1451388888888889 0.510546875 0.0375 0.02421875
0 0.27569444444444446 0.51484375 0.07083333333333333 0.0390625
0 0.15138888888888888 0.484765625 0.041666666666666664 0.02109375
0 0.1076388888888889 0.483203125 0.043055555555555555 0.03046875
0 0.20069444444444445 0.4765625 0.05138888888888889 0.028125
0 0.2722222222222222 0.4609375 0.041666666666666664 0.021875
0 0.19305555555555556 0.45078125 0.030555555555555555 0.0234375
0 0.8208333333333333 0.45 0.05555555555555555 0.0296875
0 0.29930555555555555 0.444140625 0.02638888888888889 0.01796875
0 0.4 0.440625 0.030555555555555555 0.015625
0 0.9430555555555555 0.4375 0.03611111111111111 0.0234375
0 0.33402777777777776 0.4171875 0.03194444444444444 0.015625
0 0.2013888888888889 0.417578125 0.04722222222222222 0.02578125
0 0.4027777777777778 0.409765625 0.019444444444444445 0.01484375
0 0.9763888888888889 0.403515625 0.030555555555555555 0.01953125
0 0.35555555555555557 0.39765625 0.044444444444444446 0.0203125
0 0.8020833333333334 0.4015625 0.04027777777777778 0.0296875
0 0.6638888888888889 0.39609375 0.041666666666666664 0.0265625
0 0.4236111111111111 0.384765625 0.025 0.01796875
0 0.23958333333333334 0.359375 0.05138888888888889 0.025
0 0.17708333333333334 0.350390625 0.05138888888888889 0.03046875
0 0.26875 0.284375 0.029166666666666667 0.0140625
0 0.8638888888888889 0.271484375 0.05555555555555555 0.03046875
0 0.6479166666666667 0.25390625 0.07361111111111111 0.0328125
0 0.19583333333333333 0.24296875 0.019444444444444445 0.0109375
0 0.7388888888888889 0.232421875 0.05277777777777778 0.02109375
0 0.27152777777777776 0.2046875 0.06527777777777778 0.0171875
0 0.1986111111111111 0.212890625 0.06666666666666667 0.03515625
0 0.7951388888888888 0.167578125 0.03194444444444444 0.02265625
0 0.8340277777777778 0.15390625 0.04027777777777778 0.0234375
0 0.7791666666666667 0.13203125 0.05 0.0453125
0 0.8361111111111111 0.107421875 0.03611111111111111 0.03046875
