0 0.022222222222222223 0.71953125 0.027777777777777776 0.0140625
0 0.03958333333333333 0.650390625 0.0763888888888889 0.05703125
0 0.03194444444444444 0.606640625 0.05555555555555555 0.02265625
0 0.7770833333333333 0.587109375 0.015277777777777777 0.01015625
0 0.9201388888888888 0.56640625 0.0375 0.01875
0 0.25972222222222224 0.5328125 0.030555555555555555 0.0140625
0 0.5743055555555555 0.47421875 0.02638888888888889 0.0171875
0 0.08888888888888889 0.475 0.027777777777777776 0.0265625
0 0.64375 0.41171875 0.034722222222222224 0.0140625
0 0.9020833333333333 0.379296875 0.015277777777777777 0.02265625
0 0.9493055555555555 0.3296875 0.05416666666666667 0.034375
0 0.8430555555555556 0.310546875 0.058333333333333334 0.03359375
