0 0.6729166666666667 0.6296875 0.043055555555555555 0.021875
0 0.5375 0.62109375 0.04722222222222222 0.0265625
0 0.39166666666666666 0.61015625 0.05 0.0296875
0 0.40555555555555556 0.5796875 0.027777777777777776 0.0234375
0 0.7527777777777778 0.542578125 0.05 0.02734375
0 0.41180555555555554 0.54296875 0.043055555555555555 0.028125
0 0.3625 0.521875 0.025 0.0203125
0 0.6680555555555555 0.51796875 0.06666666666666667 0.0375
0 0.5590277777777778 0.5140625 0.06805555555555555 0.034375
0 0.09097222222222222 0.5046875 0.04583333333333333 0.0265625
0 0.7520833333333333 0.49453125 0.020833333333333332 0.021875
0 0.7048611111111112 0.469921875 0.015277777777777777 0.00859375
0 0.2972222222222222 0.465625 0.030555555555555555 0.0203125
0 0.7784722222222222 0.464453125 0.04861111111111111 0.02890625
0 0.2708333333333333 0.4515625 0.03333333333333333 0.021875
0 0.7097222222222223 0.444140625 0.03333333333333333 0.01171875
0 0.6763888888888889 0.440234375 0.019444444444444445 0.00859375
0 0.5986111111111111 0.436328125 0.041666666666666664 0.02109375
0 0.6715277777777777 0.3453125 0.034722222222222224 0.0265625
0 0.6715277777777777 0.284765625 0.0625 0.03828125
0 0.6076388888888888 0.137109375 0.02638888888888889 0.01484375
0 0.5152777777777777 0.147265625 0.058333333333333334 0.03984375
