0 0.050694444444444445 0.724609375 0.07083333333333333 0.02265625
0 0.022916666666666665 0.696484375 0.043055555555555555 0.03203125
0 0.1076388888888889 0.67578125 0.02638888888888889 0.01875
0 0.8166666666666667 0.655859375 0.04722222222222222 0.01328125
0 0.5409722222222222 0.654296875 0.043055555555555555 0.01953125
0 0.7159722222222222 0.65 0.0375 0.021875
0 0.4375 0.6484375 0.08888888888888889 0.0609375
0 0.7125 0.626171875 0.07777777777777778 0.03203125
0 0.6208333333333333 0.615234375 0.044444444444444446 0.03671875
0 0.5333333333333333 0.5953125 0.044444444444444446 0.0171875
0 0.625 0.582421875 0.06388888888888888 0.02578125
0 0.7388888888888889 0.56796875 0.04722222222222222 0.021875
0 0.6993055555555555 0.54609375 0.03194444444444444 0.021875
0 0.7527777777777778 0.530078125 0.041666666666666664 0.01640625
0 0.6368055555555555 0.51015625 0.020833333333333332 0.01875
0 0.5888888888888889 0.4609375 0.07222222222222222 0.0328125
0 0.7020833333333333 0.447265625 0.020833333333333332 0.01640625
0 0.65625 0.43984375 0.020833333333333332 0.0125
