0 0.1451388888888889 0.8484375 0.05138888888888889 0.0328125
0 0.3145833333333333 0.815234375 0.04861111111111111 0.02734375
0 0.09513888888888888 0.76875 0.020833333333333332 0.0140625
0 0.13125 0.755078125 0.029166666666666667 0.02265625
0 0.9895833333333334 0.74375 0.018055555555555554 0.015625
0 0.049305555555555554 0.61640625 0.03194444444444444 0.015625
0 0.5875 0.57421875 0.05277777777777778 0.025
0 0.06736111111111111 0.526953125 0.020833333333333332 0.01640625
0 0.09583333333333334 0.51953125 0.041666666666666664 0.021875
0 0.09166666666666666 0.475 0.03888888888888889 0.0203125
0 0.01597222222222222 0.4625 0.029166666666666667 0.028125
0 0.03680555555555556 0.43984375 0.03194444444444444 0.0171875
0 0.0763888888888889 0.448046875 0.06666666666666667 0.04296875
0 0.014583333333333334 0.4125 0.02638888888888889 0.01875
0 0.015277777777777777 0.391015625 0.030555555555555555 0.01484375
0 0.6222222222222222 0.350390625 0.03888888888888889 0.02265625
0 0.58125 0.343359375 0.043055555555555555 0.02421875
0 0.08402777777777778 0.338671875 0.04027777777777778 0.02421875
0 0.007638888888888889 0.295703125 0.0125 0.02109375
0 0.5680555555555555 0.275390625 0.030555555555555555 0.01953125
0 0.43125 0.255078125 0.04027777777777778 0.01796875
0 0.4076388888888889 0.216796875 0.11527777777777778 0.04453125
0 0.3784722222222222 0.196875 0.043055555555555555 0.0234375
