0 0.34791666666666665 0.75234375 0.05694444444444444 0.034375
0 0.2791666666666667 0.743359375 0.05 0.03359375
0 0.2881944444444444 0.7109375 0.05416666666666667 0.028125
0 0.5909722222222222 0.703515625 0.043055555555555555 0.02421875
0 0.13055555555555556 0.68515625 0.05555555555555555 0.0234375
0 0.6159722222222223 0.6640625 0.05416666666666667 0.03125
0 0.4222222222222222 0.684765625 0.11388888888888889 0.07265625
0 0.011805555555555555 0.6421875 0.02361111111111111 0.0171875
0 0.3298611111111111 0.6390625 0.059722222222222225 0.03125
0 0.12222222222222222 0.60390625 0.027777777777777776 0.015625
0 0.32430555555555557 0.596875 0.04583333333333333 0.021875
0 0.7513888888888889 0.58125 0.041666666666666664 0.021875
0 0.9909722222222223 0.5453125 0.018055555555555554 0.009375
0 0.9125 0.553125 0.044444444444444446 0.0296875
0 0.09166666666666666 0.541015625 0.027777777777777776 0.01953125
0 0.9631944444444445 0.523828125 0.06527777777777778 0.02890625
0 0.8277777777777777 0.47734375 0.016666666666666666 0.028125
0 0.7569444444444444 0.41875 0.03333333333333333 0.015625
0 0.83125 0.37109375 0.034722222222222224 0.015625
0 0.24166666666666667 0.3421875 0.030555555555555555 0.0125
0 0.6444444444444445 0.3375 0.041666666666666664 0.01875
0 0.7993055555555556 0.337109375 0.029166666666666667 0.02734375
0 0.26180555555555557 0.32421875 0.029166666666666667 0.0125
0 0.7555555555555555 0.315234375 0.05277777777777778 0.02890625
0 0.6708333333333333 0.31171875 0.044444444444444446 0.0296875
0 0.7291666666666666 0.291796875 0.058333333333333334 0.03203125
0 0.39305555555555555 0.28203125 0.03333333333333333 0.0125
0 0.34444444444444444 0.26953125 0.044444444444444446 0.025
0 0.21319444444444444 0.266015625 0.0625 0.03046875
0 0.05 0.265234375 0.075 0.03359375
0 0.8951388888888889 0.248046875 0.03194444444444444 0.01484375
0 0.60625 0.248046875 0.029166666666666667 0.02109375
0 0.0125 0.24296875 0.022222222222222223 0.0109375
0 0.8451388888888889 0.24140625 0.043055555555555555 0.025
0 0.9861111111111112 0.22265625 0.025 0.0203125
0 0.2638888888888889 0.223828125 0.058333333333333334 0.02890625
0 0.1284722222222222 0.21953125 0.018055555555555554 0.0203125
0 0.8777777777777778 0.20703125 0.030555555555555555 0.0109375
0 0.9048611111111111 0.210546875 0.020833333333333332 0.02421875
0 0.4097222222222222 0.20625 0.03333333333333333 0.015625
0 0.09375 0.210546875 0.04861111111111111 0.02734375
0 0.013888888888888888 0.201953125 0.022222222222222223 0.01640625
0 0.39444444444444443 0.190625 0.027777777777777776 0.0125
0 0.9381944444444444 0.198046875 0.059722222222222225 0.03046875
0 0.55625 0.1859375 0.034722222222222224 0.0171875
0 0.2798611111111111 0.177734375 0.0375 0.01640625
0 0.88125 0.178515625 0.04027777777777778 0.02109375
0 0.6729166666666667 0.17421875 0.04027777777777778 0.015625
0 0.7972222222222223 0.17578125 0.058333333333333334 0.03125
0 0.9513888888888888 0.169921875 0.05277777777777778 0.03359375
0 0.5381944444444444 0.16484375 0.05694444444444444 0.0234375
0 0.6263888888888889 0.153515625 0.03611111111111111 0.01953125
0 0.059722222222222225 0.151171875 0.030555555555555555 0.01796875
0 0.5895833333333333 0.151953125 0.0375 0.02109375
0 0.45069444444444445 0.150390625 0.0375 0.02265625
0 0.5194444444444445 0.141796875 0.03333333333333333 0.01640625
0 0.18263888888888888 0.14765625 0.05416666666666667 0.0296875
0 0.3277777777777778 0.144140625 0.1 0.04140625
0 0.6048611111111111 0.127734375 0.03194444444444444 0.01796875
0 0.8340277777777778 0.123828125 0.02638888888888889 0.01953125
0 0.9673611111111111 0.12578125 0.04027777777777778 0.025
0 0.7805555555555556 0.10546875 0.03333333333333333 0.0203125
0 0.02638888888888889 0.098828125 0.025 0.01484375
0 0.6173611111111111 0.08984375 0.03194444444444444 0.0203125
0 0.34444444444444444 0.097265625 0.06111111111111111 0.03515625
0 0.3854166666666667 0.08203125 0.043055555555555555 0.0171875
0 0.7875 0.07421875 0.03611111111111111 0.021875
0 0.6555555555555556 0.070703125 0.03611111111111111 0.01953125
0 0.5090277777777777 0.06875 0.034722222222222224 0.015625
0 0.18333333333333332 0.073828125 0.05277777777777778 0.03671875
0 0.8458333333333333 0.055859375 0.025 0.01953125
0 0.9909722222222223 0.04296875 0.018055555555555554 0.021875
0 0.8138888888888889 0.043359375 0.03333333333333333 0.02734375
0 0.035416666666666666 0.043359375 0.07083333333333333 0.02890625
0 0.8555555555555555 0.03125 0.022222222222222223 0.015625
0 0.5972222222222222 0.055078125 0.09444444444444444 0.06328125
0 0.5 0.031640625 0.019444444444444445 0.01953125
0 0.1673611111111111 0.02421875 0.02638888888888889 0.021875
0 0.4583333333333333 0.02890625 0.058333333333333334 0.0359375
0 0.6270833333333333 0.01953125 0.02638888888888889 0.021875
0 0.4201388888888889 0.012109375 0.034722222222222224 0.01640625
0 0.5930555555555556 0.00859375 0.03888888888888889 0.015625
0 0.7541666666666667 0.01015625 0.03888888888888889 0.0203125
