0 0.6194444444444445 0.944921875 0.05 0.02734375
0 0.2708333333333333 0.882421875 0.06666666666666667 0.04296875
0 0.5263888888888889 0.869140625 0.03611111111111111 0.02890625
0 0.14097222222222222 0.829296875 0.05416666666666667 0.03359375
0 0.8791666666666667 0.824609375 0.041666666666666664 0.02734375
0 0.6965277777777777 0.82109375 0.10972222222222222 0.0484375
0 0.5097222222222222 0.798828125 0.027777777777777776 0.01953125
0 0.8194444444444444 0.805078125 0.058333333333333334 0.04453125
0 0.08402777777777778 0.789453125 0.0375 0.02890625
0 0.8923611111111112 0.78515625 0.06805555555555555 0.0296875
0 0.34097222222222223 0.762890625 0.03194444444444444 0.02578125
0 0.8159722222222222 0.753515625 0.059722222222222225 0.02578125
0 0.9875 0.743359375 0.019444444444444445 0.01640625
0 0.8118055555555556 0.73125 0.02361111111111111 0.0140625
0 0.775 0.721875 0.025 0.0203125
0 0.6236111111111111 0.703515625 0.05277777777777778 0.03515625
0 0.5701388888888889 0.68203125 0.043055555555555555 0.0203125
0 0.7256944444444444 0.680859375 0.0375 0.02890625
0 0.7368055555555556 0.63359375 0.04861111111111111 0.01875
0 0.2013888888888889 0.6203125 0.044444444444444446 0.0265625
0 0.28055555555555556 0.604296875 0.022222222222222223 0.02109375
0 0.6986111111111111 0.607421875 0.05 0.03046875
0 0.8326388888888889 0.584765625 0.09027777777777778 0.03046875
0 0.1 0.577734375 0.027777777777777776 0.02109375
0 0.7541666666666667 0.587109375 0.04722222222222222 0.04140625
0 0.6604166666666667 0.58125 0.0875 0.0296875
0 0.5291666666666667 0.569921875 0.03333333333333333 0.02109375
0 0.18194444444444444 0.55703125 0.044444444444444446 0.028125
0 0.28888888888888886 0.553515625 0.04722222222222222 0.02578125
0 0.3284722222222222 0.55078125 0.03194444444444444 0.0265625
0 0.6291666666666667 0.53125 0.041666666666666664 0.0296875
0 0.31319444444444444 0.526953125 0.04027777777777778 0.02578125
0 0.3625 0.523828125 0.06111111111111111 0.02734375
0 0.7708333333333334 0.516796875 0.05277777777777778 0.02265625
0 0.5361111111111111 0.484375 0.03611111111111111 0.0171875
0 0.7618055555555555 0.478125 0.06805555555555555 0.028125
0 0.4013888888888889 0.480859375 0.08888888888888889 0.03828125
0 0.7479166666666667 0.43203125 0.05138888888888889 0.0296875
0 0.5791666666666667 0.41796875 0.019444444444444445 0.0234375
0 0.9604166666666667 0.420703125 0.07916666666666666 0.03203125
0 0.7715277777777778 0.407421875 0.043055555555555555 0.01640625
0 0.6597222222222222 0.428125 0.1111111111111111 0.0609375
0 0.8097222222222222 0.40546875 0.027777777777777776 0.01875
0 0.5013888888888889 0.408984375 0.09444444444444444 0.03203125
0 0.29930555555555555 0.394921875 0.04583333333333333 0.02421875
0 0.20208333333333334 0.37734375 0.0375 0.0203125
0 0.5777777777777777 0.375390625 0.016666666666666666 0.01796875
0 0.4652777777777778 0.371875 0.05555555555555555 0.028125
0 0.5861111111111111 0.352734375 0.03333333333333333 0.01640625
0 0.38958333333333334 0.3359375 0.029166666666666667 0.0234375
0 0.6729166666666667 0.323046875 0.09583333333333334 0.04765625
0 0.5138888888888888 0.3015625 0.03888888888888889 0.028125
0 0.6340277777777777 0.285546875 0.043055555555555555 0.02890625
0 0.4534722222222222 0.274609375 0.04583333333333333 0.02578125
0 0.4930555555555556 0.259765625 0.05 0.01953125
0 0.7118055555555556 0.243359375 0.05138888888888889 0.02890625
0 0.7138888888888889 0.202734375 0.05555555555555555 0.03203125
0 0.6243055555555556 0.1859375 0.04583333333333333 0.028125
0 0.6638888888888889 0.158984375 0.06111111111111111 0.03359375
