0 0.3680555555555556 0.703515625 0.03611111111111111 0.02578125
0 0.11875 0.686328125 0.04583333333333333 0.02734375
0 0.059027777777777776 0.668359375 0.04583333333333333 0.03046875
0 0.39791666666666664 0.647265625 0.02638888888888889 0.01484375
0 0.88125 0.631640625 0.029166666666666667 0.01171875
0 0.6006944444444444 0.643359375 0.0763888888888889 0.05234375
0 0.31180555555555556 0.625 0.043055555555555555 0.01875
0 0.50625 0.62421875 0.04583333333333333 0.0234375
0 0.6416666666666667 0.61484375 0.05 0.01875
0 0.8986111111111111 0.6109375 0.05555555555555555 0.0375
0 0.44513888888888886 0.601953125 0.05416666666666667 0.02578125
0 0.9555555555555556 0.58828125 0.041666666666666664 0.0234375
0 0.38125 0.57734375 0.0625 0.025
0 0.5305555555555556 0.573046875 0.05555555555555555 0.02734375
0 0.3645833333333333 0.516015625 0.020833333333333332 0.01328125
0 0.47152777777777777 0.5 0.0763888888888889 0.0359375
0 0.46597222222222223 0.46640625 0.043055555555555555 0.025
0 0.4041666666666667 0.456640625 0.041666666666666664 0.01796875
0 0.33611111111111114 0.45234375 0.027777777777777776 0.021875
0 0.36944444444444446 0.435546875 0.05277777777777778 0.02734375
0 0.46944444444444444 0.42421875 0.05 0.025
0 0.4125 0.403515625 0.025 0.02109375
0 0.3923611111111111 0.379296875 0.02638888888888889 0.01796875
0 0.42569444444444443 0.376953125 0.0375 0.01953125
