0 0.9805555555555555 0.6125 0.03888888888888889 0.0265625
0 0.9729166666666667 0.58515625 0.04583333333333333 0.021875
0 0.4527777777777778 0.58125 0.06111111111111111 0.025
0 0.12916666666666668 0.57265625 0.058333333333333334 0.0171875
0 0.013888888888888888 0.553515625 0.019444444444444445 0.00859375
0 0.9645833333333333 0.547265625 0.04861111111111111 0.02734375
0 0.7666666666666667 0.545703125 0.04722222222222222 0.02578125
0 0.22569444444444445 0.54296875 0.04027777777777778 0.021875
0 0.4736111111111111 0.551171875 0.08055555555555556 0.04453125
0 0.6652777777777777 0.551171875 0.13333333333333333 0.04921875
0 0.5125 0.5328125 0.030555555555555555 0.0140625
0 0.20902777777777778 0.518359375 0.029166666666666667 0.01484375
0 0.5243055555555556 0.51796875 0.029166666666666667 0.0171875
0 0.32569444444444445 0.518359375 0.04583333333333333 0.02109375
0 0.14722222222222223 0.5203125 0.030555555555555555 0.025
0 0.6527777777777778 0.517578125 0.030555555555555555 0.02265625
0 0.7777777777777778 0.5125 0.030555555555555555 0.01875
0 0.7 0.519140625 0.03888888888888889 0.03515625
0 0.12361111111111112 0.50078125 0.025 0.0171875
0 0.8430555555555556 0.498828125 0.07222222222222222 0.03984375
0 0.10694444444444444 0.482421875 0.027777777777777776 0.01484375
0 0.008333333333333333 0.476953125 0.013888888888888888 0.01328125
0 0.9006944444444445 0.473828125 0.0375 0.01953125
0 0.33819444444444446 0.472265625 0.02638888888888889 0.01640625
0 0.41944444444444445 0.470703125 0.03888888888888889 0.01953125
0 0.7618055555555555 0.46796875 0.02638888888888889 0.0171875
0 0.6972222222222222 0.470703125 0.06111111111111111 0.03203125
0 0.28055555555555556 0.4625 0.027777777777777776 0.0171875
0 0.8555555555555555 0.45703125 0.025 0.015625
0 0.20416666666666666 0.457421875 0.027777777777777776 0.01953125
0 0.49375 0.44921875 0.02638888888888889 0.0140625
0 0.5465277777777777 0.448828125 0.0375 0.02734375
0 0.8284722222222223 0.43671875 0.034722222222222224 0.01875
0 0.3347222222222222 0.43203125 0.030555555555555555 0.0171875
0 0.42986111111111114 0.426171875 0.034722222222222224 0.01953125
0 0.2833333333333333 0.404296875 0.027777777777777776 0.01640625
0 0.5 0.4 0.030555555555555555 0.021875
0 0.5611111111111111 0.39375 0.030555555555555555 0.0140625
0 0.8347222222222223 0.38984375 0.03333333333333333 0.01875
0 0.9361111111111111 0.38125 0.030555555555555555 0.0140625
0 0.11319444444444444 0.3796875 0.034722222222222224 0.015625
0 0.28541666666666665 0.375390625 0.0375 0.01484375
0 0.38263888888888886 0.3640625 0.03194444444444444 0.0140625
0 0.10208333333333333 0.364453125 0.03194444444444444 0.01796875
0 0.5277777777777778 0.360546875 0.025 0.01328125
0 0.6229166666666667 0.3515625 0.02638888888888889 0.0140625
0 0.3951388888888889 0.3515625 0.0375 0.0171875
0 0.6361111111111111 0.33515625 0.03888888888888889 0.021875
0 0.1597222222222222 0.327734375 0.025 0.01484375
0 0.009722222222222222 0.3265625 0.016666666666666666 0.0125
0 0.7069444444444445 0.313671875 0.05555555555555555 0.02421875
0 0.8826388888888889 0.303125 0.06527777777777778 0.0296875
0 0.009722222222222222 0.2890625 0.016666666666666666 0.0109375
0 0.525 0.29765625 0.058333333333333334 0.034375
0 0.6416666666666667 0.284765625 0.03333333333333333 0.01640625
0 0.6034722222222222 0.271875 0.0375 0.021875
0 0.7333333333333333 0.242578125 0.027777777777777776 0.01484375
0 0.6243055555555556 0.24453125 0.04583333333333333 0.021875
0 0.9784722222222222 0.2375 0.020833333333333332 0.0140625
0 0.6451388888888889 0.2234375 0.04027777777777778 0.0234375
0 0.975 0.215234375 0.022222222222222223 0.01328125
0 0.7604166666666666 0.2125 0.029166666666666667 0.0171875
0 0.6895833333333333 0.21171875 0.04027777777777778 0.021875
0 0.9895833333333334 0.198828125 0.020833333333333332 0.01328125
0 0.6416666666666667 0.19453125 0.05 0.01875
0 0.7076388888888889 0.1671875 0.02361111111111111 0.015625
0 0.7513888888888889 0.16796875 0.04722222222222222 0.025
0 0.7847222222222222 0.1421875 0.04722222222222222 0.021875
0 0.98125 0.1390625 0.034722222222222224 0.021875
0 0.8430555555555556 0.1234375 0.04722222222222222 0.021875
0 0.7708333333333334 0.08203125 0.075 0.025
0 0.9034722222222222 0.080859375 0.04861111111111111 0.02734375
0 0.8465277777777778 0.066015625 0.03194444444444444 0.01640625
0 0.7423611111111111 0.01484375 0.043055555555555555 0.025
