0 0.5340277777777778 0.619921875 0.04583333333333333 0.02265625
0 0.38958333333333334 0.610546875 0.04861111111111111 0.02578125
0 0.21458333333333332 0.597265625 0.05416666666666667 0.02734375
0 0.23055555555555557 0.566015625 0.030555555555555555 0.02265625
0 0.6236111111111111 0.528125 0.05 0.028125
0 0.24861111111111112 0.5265625 0.03333333333333333 0.0296875
0 0.5298611111111111 0.503515625 0.06527777777777778 0.03515625
0 0.41875 0.498828125 0.07083333333333333 0.03359375
0 0.6215277777777778 0.48203125 0.029166666666666667 0.01875
0 0.1625 0.44609375 0.016666666666666666 0.0203125
0 0.6277777777777778 0.45 0.05 0.0296875
0 0.13541666666666666 0.434765625 0.02638888888888889 0.01953125
0 0.5361111111111111 0.4296875 0.030555555555555555 0.021875
0 0.5777777777777777 0.427734375 0.025 0.02109375
0 0.48125 0.412109375 0.04027777777777778 0.02734375
0 0.5590277777777778 0.317578125 0.029166666666666667 0.00859375
0 0.5569444444444445 0.262109375 0.07777777777777778 0.04296875
0 0.4701388888888889 0.109375 0.034722222222222224 0.0171875
0 0.3715277777777778 0.1203125 0.059722222222222225 0.0421875
