0 0.5006944444444444 0.728125 0.04861111111111111 0.0171875
0 0.6236111111111111 0.671875 0.019444444444444445 0.01875
0 0.9243055555555556 0.670703125 0.02638888888888889 0.02578125
0 0.7840277777777778 0.660546875 0.02361111111111111 0.01328125
0 0.9208333333333333 0.65 0.019444444444444445 0.0140625
0 0.8805555555555555 0.65390625 0.05277777777777778 0.028125
0 0.28125 0.65078125 0.04861111111111111 0.0265625
0 0.8513888888888889 0.624609375 0.03611111111111111 0.01796875
0 0.6645833333333333 0.607421875 0.0125 0.02265625
0 0.5111111111111111 0.597265625 0.025 0.00859375
0 0.27291666666666664 0.605078125 0.08472222222222223 0.04296875
0 0.8895833333333333 0.552734375 0.029166666666666667 0.01328125
0 0.28055555555555556 0.540625 0.08055555555555556 0.03125
0 0.075 0.532421875 0.06666666666666667 0.03515625
0 0.3173611111111111 0.4546875 0.04583333333333333 0.0234375
0 0.49027777777777776 0.446875 0.044444444444444446 0.0234375
0 0.15902777777777777 0.440234375 0.034722222222222224 0.01796875
0 0.22152777777777777 0.442578125 0.034722222222222224 0.02734375
0 0.5361111111111111 0.427734375 0.03333333333333333 0.01484375
0 0.3090277777777778 0.423828125 0.04861111111111111 0.02734375
0 0.6944444444444444 0.42265625 0.041666666666666664 0.0296875
0 0.625 0.403125 0.03611111111111111 0.0203125
0 0.5944444444444444 0.38984375 0.030555555555555555 0.01875
0 0.6423611111111112 0.3875 0.03194444444444444 0.021875
0 0.2965277777777778 0.347265625 0.07083333333333333 0.02734375
0 0.4951388888888889 0.192578125 0.043055555555555555 0.02890625
