0 0.7368055555555556 0.83046875 0.04027777777777778 0.0265625
0 0.5020833333333333 0.8078125 0.02638888888888889 0.0203125
0 0.5576388888888889 0.794921875 0.043055555555555555 0.01640625
0 0.4354166666666667 0.741796875 0.043055555555555555 0.02421875
0 0.1909722222222222 0.6875 0.043055555555555555 0.025
0 0.3416666666666667 0.675 0.04722222222222222 0.0203125
0 0.9861111111111112 0.65703125 0.027777777777777776 0.0265625
0 0.47638888888888886 0.638671875 0.03888888888888889 0.02109375
0 0.9048611111111111 0.63359375 0.04583333333333333 0.025
0 0.9840277777777777 0.62734375 0.02638888888888889 0.0140625
0 0.30416666666666664 0.629296875 0.041666666666666664 0.01953125
0 0.38472222222222224 0.63984375 0.03333333333333333 0.0453125
0 0.019444444444444445 0.617578125 0.030555555555555555 0.01484375
0 0.13541666666666666 0.612890625 0.018055555555555554 0.01796875
0 0.25763888888888886 0.61875 0.0625 0.034375
0 0.99375 0.598046875 0.0125 0.01953125
0 0.38125 0.535546875 0.04861111111111111 0.02265625
0 0.3576388888888889 0.48828125 0.10416666666666667 0.046875
0 0.275 0.478125 0.03333333333333333 0.0296875
