0 0.9458333333333333 0.774609375 0.027777777777777776 0.02578125
0 0.7659722222222223 0.770703125 0.07916666666666666 0.04609375
0 0.9805555555555555 0.74375 0.027777777777777776 0.0203125
0 0.16875 0.64765625 0.04583333333333333 0.034375
0 0.975 0.633984375 0.041666666666666664 0.02578125
0 0.07013888888888889 0.624609375 0.03194444444444444 0.02265625
0 0.4951388888888889 0.609765625 0.0375 0.01171875
0 0.07916666666666666 0.596875 0.03888888888888889 0.0171875
0 0.32916666666666666 0.58515625 0.030555555555555555 0.01875
0 0.7743055555555556 0.580078125 0.04861111111111111 0.03046875
0 0.6694444444444444 0.552734375 0.016666666666666666 0.02265625
0 0.5902777777777778 0.5546875 0.06388888888888888 0.046875
0 0.40069444444444446 0.5046875 0.0375 0.01875
0 0.28402777777777777 0.49453125 0.043055555555555555 0.021875
0 0.7048611111111112 0.46796875 0.04583333333333333 0.01875
0 0.2611111111111111 0.460546875 0.041666666666666664 0.02109375
0 0.6486111111111111 0.457421875 0.013888888888888888 0.02421875
0 0.30486111111111114 0.452734375 0.03194444444444444 0.01796875
0 0.8902777777777777 0.457421875 0.044444444444444446 0.02890625
0 0.8451388888888889 0.4578125 0.04583333333333333 0.03125
0 0.25555555555555554 0.43359375 0.022222222222222223 0.015625
0 0.3215277777777778 0.4078125 0.043055555555555555 0.0265625
0 0.8368055555555556 0.39375 0.02638888888888889 0.03125
0 0.23402777777777778 0.375390625 0.04583333333333333 0.02734375
0 0.2743055555555556 0.345703125 0.020833333333333332 0.01953125
0 0.16111111111111112 0.328125 0.030555555555555555 0.0234375
0 0.25069444444444444 0.268359375 0.03194444444444444 0.01484375
0 0.034027777777777775 0.25703125 0.018055555555555554 0.0234375
0 0.18472222222222223 0.2484375 0.041666666666666664 0.0234375
0 0.09097222222222222 0.25546875 0.05694444444444444 0.040625
0 0.7131944444444445 0.23984375 0.05138888888888889 0.046875
0 0.10694444444444444 0.223828125 0.03888888888888889 0.01640625
0 0.16180555555555556 0.162890625 0.0763888888888889 0.02578125
0 0.6944444444444444 0.13359375 0.03888888888888889 0.034375
0 0.6298611111111111 0.0890625 0.05694444444444444 0.053125
0 0.5451388888888888 0.0734375 0.05416666666666667 0.0421875
0 0.041666666666666664 0.058203125 0.075 0.02734375
0 0.09305555555555556 0.035546875 0.06944444444444445 0.04609375
0 0.02847222222222222 0.01484375 0.04861111111111111 0.028125
