0 0.4930555555555556 0.78359375 0.05555555555555555 0.0328125
0 0.6875 0.773828125 0.07222222222222222 0.03671875
0 0.5465277777777777 0.744140625 0.09861111111111111 0.06171875
0 0.09930555555555555 0.62734375 0.06527777777777778 0.0328125
0 0.9319444444444445 0.59140625 0.03333333333333333 0.021875
0 0.10069444444444445 0.580078125 0.02638888888888889 0.01796875
0 0.8979166666666667 0.5734375 0.0375 0.0125
0 0.06597222222222222 0.546484375 0.0875 0.04140625
0 0.8895833333333333 0.53515625 0.015277777777777777 0.0203125
0 0.6861111111111111 0.539453125 0.08055555555555556 0.03515625
0 0.009722222222222222 0.52734375 0.019444444444444445 0.028125
0 0.9701388888888889 0.51015625 0.05694444444444444 0.0328125
0 0.4361111111111111 0.502734375 0.044444444444444446 0.02109375
0 0.11805555555555555 0.499609375 0.044444444444444446 0.02734375
0 0.6736111111111112 0.487890625 0.04722222222222222 0.02109375
0 0.7736111111111111 0.48515625 0.06388888888888888 0.0359375
0 0.8472222222222222 0.4734375 0.05277777777777778 0.0234375
0 0.03333333333333333 0.475 0.06388888888888888 0.040625
0 0.06319444444444444 0.419921875 0.04861111111111111 0.02109375
0 0.017361111111111112 0.417578125 0.03194444444444444 0.03046875
0 0.6493055555555556 0.38125 0.07083333333333333 0.05
0 0.5597222222222222 0.348046875 0.058333333333333334 0.02734375
0 0.7215277777777778 0.344921875 0.03194444444444444 0.02578125
0 0.06597222222222222 0.32578125 0.05416666666666667 0.034375
0 0.8555555555555555 0.31328125 0.03888888888888889 0.0109375
0 0.7381944444444445 0.310546875 0.04861111111111111 0.02890625
0 0.6541666666666667 0.309375 0.05 0.040625
0 0.9409722222222222 0.293359375 0.05694444444444444 0.03515625
0 0.5930555555555556 0.281640625 0.06666666666666667 0.06171875
0 0.8548611111111111 0.20390625 0.04583333333333333 0.0234375
0 0.7645833333333333 0.208203125 0.09305555555555556 0.04296875
0 0.8347222222222223 0.165234375 0.06666666666666667 0.03359375
0 0.7541666666666667 0.156640625 0.058333333333333334 0.03359375
0 0.8291666666666667 0.12734375 0.06388888888888888 0.034375
0 0.6243055555555556 0.085546875 0.04861111111111111 0.02578125
0 0.7979166666666667 0.02421875 0.07361111111111111 0.0484375
