0 0.4041666666666667 0.609375 0.030555555555555555 0.0234375
0 0.9340277777777778 0.596484375 0.043055555555555555 0.02421875
0 0.4576388888888889 0.57734375 0.020833333333333332 0.0140625
0 0.6555555555555556 0.569140625 0.03333333333333333 0.02109375
0 0.69375 0.5625 0.03194444444444444 0.01875
0 0.8069444444444445 0.557421875 0.022222222222222223 0.01328125
0 0.4638888888888889 0.559375 0.03611111111111111 0.0203125
0 0.9513888888888888 0.5453125 0.03611111111111111 0.0140625
0 0.5131944444444444 0.55 0.05138888888888889 0.0390625
0 0.5527777777777778 0.51640625 0.019444444444444445 0.0171875
0 0.5930555555555556 0.510546875 0.027777777777777776 0.01640625
0 0.6166666666666667 0.501953125 0.03333333333333333 0.03203125
0 0.14444444444444443 0.44140625 0.03611111111111111 0.0171875
0 0.6527777777777778 0.403515625 0.022222222222222223 0.01328125
0 0.3458333333333333 0.39453125 0.019444444444444445 0.015625
0 0.46111111111111114 0.383203125 0.027777777777777776 0.01171875
0 0.16041666666666668 0.3796875 0.04583333333333333 0.0265625
0 0.5465277777777777 0.363671875 0.029166666666666667 0.01015625
0 0.8479166666666667 0.3578125 0.059722222222222225 0.03125
0 0.5395833333333333 0.308984375 0.0375 0.01484375
0 0.6173611111111111 0.3078125 0.04583333333333333 0.0203125
0 0.5798611111111112 0.287109375 0.034722222222222224 0.01796875
0 0.4444444444444444 0.280078125 0.06944444444444445 0.03515625
0 0.6423611111111112 0.271875 0.04583333333333333 0.021875
0 0.8118055555555556 0.26328125 0.03194444444444444 0.0125
0 0.4597222222222222 0.246484375 0.04722222222222222 0.02265625
0 0.5298611111111111 0.248828125 0.07916666666666666 0.02890625
0 0.5923611111111111 0.2234375 0.043055555555555555 0.01875
0 0.35555555555555557 0.2140625 0.041666666666666664 0.01875
0 0.5444444444444444 0.210546875 0.044444444444444446 0.02265625
0 0.37430555555555556 0.1765625 0.02638888888888889 0.0140625
0 0.45625 0.16171875 0.04027777777777778 0.0296875
