0 0.03263888888888889 0.52265625 0.04861111111111111 0.03125
0 0.06527777777777778 0.487109375 0.041666666666666664 0.03046875
0 0.33055555555555555 0.472265625 0.030555555555555555 0.01796875
0 0.22708333333333333 0.45859375 0.02638888888888889 0.0078125
0 0.3770833333333333 0.4515625 0.018055555555555554 0.0140625
0 0.4625 0.425390625 0.013888888888888888 0.00859375
0 0.38263888888888886 0.42734375 0.02638888888888889 0.015625
0 0.13402777777777777 0.396484375 0.020833333333333332 0.01015625
0 0.475 0.393359375 0.022222222222222223 0.01171875
0 0.5027777777777778 0.394140625 0.025 0.01484375
0 0.34097222222222223 0.368359375 0.02361111111111111 0.01171875
0 0.24722222222222223 0.367578125 0.030555555555555555 0.01953125
0 0.20972222222222223 0.362109375 0.025 0.01484375
0 0.14166666666666666 0.34765625 0.025 0.0140625
0 0.2520833333333333 0.346484375 0.029166666666666667 0.01796875
0 0.19791666666666666 0.345703125 0.02638888888888889 0.01640625
0 0.17708333333333334 0.325390625 0.03194444444444444 0.01484375
0 0.23125 0.312109375 0.02638888888888889 0.02265625
0 0.11597222222222223 0.284765625 0.020833333333333332 0.01640625
0 0.13958333333333334 0.249609375 0.03194444444444444 0.01796875
0 0.04375 0.237890625 0.034722222222222224 0.02109375
