0 0.38333333333333336 0.798828125 0.06944444444444445 0.04453125
0 0.5680555555555555 0.695703125 0.04722222222222222 0.03046875
0 0.2763888888888889 0.68046875 0.05277777777777778 0.03125
0 0.6277777777777778 0.6796875 0.07222222222222222 0.0359375
0 0.42083333333333334 0.675 0.05277777777777778 0.0265625
0 0.9111111111111111 0.671484375 0.09444444444444444 0.02890625
0 0.06597222222222222 0.666015625 0.05138888888888889 0.02265625
0 0.6972222222222222 0.653125 0.03888888888888889 0.021875
0 0.43125 0.613671875 0.05416666666666667 0.02890625
0 0.3125 0.606640625 0.03611111111111111 0.01796875
0 0.6277777777777778 0.59921875 0.041666666666666664 0.01875
0 0.5048611111111111 0.576171875 0.043055555555555555 0.02578125
0 0.3402777777777778 0.560546875 0.03611111111111111 0.01953125
0 0.1597222222222222 0.56328125 0.05 0.03125
0 0.29791666666666666 0.546875 0.05694444444444444 0.025
0 0.6006944444444444 0.533203125 0.05694444444444444 0.02421875
0 0.5166666666666667 0.487890625 0.03333333333333333 0.01328125
0 0.24930555555555556 0.491796875 0.04027777777777778 0.02265625
0 0.29930555555555555 0.4921875 0.04583333333333333 0.025
0 0.36180555555555555 0.468359375 0.0625 0.03671875
0 0.7131944444444445 0.452734375 0.02638888888888889 0.01484375
0 0.5631944444444444 0.436328125 0.0625 0.01796875
0 0.7125 0.42578125 0.06111111111111111 0.034375
0 0.4465277777777778 0.40546875 0.06805555555555555 0.0359375
0 0.5381944444444444 0.40078125 0.08194444444444444 0.0609375
0 0.49930555555555556 0.371875 0.06805555555555555 0.025
0 0.49027777777777776 0.328515625 0.06111111111111111 0.02890625
0 0.5333333333333333 0.31015625 0.044444444444444446 0.0171875
0 0.40208333333333335 0.3015625 0.020833333333333332 0.028125
0 0.5194444444444445 0.251953125 0.030555555555555555 0.02109375
0 0.6118055555555556 0.243359375 0.05694444444444444 0.03671875
0 0.35138888888888886 0.19921875 0.06388888888888888 0.0359375
0 0.5236111111111111 0.19375 0.06666666666666667 0.0359375
0 0.5868055555555556 0.18125 0.0625 0.05
0 0.5180555555555556 0.15625 0.058333333333333334 0.0203125
