0 0.42569444444444443 0.8890625 0.07361111111111111 0.0484375
0 0.6618055555555555 0.76875 0.043055555555555555 0.0234375
0 0.5791666666666667 0.773828125 0.05555555555555555 0.03359375
0 0.46458333333333335 0.760546875 0.0375 0.01953125
0 0.2826388888888889 0.76015625 0.04861111111111111 0.03125
0 0.9125 0.74765625 0.04722222222222222 0.025
0 0.6277777777777778 0.748828125 0.03888888888888889 0.02734375
0 0.06736111111111111 0.746484375 0.059722222222222225 0.02421875
0 0.9569444444444445 0.74453125 0.03611111111111111 0.025
0 0.33958333333333335 0.7328125 0.0625 0.0296875
0 0.7076388888888889 0.728515625 0.05416666666666667 0.02890625
0 0.1875 0.692578125 0.022222222222222223 0.01640625
0 0.4708333333333333 0.691015625 0.06388888888888888 0.02109375
0 0.3298611111111111 0.68515625 0.06527777777777778 0.01875
0 0.6451388888888889 0.67734375 0.04861111111111111 0.03125
0 0.525 0.651953125 0.06944444444444445 0.03203125
0 0.18055555555555555 0.638671875 0.05555555555555555 0.03046875
0 0.3263888888888889 0.621875 0.06944444444444445 0.028125
0 0.6326388888888889 0.6015625 0.05138888888888889 0.0296875
0 0.3263888888888889 0.565234375 0.03611111111111111 0.02265625
0 0.27847222222222223 0.566015625 0.05138888888888889 0.02578125
0 0.39791666666666664 0.542578125 0.06805555555555555 0.03515625
0 0.74375 0.496875 0.0625 0.0390625
0 0.4826388888888889 0.4765625 0.06527777777777778 0.0359375
0 0.5826388888888889 0.48359375 0.09305555555555556 0.0828125
0 0.5201388888888889 0.44375 0.034722222222222224 0.025
0 0.6194444444444445 0.4015625 0.03611111111111111 0.0140625
0 0.5173611111111112 0.403125 0.059722222222222225 0.03125
0 0.5583333333333333 0.376953125 0.04722222222222222 0.02421875
0 0.43194444444444446 0.376953125 0.027777777777777776 0.02578125
0 0.5493055555555556 0.322265625 0.04583333333333333 0.03203125
0 0.6395833333333333 0.31953125 0.05416666666666667 0.034375
0 0.3923611111111111 0.274609375 0.06805555555555555 0.03359375
0 0.5972222222222222 0.26171875 0.11944444444444445 0.053125
0 0.5569444444444445 0.234375 0.05555555555555555 0.0203125
