0 0.08541666666666667 0.81875 0.04861111111111111 0.0296875
0 0.5388888888888889 0.784375 0.06111111111111111 0.034375
0 0.4673611111111111 0.78046875 0.04861111111111111 0.0359375
0 0.4736111111111111 0.74375 0.04722222222222222 0.028125
0 0.0625 0.733984375 0.03611111111111111 0.01640625
0 0.7631944444444444 0.73359375 0.04583333333333333 0.025
0 0.5993055555555555 0.7359375 0.04583333333333333 0.040625
0 0.5743055555555555 0.717578125 0.04861111111111111 0.01953125
0 0.2743055555555556 0.716015625 0.05138888888888889 0.02890625
0 0.6180555555555556 0.7015625 0.11666666666666667 0.05
0 0.8138888888888889 0.68984375 0.06666666666666667 0.040625
0 0.13472222222222222 0.677734375 0.05555555555555555 0.02890625
0 0.5208333333333334 0.6671875 0.05555555555555555 0.034375
0 0.22708333333333333 0.630859375 0.03194444444444444 0.01640625
0 0.6722222222222223 0.62421875 0.019444444444444445 0.0125
0 0.5152777777777777 0.61875 0.03888888888888889 0.0265625
0 0.40625 0.6078125 0.03194444444444444 0.01875
0 0.9506944444444444 0.60234375 0.04583333333333333 0.0203125
0 0.22708333333333333 0.565234375 0.020833333333333332 0.01953125
0 0.5277777777777778 0.53515625 0.030555555555555555 0.0125
0 0.39375 0.52734375 0.015277777777777777 0.0078125
0 0.775 0.5140625 0.022222222222222223 0.0140625
0 0.9833333333333333 0.468359375 0.030555555555555555 0.01796875
0 0.8222222222222222 0.440625 0.027777777777777776 0.0109375
0 0.021527777777777778 0.4375 0.043055555555555555 0.0171875
0 0.8868055555555555 0.43203125 0.034722222222222224 0.0203125
0 0.01597222222222222 0.42578125 0.03194444444444444 0.0203125
0 0.9680555555555556 0.382421875 0.013888888888888888 0.01484375
0 0.8375 0.375 0.030555555555555555 0.0171875
0 0.8166666666666667 0.34609375 0.05 0.0203125
0 0.16319444444444445 0.341796875 0.018055555555555554 0.01171875
0 0.9770833333333333 0.3421875 0.043055555555555555 0.0296875
0 0.11805555555555555 0.314453125 0.03611111111111111 0.02265625
0 0.8479166666666667 0.31796875 0.04861111111111111 0.03125
0 0.9451388888888889 0.304296875 0.08472222222222223 0.05703125
0 0.05416666666666667 0.2859375 0.041666666666666664 0.0234375
0 0.8527777777777777 0.2828125 0.030555555555555555 0.01875
0 0.48541666666666666 0.285546875 0.10694444444444444 0.03359375
0 0.19444444444444445 0.2796875 0.075 0.0296875
0 0.3763888888888889 0.275 0.06111111111111111 0.034375
0 0.13055555555555556 0.267578125 0.03888888888888889 0.02734375
0 0.7576388888888889 0.256640625 0.034722222222222224 0.02421875
0 0.030555555555555555 0.249609375 0.04722222222222222 0.02421875
0 0.43194444444444446 0.22734375 0.058333333333333334 0.03125
0 0.25972222222222224 0.225 0.1 0.0328125
0 0.14791666666666667 0.215234375 0.043055555555555555 0.01953125
0 0.043055555555555555 0.1875 0.027777777777777776 0.0171875
0 0.8076388888888889 0.18046875 0.043055555555555555 0.0203125
0 0.6604166666666667 0.178125 0.029166666666666667 0.0171875
0 0.6333333333333333 0.173828125 0.027777777777777776 0.01484375
0 0.9833333333333333 0.170703125 0.03333333333333333 0.02890625
0 0.7104166666666667 0.1625 0.06805555555555555 0.01875
0 0.5597222222222222 0.16484375 0.06666666666666667 0.0265625
0 0.2076388888888889 0.1609375 0.034722222222222224 0.025
0 0.6319444444444444 0.155859375 0.030555555555555555 0.01796875
0 0.34305555555555556 0.1546875 0.05555555555555555 0.0328125
0 0.725 0.13828125 0.03888888888888889 0.0203125
0 0.4909722222222222 0.146875 0.0875 0.0453125
0 0.08611111111111111 0.1359375 0.041666666666666664 0.0234375
0 0.03125 0.1375 0.0625 0.0265625
0 0.9847222222222223 0.126171875 0.025 0.01796875
0 0.925 0.10859375 0.03888888888888889 0.0203125
0 0.022916666666666665 0.111328125 0.04583333333333333 0.02890625
0 0.10416666666666667 0.103515625 0.03888888888888889 0.02265625
0 0.7465277777777778 0.096875 0.0375 0.0171875
0 0.5131944444444444 0.09375 0.0625 0.0359375
0 0.6930555555555555 0.08203125 0.03611111111111111 0.015625
0 0.9270833333333334 0.0796875 0.043055555555555555 0.0265625
0 0.7909722222222222 0.076171875 0.043055555555555555 0.02578125
0 0.06458333333333334 0.076953125 0.04583333333333333 0.02890625
0 0.32708333333333334 0.079296875 0.05416666666666667 0.03515625
0 0.3888888888888889 0.065234375 0.03611111111111111 0.01953125
0 0.16458333333333333 0.05859375 0.04583333333333333 0.025
0 0.12916666666666668 0.051171875 0.04722222222222222 0.02109375
0 0.08333333333333333 0.053515625 0.03333333333333333 0.02890625
0 0.7416666666666667 0.05703125 0.07222222222222222 0.040625
0 0.9527777777777777 0.04375 0.03888888888888889 0.0234375
0 0.7138888888888889 0.042578125 0.044444444444444446 0.02890625
0 0.63125 0.03515625 0.015277777777777777 0.025
0 0.5888888888888889 0.037109375 0.06111111111111111 0.03671875
0 0.01875 0.03046875 0.034722222222222224 0.0265625
0 0.7590277777777777 0.02109375 0.02361111111111111 0.0203125
0 0.15 0.00703125 0.03333333333333333 0.0109375
0 0.8909722222222223 0.01171875 0.043055555555555555 0.021875
0 0.7986111111111112 0.009765625 0.04722222222222222 0.01953125
0 0.7263888888888889 0.01171875 0.03888888888888889 0.0234375
