0 0.31666666666666665 0.799609375 0.05555555555555555 0.03203125
0 0.5236111111111111 0.7828125 0.05 0.01875
0 0.5833333333333334 0.78125 0.04722222222222222 0.0234375
0 0.5902777777777778 0.758984375 0.027777777777777776 0.01953125
0 0.39166666666666666 0.728125 0.030555555555555555 0.0203125
0 0.4548611111111111 0.7109375 0.020833333333333332 0.015625
0 0.6625 0.66796875 0.06388888888888888 0.0234375
0 0.5145833333333333 0.64765625 0.034722222222222224 0.015625
0 0.37083333333333335 0.651953125 0.05 0.02890625
0 0.7979166666666667 0.623046875 0.043055555555555555 0.01640625
0 0.39444444444444443 0.604296875 0.04722222222222222 0.01796875
0 0.12569444444444444 0.5265625 0.03194444444444444 0.0125
0 0.39166666666666666 0.5125 0.06111111111111111 0.0265625
0 0.19722222222222222 0.506640625 0.03888888888888889 0.02265625
0 0.6930555555555555 0.4921875 0.030555555555555555 0.0234375
0 0.14027777777777778 0.49140625 0.016666666666666666 0.021875
0 0.13194444444444445 0.469140625 0.044444444444444446 0.01953125
0 0.7513888888888889 0.408203125 0.03888888888888889 0.01015625
0 0.3715277777777778 0.41015625 0.04027777777777778 0.01875
0 0.42083333333333334 0.290625 0.03611111111111111 0.0171875
0 0.35555555555555557 0.019140625 0.05555555555555555 0.03359375
