0 0.8659722222222223 0.776953125 0.029166666666666667 0.02734375
0 0.35555555555555557 0.7734375 0.04722222222222222 0.0359375
0 0.3388888888888889 0.73671875 0.03333333333333333 0.0328125
0 0.9013888888888889 0.7421875 0.1111111111111111 0.0828125
0 0.41180555555555554 0.588671875 0.06805555555555555 0.03515625
0 0.3854166666666667 0.54375 0.05138888888888889 0.03125
0 0.2861111111111111 0.51953125 0.03333333333333333 0.0109375
0 0.24097222222222223 0.528125 0.059722222222222225 0.0484375
0 0.16041666666666668 0.50703125 0.04861111111111111 0.025
0 0.37222222222222223 0.506640625 0.06388888888888888 0.03984375
0 0.2881944444444444 0.49296875 0.09027777777777778 0.0328125
0 0.7409722222222223 0.4671875 0.0625 0.0296875
0 0.19236111111111112 0.465234375 0.04027777777777778 0.03203125
0 0.37916666666666665 0.4609375 0.04722222222222222 0.0296875
0 0.28194444444444444 0.45625 0.044444444444444446 0.03125
0 0.3326388888888889 0.426171875 0.04583333333333333 0.02421875
0 0.059722222222222225 0.402734375 0.11666666666666667 0.07578125
0 0.3298611111111111 0.37421875 0.10694444444444444 0.0359375
0 0.05347222222222222 0.3375 0.09861111111111111 0.0453125
0 0.9354166666666667 0.33046875 0.05416666666666667 0.034375
0 0.23819444444444443 0.330859375 0.07083333333333333 0.03828125
0 0.3138888888888889 0.308984375 0.05 0.03046875
0 0.9506944444444444 0.29375 0.0625 0.021875
0 0.3888888888888889 0.280078125 0.06388888888888888 0.03671875
0 0.1736111111111111 0.248046875 0.08888888888888889 0.03515625
0 0.2388888888888889 0.2484375 0.05 0.0390625
0 0.21458333333333332 0.2234375 0.03194444444444444 0.0125
0 0.2833333333333333 0.213671875 0.044444444444444446 0.01484375
0 0.9645833333333333 0.237890625 0.06805555555555555 0.10390625
0 0.07152777777777777 0.136328125 0.12083333333333333 0.04140625
0 0.1361111111111111 0.121484375 0.025 0.02265625
0 0.24375 0.148828125 0.1375 0.08046875
0 0.95625 0.026953125 0.07083333333333333 0.03828125
