0 0.8951388888888889 0.729296875 0.029166666666666667 0.02265625
0 0.3875 0.72265625 0.08055555555555556 0.040625
0 0.14375 0.7046875 0.043055555555555555 0.025
0 0.9666666666666667 0.683984375 0.03611111111111111 0.02109375
0 0.6784722222222223 0.678515625 0.02638888888888889 0.01640625
0 0.07222222222222222 0.6640625 0.05 0.0328125
0 0.7979166666666667 0.651953125 0.0375 0.01953125
0 0.6506944444444445 0.649609375 0.0375 0.01796875
0 0.8819444444444444 0.64375 0.041666666666666664 0.01875
0 0.9888888888888889 0.64140625 0.022222222222222223 0.025
0 0.98125 0.6140625 0.034722222222222224 0.028125
0 0.7979166666666667 0.589453125 0.02361111111111111 0.02109375
0 0.23055555555555557 0.5828125 0.03611111111111111 0.0125
0 0.5875 0.588671875 0.06111111111111111 0.02890625
0 0.39305555555555555 0.58359375 0.07777777777777778 0.034375
0 0.5 0.579296875 0.04722222222222222 0.02734375
0 0.9881944444444445 0.5609375 0.02361111111111111 0.0296875
0 0.9673611111111111 0.55390625 0.0375 0.0265625
0 0.28958333333333336 0.53671875 0.06527777777777778 0.0265625
0 0.30625 0.474609375 0.07083333333333333 0.03671875
0 0.8868055555555555 0.446484375 0.029166666666666667 0.01015625
0 0.9680555555555556 0.441796875 0.06111111111111111 0.02421875
0 0.9493055555555555 0.41953125 0.04027777777777778 0.0265625
0 0.7069444444444445 0.4171875 0.03888888888888889 0.021875
0 0.45208333333333334 0.426171875 0.11805555555555555 0.05234375
0 0.6381944444444444 0.408203125 0.04861111111111111 0.03515625
0 0.8743055555555556 0.394921875 0.0375 0.01796875
0 0.2638888888888889 0.37265625 0.041666666666666664 0.0234375
0 0.6631944444444444 0.370703125 0.08194444444444444 0.03046875
0 0.6243055555555556 0.341796875 0.05138888888888889 0.02578125
0 0.8555555555555555 0.34609375 0.07777777777777778 0.040625
0 0.18263888888888888 0.3453125 0.0875 0.046875
0 0.7020833333333333 0.321875 0.04027777777777778 0.015625
0 0.9590277777777778 0.319140625 0.04583333333333333 0.02109375
0 0.22708333333333333 0.300390625 0.04583333333333333 0.03203125
0 0.4951388888888889 0.29140625 0.02361111111111111 0.015625
0 0.01597222222222222 0.287890625 0.029166666666666667 0.01796875
0 0.29583333333333334 0.290625 0.04722222222222222 0.025
0 0.8270833333333333 0.265625 0.020833333333333332 0.009375
0 0.7541666666666667 0.275390625 0.06111111111111111 0.03671875
0 0.8868055555555555 0.25859375 0.043055555555555555 0.0171875
0 0.3548611111111111 0.25703125 0.05416666666666667 0.0296875
0 0.9201388888888888 0.2484375 0.03194444444444444 0.0171875
0 0.4270833333333333 0.24140625 0.02638888888888889 0.01875
0 0.03263888888888889 0.23671875 0.034722222222222224 0.021875
0 0.23402777777777778 0.2359375 0.05416666666666667 0.028125
0 0.8729166666666667 0.23359375 0.08194444444444444 0.0265625
0 0.3715277777777778 0.226953125 0.05138888888888889 0.02734375
0 0.4597222222222222 0.21640625 0.03888888888888889 0.021875
0 0.5868055555555556 0.21640625 0.04583333333333333 0.0234375
0 0.20902777777777778 0.21015625 0.05138888888888889 0.0171875
0 0.7388888888888889 0.2125 0.05555555555555555 0.0359375
0 0.08333333333333333 0.20390625 0.044444444444444446 0.0203125
0 0.19444444444444445 0.19140625 0.03333333333333333 0.0140625
0 0.9048611111111111 0.191796875 0.02638888888888889 0.02109375
0 0.2326388888888889 0.183203125 0.029166666666666667 0.01640625
0 0.4013888888888889 0.1828125 0.03333333333333333 0.01875
0 0.8375 0.173046875 0.019444444444444445 0.01328125
0 0.5125 0.18125 0.06666666666666667 0.03125
0 0.35625 0.166796875 0.034722222222222224 0.02265625
0 0.07083333333333333 0.1375 0.044444444444444446 0.0234375
0 0.3659722222222222 0.136328125 0.04027777777777778 0.02421875
0 0.2569444444444444 0.13359375 0.025 0.0203125
0 0.4284722222222222 0.11796875 0.02638888888888889 0.0203125
0 0.4027777777777778 0.105078125 0.03888888888888889 0.01953125
0 0.4409722222222222 0.09609375 0.029166666666666667 0.0109375
0 0.66875 0.118359375 0.059722222222222225 0.06015625
0 0.5493055555555556 0.105078125 0.08194444444444444 0.03515625
0 0.4756944444444444 0.11015625 0.06527777777777778 0.0515625
0 0.19236111111111112 0.111328125 0.09027777777777778 0.06953125
0 0.3416666666666667 0.075390625 0.03888888888888889 0.02265625
0 0.06805555555555555 0.0875 0.07777777777777778 0.05
0 0.6027777777777777 0.0625 0.030555555555555555 0.0171875
0 0.3076388888888889 0.06484375 0.03194444444444444 0.021875
0 0.5256944444444445 0.0671875 0.09583333333333334 0.034375
0 0.17569444444444443 0.06484375 0.04583333333333333 0.04375
0 0.13125 0.055078125 0.04027777777777778 0.02578125
0 0.5423611111111111 0.034375 0.029166666666666667 0.028125
