0 0.5763888888888888 0.6515625 0.07777777777777778 0.0359375
0 0.20277777777777778 0.641015625 0.019444444444444445 0.01484375
0 0.8631944444444445 0.63203125 0.03194444444444444 0.021875
0 0.9104166666666667 0.592578125 0.05694444444444444 0.02265625
0 0.16666666666666666 0.566015625 0.03888888888888889 0.02265625
0 0.9013888888888889 0.54609375 0.03611111111111111 0.0140625
0 0.9548611111111112 0.544140625 0.02361111111111111 0.01640625
0 0.9555555555555556 0.489453125 0.05277777777777778 0.02109375
0 0.9381944444444444 0.434765625 0.09027777777777778 0.02734375
0 0.0125 0.421875 0.025 0.0234375
0 0.3645833333333333 0.423046875 0.04583333333333333 0.02734375
0 0.9729166666666667 0.3828125 0.0375 0.0234375
0 0.26319444444444445 0.37734375 0.03194444444444444 0.01875
0 0.33958333333333335 0.377734375 0.0375 0.02578125
0 0.9666666666666667 0.363671875 0.03333333333333333 0.01640625
0 0.8652777777777778 0.341015625 0.019444444444444445 0.02265625
0 0.8326388888888889 0.327734375 0.034722222222222224 0.02421875
0 0.9125 0.325390625 0.05 0.02890625
0 0.9701388888888889 0.283203125 0.034722222222222224 0.01953125
0 0.3909722222222222 0.258984375 0.04027777777777778 0.02421875
0 0.18263888888888888 0.23984375 0.06527777777777778 0.0296875
0 0.28958333333333336 0.21953125 0.029166666666666667 0.0140625
0 0.9854166666666667 0.204296875 0.029166666666666667 0.01796875
0 0.8583333333333333 0.208203125 0.044444444444444446 0.03046875
0 0.9909722222222223 0.169921875 0.018055555555555554 0.02109375
0 0.9416666666666667 0.169921875 0.044444444444444446 0.02265625
0 0.3486111111111111 0.144140625 0.06111111111111111 0.05234375
0 0.3090277777777778 0.124609375 0.020833333333333332 0.02265625
0 0.9923611111111111 0.1125 0.015277777777777777 0.0234375
0 0.34930555555555554 0.101171875 0.029166666666666667 0.03046875
