0 0.7131944444444445 0.55859375 0.04861111111111111 0.0234375
0 0.9819444444444444 0.503515625 0.03611111111111111 0.02109375
0 0.7277777777777777 0.49921875 0.03333333333333333 0.015625
0 0.6555555555555556 0.499609375 0.03888888888888889 0.01796875
0 0.011805555555555555 0.4796875 0.018055555555555554 0.0140625
0 0.0763888888888889 0.479296875 0.041666666666666664 0.02421875
0 0.7236111111111111 0.473046875 0.030555555555555555 0.01484375
0 0.04027777777777778 0.471875 0.03611111111111111 0.021875
0 0.8083333333333333 0.467578125 0.019444444444444445 0.01640625
0 0.7784722222222222 0.46796875 0.03194444444444444 0.0203125
0 0.3819444444444444 0.46796875 0.03888888888888889 0.0203125
0 0.8694444444444445 0.462109375 0.03611111111111111 0.02109375
0 0.1284722222222222 0.455859375 0.04027777777777778 0.02109375
0 0.22777777777777777 0.436328125 0.03611111111111111 0.01796875
0 0.86875 0.433984375 0.034722222222222224 0.01484375
0 0.9090277777777778 0.434765625 0.0375 0.02109375
0 0.8979166666666667 0.41328125 0.03194444444444444 0.01875
0 0.8847222222222222 0.3828125 0.022222222222222223 0.015625
0 0.1388888888888889 0.37109375 0.03333333333333333 0.021875
0 0.6729166666666667 0.36171875 0.020833333333333332 0.0125
0 0.9006944444444445 0.359765625 0.03194444444444444 0.02109375
0 0.3597222222222222 0.357421875 0.027777777777777776 0.01953125
0 0.2701388888888889 0.35078125 0.02361111111111111 0.0140625
0 0.5111111111111111 0.333203125 0.03333333333333333 0.01953125
0 0.12291666666666666 0.32265625 0.034722222222222224 0.0203125
0 0.1951388888888889 0.328125 0.04027777777777778 0.0375
0 0.6263888888888889 0.31171875 0.022222222222222223 0.0125
0 0.26666666666666666 0.308203125 0.016666666666666666 0.01171875
0 0.5972222222222222 0.30703125 0.027777777777777776 0.0140625
0 0.1763888888888889 0.301171875 0.041666666666666664 0.02109375
0 0.5770833333333333 0.28828125 0.04027777777777778 0.01875
0 0.2520833333333333 0.28046875 0.034722222222222224 0.0140625
0 0.024305555555555556 0.274609375 0.03194444444444444 0.01953125
0 0.2604166666666667 0.267578125 0.034722222222222224 0.01640625
0 0.5611111111111111 0.246875 0.022222222222222223 0.0109375
0 0.3138888888888889 0.25234375 0.041666666666666664 0.021875
0 0.4576388888888889 0.242578125 0.034722222222222224 0.02109375
0 0.4736111111111111 0.215625 0.03333333333333333 0.0171875
0 0.2513888888888889 0.205859375 0.06388888888888888 0.01796875
0 0.40694444444444444 0.195703125 0.025 0.01953125
0 0.49027777777777776 0.194140625 0.03333333333333333 0.01796875
0 0.020833333333333332 0.19453125 0.027777777777777776 0.021875
0 0.3416666666666667 0.184375 0.03888888888888889 0.0125
0 0.25625 0.181640625 0.04027777777777778 0.03046875
0 0.15208333333333332 0.159375 0.020833333333333332 0.015625
0 0.33402777777777776 0.157421875 0.029166666666666667 0.01640625
0 0.27569444444444446 0.158984375 0.029166666666666667 0.01953125
0 0.1388888888888889 0.173828125 0.175 0.05078125
0 0.011805555555555555 0.153515625 0.020833333333333332 0.01953125
0 0.0625 0.146875 0.027777777777777776 0.0125
0 0.28055555555555556 0.141796875 0.025 0.01796875
0 0.16666666666666666 0.1359375 0.03333333333333333 0.01875
0 0.31180555555555556 0.133203125 0.03194444444444444 0.02265625
0 0.1673611111111111 0.116015625 0.03194444444444444 0.01484375
0 0.06666666666666667 0.113671875 0.030555555555555555 0.01796875
