0 0.13472222222222222 0.813671875 0.07222222222222222 0.05234375
0 0.16805555555555557 0.780078125 0.044444444444444446 0.02734375
0 0.4125 0.766015625 0.041666666666666664 0.02109375
0 0.8902777777777777 0.7171875 0.044444444444444446 0.01875
0 0.14930555555555555 0.7171875 0.059722222222222225 0.0234375
0 0.30069444444444443 0.669140625 0.04027777777777778 0.01640625
0 0.020833333333333332 0.67734375 0.03888888888888889 0.034375
0 0.6673611111111111 0.6625 0.059722222222222225 0.021875
0 0.2111111111111111 0.66171875 0.05 0.021875
0 0.49583333333333335 0.651171875 0.025 0.01484375
0 0.7006944444444444 0.642578125 0.029166666666666667 0.01484375
0 0.25625 0.641015625 0.0375 0.01640625
0 0.42916666666666664 0.634765625 0.030555555555555555 0.01953125
0 0.9416666666666667 0.631640625 0.05277777777777778 0.02265625
0 0.12291666666666666 0.628515625 0.020833333333333332 0.01640625
0 0.5430555555555555 0.62890625 0.041666666666666664 0.0234375
0 0.7451388888888889 0.62578125 0.07083333333333333 0.0234375
0 0.3277777777777778 0.62109375 0.05277777777777778 0.0234375
0 0.5631944444444444 0.617578125 0.0375 0.02109375
0 0.6986111111111111 0.6046875 0.022222222222222223 0.015625
0 0.3277777777777778 0.59296875 0.044444444444444446 0.025
0 0.425 0.583984375 0.041666666666666664 0.01328125
0 0.8833333333333333 0.58515625 0.041666666666666664 0.021875
0 0.07847222222222222 0.583203125 0.07083333333333333 0.03359375
0 0.26458333333333334 0.578515625 0.05138888888888889 0.03046875
0 0.30694444444444446 0.56640625 0.03888888888888889 0.0265625
0 0.8451388888888889 0.5578125 0.05138888888888889 0.0265625
0 0.03125 0.537109375 0.0625 0.03671875
0 0.5645833333333333 0.51015625 0.029166666666666667 0.0171875
0 0.9708333333333333 0.462890625 0.044444444444444446 0.02109375
0 0.5583333333333333 0.46171875 0.041666666666666664 0.0203125
0 0.46111111111111114 0.462890625 0.08611111111111111 0.02734375
0 0.015277777777777777 0.45546875 0.022222222222222223 0.0203125
0 0.41805555555555557 0.448828125 0.041666666666666664 0.02734375
0 0.6715277777777777 0.4390625 0.034722222222222224 0.0203125
0 0.5027777777777778 0.43203125 0.027777777777777776 0.01875
0 0.78125 0.432421875 0.04583333333333333 0.02421875
0 0.5388888888888889 0.430078125 0.03888888888888889 0.02421875
0 0.7375 0.428515625 0.03611111111111111 0.02421875
0 0.6034722222222222 0.422265625 0.05416666666666667 0.03984375
0 0.4131944444444444 0.401171875 0.0375 0.01484375
0 0.8333333333333334 0.40390625 0.044444444444444446 0.025
0 0.5708333333333333 0.396484375 0.03333333333333333 0.02265625
0 0.4513888888888889 0.38828125 0.03888888888888889 0.0203125
0 0.6493055555555556 0.365625 0.08194444444444444 0.0515625
0 0.4576388888888889 0.347265625 0.034722222222222224 0.01484375
0 0.75 0.358203125 0.1111111111111111 0.04453125
0 0.7423611111111111 0.31484375 0.04027777777777778 0.0234375
0 0.68125 0.3171875 0.0763888888888889 0.0296875
0 0.4777777777777778 0.308203125 0.044444444444444446 0.01484375
0 0.043055555555555555 0.306640625 0.05 0.02734375
0 0.7986111111111112 0.305078125 0.07222222222222222 0.03984375
0 0.5611111111111111 0.288671875 0.08611111111111111 0.05234375
0 0.08611111111111111 0.271484375 0.05555555555555555 0.02734375
0 0.6645833333333333 0.2515625 0.043055555555555555 0.025
0 0.5986111111111111 0.24921875 0.04722222222222222 0.025
0 0.76875 0.246484375 0.05416666666666667 0.02890625
0 0.6416666666666667 0.230078125 0.030555555555555555 0.01640625
0 0.7138888888888889 0.23046875 0.07777777777777778 0.0375
0 0.5756944444444444 0.215625 0.04583333333333333 0.0265625
0 0.6833333333333333 0.206640625 0.030555555555555555 0.02265625
0 0.6326388888888889 0.204296875 0.0625 0.03359375
0 0.6236111111111111 0.148828125 0.022222222222222223 0.01953125
0 0.6604166666666667 0.107421875 0.02361111111111111 0.01953125
