0 0.48055555555555557 0.885546875 0.07222222222222222 0.02890625
0 0.16875 0.88203125 0.0375 0.028125
0 0.09513888888888888 0.84921875 0.04861111111111111 0.028125
0 0.4222222222222222 0.846875 0.075 0.0453125
0 0.5083333333333333 0.847265625 0.09444444444444444 0.05234375
0 0.8208333333333333 0.839453125 0.12222222222222222 0.04140625
0 0.9875 0.822265625 0.025 0.02265625
0 0.3402777777777778 0.8171875 0.025 0.03125
0 0.7090277777777778 0.81015625 0.059722222222222225 0.0328125
0 0.8604166666666667 0.791796875 0.06527777777777778 0.04453125
0 0.33958333333333335 0.7734375 0.06527777777777778 0.0390625
0 0.12013888888888889 0.7515625 0.0625 0.034375
0 0.4465277777777778 0.755078125 0.07916666666666666 0.05703125
0 0.5402777777777777 0.704296875 0.044444444444444446 0.01796875
0 0.5930555555555556 0.6984375 0.03888888888888889 0.034375
0 0.7125 0.689453125 0.08611111111111111 0.04296875
0 0.07013888888888889 0.659765625 0.0625 0.03046875
0 0.47152777777777777 0.641796875 0.02638888888888889 0.01953125
0 0.6791666666666667 0.6140625 0.025 0.0109375
0 0.8090277777777778 0.61171875 0.0375 0.01875
0 0.1388888888888889 0.601171875 0.04722222222222222 0.02421875
0 0.40347222222222223 0.62265625 0.09027777777777778 0.078125
0 0.059027777777777776 0.59296875 0.0625 0.0328125
0 0.2659722222222222 0.540234375 0.059722222222222225 0.03203125
0 0.32430555555555557 0.508984375 0.03194444444444444 0.01953125
0 0.08194444444444444 0.4921875 0.06388888888888888 0.0328125
0 0.08472222222222223 0.451171875 0.06666666666666667 0.03671875
0 0.5277777777777778 0.44765625 0.05277777777777778 0.03125
0 0.8618055555555556 0.443359375 0.0375 0.02421875
0 0.17708333333333334 0.433203125 0.034722222222222224 0.01796875
0 0.8277777777777777 0.431640625 0.03611111111111111 0.02734375
0 0.30694444444444446 0.409375 0.03333333333333333 0.015625
0 0.052083333333333336 0.42265625 0.10138888888888889 0.05
0 0.4263888888888889 0.390625 0.058333333333333334 0.0296875
0 0.5666666666666667 0.371484375 0.025 0.01171875
0 0.33125 0.3671875 0.043055555555555555 0.025
0 0.4826388888888889 0.35234375 0.04861111111111111 0.0234375
0 0.23472222222222222 0.349609375 0.058333333333333334 0.02265625
0 0.4875 0.318359375 0.016666666666666666 0.00859375
0 0.33055555555555555 0.3265625 0.041666666666666664 0.034375
0 0.2722222222222222 0.3171875 0.058333333333333334 0.0328125
0 0.04027777777777778 0.300390625 0.03611111111111111 0.01484375
0 0.16319444444444445 0.31171875 0.12361111111111112 0.04375
0 0.3798611111111111 0.298828125 0.1125 0.04296875
0 0.93125 0.28359375 0.020833333333333332 0.01875
0 0.24861111111111112 0.278515625 0.025 0.01640625
0 0.12708333333333333 0.281640625 0.05694444444444444 0.02578125
0 0.0798611111111111 0.280078125 0.04027777777777778 0.02578125
0 0.9027777777777778 0.27421875 0.03611111111111111 0.0234375
0 0.8736111111111111 0.26640625 0.03333333333333333 0.025
0 0.6125 0.26328125 0.04722222222222222 0.0390625
0 0.7576388888888889 0.250390625 0.0375 0.01640625
0 0.027083333333333334 0.2484375 0.03194444444444444 0.015625
0 0.5263888888888889 0.251171875 0.05 0.02265625
0 0.6534722222222222 0.246875 0.043055555555555555 0.0265625
0 0.9354166666666667 0.239453125 0.02638888888888889 0.01640625
0 0.6576388888888889 0.221875 0.04583333333333333 0.0203125
0 0.5333333333333333 0.22890625 0.10833333333333334 0.0375
0 0.15208333333333332 0.211328125 0.03194444444444444 0.01484375
0 0.2375 0.22265625 0.06111111111111111 0.0390625
0 0.75625 0.219140625 0.05416666666666667 0.04296875
0 0.9625 0.206640625 0.041666666666666664 0.01953125
0 0.6194444444444445 0.209375 0.03611111111111111 0.025
0 0.9138888888888889 0.2 0.044444444444444446 0.028125
0 0.5208333333333334 0.182421875 0.03333333333333333 0.01328125
0 0.9291666666666667 0.17578125 0.03611111111111111 0.009375
0 0.25277777777777777 0.17734375 0.03333333333333333 0.0140625
0 0.6722222222222223 0.17734375 0.08055555555555556 0.034375
0 0.24930555555555556 0.159375 0.03194444444444444 0.0140625
0 0.18680555555555556 0.15625 0.034722222222222224 0.0171875
0 0.7319444444444444 0.155078125 0.044444444444444446 0.01796875
0 0.9923611111111111 0.150390625 0.015277777777777777 0.02265625
0 0.4423611111111111 0.15078125 0.07083333333333333 0.025
0 0.3923611111111111 0.14375 0.03194444444444444 0.015625
0 0.35 0.143359375 0.022222222222222223 0.01484375
0 0.2847222222222222 0.140625 0.025 0.015625
0 0.875 0.144921875 0.05 0.02734375
0 0.5381944444444444 0.151953125 0.059722222222222225 0.04609375
0 0.44305555555555554 0.108984375 0.030555555555555555 0.01953125
0 0.11458333333333333 0.10625 0.018055555555555554 0.015625
0 0.5277777777777778 0.10390625 0.030555555555555555 0.021875
0 0.6305555555555555 0.096875 0.03888888888888889 0.021875
0 0.48819444444444443 0.09140625 0.0375 0.021875
0 0.17222222222222222 0.093359375 0.05 0.02890625
0 0.7659722222222223 0.086328125 0.04027777777777778 0.02421875
0 0.38055555555555554 0.07890625 0.058333333333333334 0.021875
0 0.3076388888888889 0.07265625 0.0375 0.01875
0 0.08819444444444445 0.071875 0.05138888888888889 0.0296875
0 0.7986111111111112 0.05390625 0.041666666666666664 0.021875
0 0.9423611111111111 0.037890625 0.04861111111111111 0.02578125
0 0.1486111111111111 0.031640625 0.07222222222222222 0.06171875
