0 0.5159722222222223 0.8046875 0.04027777777777778 0.015625
0 0.7958333333333333 0.78984375 0.06666666666666667 0.0265625
0 0.1736111111111111 0.788671875 0.05277777777777778 0.03203125
0 0.5847222222222223 0.783984375 0.044444444444444446 0.02578125
0 0.11388888888888889 0.74296875 0.06111111111111111 0.03125
0 0.7451388888888889 0.74609375 0.05138888888888889 0.0421875
0 0.7236111111111111 0.707421875 0.03888888888888889 0.02109375
0 0.4152777777777778 0.697265625 0.08333333333333333 0.01640625
0 0.5243055555555556 0.68984375 0.043055555555555555 0.028125
0 0.8527777777777777 0.69296875 0.06111111111111111 0.053125
0 0.32430555555555557 0.640234375 0.02638888888888889 0.02265625
0 0.6819444444444445 0.605859375 0.06111111111111111 0.03515625
0 0.21736111111111112 0.5890625 0.034722222222222224 0.015625
0 0.9263888888888889 0.5578125 0.027777777777777776 0.0171875
0 0.8534722222222222 0.55625 0.04583333333333333 0.025
0 0.9715277777777778 0.54609375 0.04027777777777778 0.0296875
0 0.1951388888888889 0.509375 0.034722222222222224 0.0171875
0 0.8354166666666667 0.501953125 0.05416666666666667 0.02265625
0 0.8854166666666666 0.498046875 0.04583333333333333 0.01953125
0 0.7256944444444444 0.490234375 0.05138888888888889 0.03203125
0 0.1840277777777778 0.47734375 0.04027777777777778 0.021875
0 0.7833333333333333 0.43515625 0.04722222222222222 0.015625
0 0.6909722222222222 0.4328125 0.04583333333333333 0.0234375
0 0.4236111111111111 0.420703125 0.041666666666666664 0.02421875
0 0.8048611111111111 0.40390625 0.05138888888888889 0.01875
0 0.5319444444444444 0.401953125 0.06944444444444445 0.05546875
0 0.6548611111111111 0.368359375 0.0375 0.01328125
0 0.6236111111111111 0.328125 0.04722222222222222 0.0203125
0 0.5604166666666667 0.2921875 0.05694444444444444 0.0234375
0 0.6909722222222222 0.294140625 0.05694444444444444 0.04140625
0 0.10347222222222222 0.283203125 0.06805555555555555 0.04140625
0 0.5861111111111111 0.245703125 0.05277777777777778 0.02890625
0 0.5166666666666667 0.24453125 0.05277777777777778 0.028125
0 0.7541666666666667 0.180859375 0.08611111111111111 0.04453125
0 0.5583333333333333 0.175 0.07222222222222222 0.0375
