0 0.8069444444444445 0.637109375 0.041666666666666664 0.02578125
0 0.10416666666666667 0.630859375 0.05277777777777778 0.02578125
0 0.3138888888888889 0.5578125 0.025 0.0171875
0 0.013194444444444444 0.536328125 0.02638888888888889 0.01171875
0 0.78125 0.53828125 0.04583333333333333 0.0203125
0 0.8152777777777778 0.49140625 0.05 0.0203125
0 0.22361111111111112 0.487109375 0.027777777777777776 0.02109375
0 0.37569444444444444 0.48359375 0.04583333333333333 0.0296875
0 0.5277777777777778 0.43828125 0.05277777777777778 0.0234375
0 0.7055555555555556 0.4359375 0.044444444444444446 0.0203125
0 0.5861111111111111 0.427734375 0.044444444444444446 0.02421875
0 0.13055555555555556 0.417578125 0.03611111111111111 0.01796875
0 0.9347222222222222 0.4 0.030555555555555555 0.015625
0 0.9826388888888888 0.390625 0.03194444444444444 0.0125
0 0.06388888888888888 0.393359375 0.03611111111111111 0.02109375
0 0.7833333333333333 0.384765625 0.030555555555555555 0.02109375
0 0.3375 0.378125 0.04722222222222222 0.015625
0 0.4597222222222222 0.37734375 0.03888888888888889 0.015625
0 0.9069444444444444 0.37421875 0.075 0.0328125
0 0.44375 0.330078125 0.029166666666666667 0.02421875
0 0.79375 0.32578125 0.0375 0.01875
0 0.5298611111111111 0.323046875 0.0625 0.02578125
0 0.9881944444444445 0.305078125 0.02361111111111111 0.02421875
0 0.3263888888888889 0.298828125 0.027777777777777776 0.01796875
0 0.9326388888888889 0.289453125 0.034722222222222224 0.02265625
0 0.9881944444444445 0.263671875 0.020833333333333332 0.01171875
0 0.2791666666666667 0.264453125 0.03888888888888889 0.01796875
0 0.21458333333333332 0.25234375 0.04861111111111111 0.028125
0 0.8222222222222222 0.2484375 0.03888888888888889 0.0265625
0 0.9423611111111111 0.228125 0.015277777777777777 0.0171875
0 0.3423611111111111 0.228515625 0.034722222222222224 0.02109375
0 0.86875 0.226171875 0.04027777777777778 0.04453125
0 0.8236111111111111 0.213671875 0.041666666666666664 0.02890625
0 0.39652777777777776 0.194921875 0.043055555555555555 0.02265625
0 0.31180555555555556 0.17734375 0.0625 0.0203125
0 0.3194444444444444 0.137890625 0.03333333333333333 0.01484375
0 0.3597222222222222 0.13984375 0.03333333333333333 0.0265625
0 0.9215277777777777 0.098828125 0.0625 0.04921875
