0 0.34375 0.63671875 0.034722222222222224 0.015625
0 0.6847222222222222 0.627734375 0.022222222222222223 0.01328125
0 0.2923611111111111 0.629296875 0.034722222222222224 0.01953125
0 0.38263888888888886 0.628125 0.05416666666666667 0.021875
0 0.9611111111111111 0.602734375 0.03888888888888889 0.02421875
0 0.33055555555555555 0.5765625 0.03333333333333333 0.015625
0 0.12222222222222222 0.57109375 0.044444444444444446 0.0125
0 0.8041666666666667 0.56875 0.04722222222222222 0.021875
0 0.5715277777777777 0.55625 0.034722222222222224 0.01875
0 0.4409722222222222 0.5515625 0.03194444444444444 0.015625
0 0.49722222222222223 0.54765625 0.025 0.0140625
0 0.6263888888888889 0.522265625 0.027777777777777776 0.01484375
0 0.65625 0.521875 0.02638888888888889 0.0171875
0 0.2923611111111111 0.51015625 0.029166666666666667 0.015625
0 0.6472222222222223 0.501953125 0.022222222222222223 0.01015625
0 0.3472222222222222 0.496484375 0.027777777777777776 0.01171875
0 0.30486111111111114 0.4953125 0.029166666666666667 0.0140625
0 0.17569444444444443 0.489453125 0.029166666666666667 0.02734375
0 0.40902777777777777 0.48125 0.018055555555555554 0.0125
0 0.6222222222222222 0.480859375 0.025 0.01796875
0 0.30625 0.474609375 0.0375 0.02578125
0 0.63125 0.46171875 0.029166666666666667 0.015625
0 0.45 0.46171875 0.025 0.0203125
0 0.51875 0.457421875 0.03194444444444444 0.01328125
0 0.36319444444444443 0.466015625 0.0625 0.03515625
0 0.14027777777777778 0.448828125 0.016666666666666666 0.01640625
0 0.17152777777777778 0.45 0.0375 0.0234375
0 0.625 0.430078125 0.022222222222222223 0.00859375
0 0.12638888888888888 0.428125 0.08055555555555556 0.0265625
0 0.37222222222222223 0.4203125 0.030555555555555555 0.0203125
0 0.18958333333333333 0.4109375 0.05694444444444444 0.0234375
0 0.14375 0.3984375 0.04861111111111111 0.0171875
0 0.37083333333333335 0.39453125 0.030555555555555555 0.01875
0 0.36180555555555555 0.371484375 0.02638888888888889 0.01484375
0 0.12638888888888888 0.357421875 0.05555555555555555 0.01328125
0 0.3138888888888889 0.354296875 0.04722222222222222 0.02578125
0 0.41597222222222224 0.350390625 0.034722222222222224 0.01953125
0 0.5479166666666667 0.344921875 0.034722222222222224 0.02421875
0 0.13125 0.33671875 0.04583333333333333 0.0265625
0 0.6201388888888889 0.32734375 0.02361111111111111 0.009375
0 0.1840277777777778 0.33125 0.029166666666666667 0.0203125
0 0.37430555555555556 0.317578125 0.05138888888888889 0.02265625
0 0.11388888888888889 0.308984375 0.030555555555555555 0.01953125
0 0.5215277777777778 0.312109375 0.07361111111111111 0.04140625
0 0.6368055555555555 0.295703125 0.020833333333333332 0.01171875
0 0.4826388888888889 0.301171875 0.04583333333333333 0.03046875
0 0.5506944444444445 0.2796875 0.029166666666666667 0.0125
0 0.1763888888888889 0.267578125 0.030555555555555555 0.01953125
0 0.3145833333333333 0.24296875 0.029166666666666667 0.015625
0 0.1625 0.2078125 0.03611111111111111 0.0203125
0 0.22291666666666668 0.2046875 0.0625 0.0234375
0 0.2777777777777778 0.169921875 0.025 0.02109375
0 0.33125 0.169921875 0.059722222222222225 0.02578125
0 0.3173611111111111 0.144140625 0.0375 0.01796875
0 0.2590277777777778 0.115625 0.034722222222222224 0.01875
0 0.20416666666666666 0.101953125 0.025 0.01796875
0 0.25833333333333336 0.08671875 0.041666666666666664 0.021875
0 0.15625 0.08125 0.020833333333333332 0.0125
0 0.2111111111111111 0.08203125 0.022222222222222223 0.0171875
0 0.15555555555555556 0.040234375 0.07222222222222222 0.05390625
