0 0.11041666666666666 0.569921875 0.043055555555555555 0.01953125
0 0.22291666666666668 0.5515625 0.03194444444444444 0.015625
0 0.17916666666666667 0.553125 0.030555555555555555 0.021875
0 0.4527777777777778 0.5296875 0.044444444444444446 0.0125
0 0.9076388888888889 0.533984375 0.04861111111111111 0.04140625
0 0.8791666666666667 0.49765625 0.041666666666666664 0.0203125
0 0.42916666666666664 0.48828125 0.05277777777777778 0.0296875
0 0.7881944444444444 0.456640625 0.04861111111111111 0.02265625
0 0.6215277777777778 0.44609375 0.02638888888888889 0.0203125
0 0.8402777777777778 0.4484375 0.04722222222222222 0.0265625
0 0.6673611111111111 0.44375 0.034722222222222224 0.0171875
0 0.2222222222222222 0.432421875 0.04722222222222222 0.03046875
0 0.23819444444444443 0.384765625 0.0375 0.02578125
0 0.47638888888888886 0.36171875 0.05277777777777778 0.028125
0 0.6340277777777777 0.339453125 0.029166666666666667 0.02578125
0 0.5909722222222222 0.26171875 0.02638888888888889 0.015625
0 0.42916666666666664 0.146484375 0.06111111111111111 0.03046875
