0 0.95 0.91484375 0.05555555555555555 0.0421875
0 0.59375 0.8671875 0.02361111111111111 0.021875
0 0.5680555555555555 0.82421875 0.11388888888888889 0.0375
0 0.18055555555555555 0.844921875 0.15555555555555556 0.08203125
0 0.7625 0.804296875 0.05277777777777778 0.02421875
0 0.46458333333333335 0.8 0.05138888888888889 0.0328125
0 0.5930555555555556 0.7859375 0.027777777777777776 0.01875
0 0.09097222222222222 0.77421875 0.043055555555555555 0.034375
0 0.83125 0.771875 0.14305555555555555 0.0953125
0 0.1638888888888889 0.734765625 0.058333333333333334 0.02265625
0 0.3368055555555556 0.70625 0.0375 0.034375
0 0.8416666666666667 0.68203125 0.06111111111111111 0.028125
0 0.42083333333333334 0.6796875 0.07222222222222222 0.040625
0 0.09930555555555555 0.640234375 0.0875 0.04453125
0 0.4861111111111111 0.623046875 0.03611111111111111 0.01953125
0 0.6305555555555555 0.61328125 0.041666666666666664 0.0203125
0 0.13055555555555556 0.60625 0.027777777777777776 0.0109375
0 0.9701388888888889 0.612109375 0.0375 0.03203125
0 0.37777777777777777 0.569140625 0.027777777777777776 0.02109375
0 0.7895833333333333 0.558203125 0.029166666666666667 0.01484375
0 0.04097222222222222 0.55703125 0.059722222222222225 0.0296875
0 0.12777777777777777 0.5265625 0.03333333333333333 0.0171875
0 0.01597222222222222 0.458984375 0.02638888888888889 0.01640625
0 0.2861111111111111 0.461328125 0.04722222222222222 0.02890625
0 0.20902777777777778 0.413671875 0.05138888888888889 0.02265625
0 0.35694444444444445 0.38984375 0.019444444444444445 0.0171875
0 0.10833333333333334 0.3859375 0.03888888888888889 0.0265625
0 0.07013888888888889 0.354296875 0.059722222222222225 0.03046875
0 0.022916666666666665 0.34375 0.043055555555555555 0.0125
0 0.8222222222222222 0.34921875 0.06944444444444445 0.025
0 0.11875 0.325390625 0.12361111111111112 0.03359375
0 0.6986111111111111 0.31796875 0.041666666666666664 0.0265625
0 0.7680555555555556 0.315234375 0.05 0.02578125
0 0.38958333333333334 0.28984375 0.0375 0.0265625
0 0.6347222222222222 0.28515625 0.030555555555555555 0.0234375
0 0.7875 0.278125 0.05555555555555555 0.028125
0 0.5576388888888889 0.271875 0.034722222222222224 0.01875
0 0.7243055555555555 0.266796875 0.05416666666666667 0.02890625
0 0.007638888888888889 0.259765625 0.0125 0.02109375
0 0.9215277777777777 0.258984375 0.05694444444444444 0.03359375
0 0.4201388888888889 0.2625 0.04583333333333333 0.04375
0 0.28402777777777777 0.254296875 0.10416666666666667 0.03203125
0 0.69375 0.23046875 0.04027777777777778 0.0109375
0 0.3861111111111111 0.23046875 0.025 0.0125
0 0.5034722222222222 0.2421875 0.059722222222222225 0.0390625
0 0.8013888888888889 0.2328125 0.05555555555555555 0.03125
0 0.65625 0.21953125 0.04027777777777778 0.025
0 0.07777777777777778 0.209765625 0.03611111111111111 0.01328125
0 0.07083333333333333 0.191796875 0.025 0.01640625
0 0.016666666666666666 0.18984375 0.027777777777777776 0.01875
0 0.98125 0.19296875 0.0375 0.03125
0 0.4736111111111111 0.184375 0.041666666666666664 0.021875
0 0.23194444444444445 0.176171875 0.10277777777777777 0.02265625
0 0.6152777777777778 0.173046875 0.044444444444444446 0.02421875
0 0.75625 0.169921875 0.043055555555555555 0.01953125
0 0.32083333333333336 0.179296875 0.03888888888888889 0.04296875
0 0.42569444444444443 0.163671875 0.04027777777777778 0.01484375
0 0.9277777777777778 0.166796875 0.05555555555555555 0.03515625
0 0.5027777777777778 0.158203125 0.027777777777777776 0.03203125
0 0.41875 0.12421875 0.03194444444444444 0.0140625
0 0.5173611111111112 0.122265625 0.04861111111111111 0.03203125
0 0.16805555555555557 0.113671875 0.030555555555555555 0.01640625
0 0.20069444444444445 0.110546875 0.034722222222222224 0.01640625
0 0.33125 0.1046875 0.020833333333333332 0.015625
0 0.11597222222222223 0.1078125 0.0375 0.0234375
0 0.8173611111111111 0.101953125 0.14583333333333334 0.04765625
0 0.5805555555555556 0.083203125 0.044444444444444446 0.02265625
0 0.83125 0.06875 0.0375 0.01875
0 0.7625 0.076171875 0.04722222222222222 0.03359375
0 0.7138888888888889 0.067578125 0.044444444444444446 0.01640625
0 0.6770833333333334 0.06640625 0.02638888888888889 0.021875
0 0.8569444444444444 0.0359375 0.1361111111111111 0.053125
0 0.9729166666666667 0.01015625 0.04861111111111111 0.0171875
0 0.6423611111111112 0.009375 0.05416666666666667 0.0171875
