0 0.6020833333333333 0.846875 0.018055555555555554 0.0203125
0 0.6506944444444445 0.831640625 0.04583333333333333 0.01953125
0 0.5111111111111111 0.775390625 0.030555555555555555 0.01953125
0 0.25277777777777777 0.71953125 0.05277777777777778 0.0296875
0 0.4152777777777778 0.703515625 0.05 0.02578125
0 0.55 0.671875 0.044444444444444446 0.021875
0 0.3770833333333333 0.66328125 0.05694444444444444 0.0234375
0 0.9756944444444444 0.661328125 0.043055555555555555 0.02109375
0 0.4548611111111111 0.66953125 0.034722222222222224 0.0421875
0 0.07083333333333333 0.646484375 0.025 0.01328125
0 0.34097222222222223 0.64765625 0.02638888888888889 0.0265625
0 0.18263888888888888 0.641015625 0.029166666666666667 0.01796875
0 0.31527777777777777 0.576171875 0.025 0.02265625
0 0.44722222222222224 0.5625 0.044444444444444446 0.0234375
0 0.4340277777777778 0.521484375 0.11527777777777778 0.05234375
0 0.3451388888888889 0.5109375 0.04583333333333333 0.0359375
