0 0.7541666666666667 0.864453125 0.030555555555555555 0.01484375
0 0.7972222222222223 0.84609375 0.044444444444444446 0.0234375
0 0.6513888888888889 0.787890625 0.04722222222222222 0.02265625
0 0.5159722222222223 0.73125 0.0375 0.0171875
0 0.027083333333333334 0.725390625 0.04583333333333333 0.02109375
0 0.39166666666666666 0.724609375 0.041666666666666664 0.02421875
0 0.07430555555555556 0.71875 0.043055555555555555 0.025
0 0.5548611111111111 0.7140625 0.043055555555555555 0.028125
0 0.6875 0.68203125 0.025 0.015625
0 0.04097222222222222 0.682421875 0.05138888888888889 0.02734375
0 0.5159722222222223 0.669921875 0.04861111111111111 0.02265625
0 0.4513888888888889 0.664453125 0.03333333333333333 0.01484375
0 0.59375 0.677734375 0.034722222222222224 0.04453125
0 0.4826388888888889 0.65234375 0.020833333333333332 0.0203125
0 0.1638888888888889 0.64921875 0.030555555555555555 0.0140625
0 0.059027777777777776 0.654296875 0.04027777777777778 0.02578125
0 0.20347222222222222 0.646484375 0.029166666666666667 0.01484375
0 0.4527777777777778 0.58203125 0.03888888888888889 0.0203125
0 0.5888888888888889 0.570703125 0.04722222222222222 0.02421875
0 0.6201388888888889 0.5375 0.0375 0.025
0 0.5583333333333333 0.522265625 0.07777777777777778 0.03828125
0 0.49027777777777776 0.5140625 0.044444444444444446 0.03125
0 0.15833333333333333 0.504296875 0.041666666666666664 0.01953125
0 0.11388888888888889 0.499609375 0.044444444444444446 0.01796875
0 0.011805555555555555 0.48828125 0.020833333333333332 0.0203125
0 0.06875 0.470703125 0.0625 0.03515625
0 0.015277777777777777 0.44375 0.025 0.028125
