0 0.8375 0.823046875 0.03888888888888889 0.02265625
0 0.9833333333333333 0.7828125 0.03333333333333333 0.0328125
0 0.3 0.74921875 0.11388888888888889 0.034375
0 0.78125 0.73046875 0.03194444444444444 0.0140625
0 0.24166666666666667 0.71796875 0.05555555555555555 0.03125
0 0.38125 0.68046875 0.05138888888888889 0.025
0 0.6333333333333333 0.673828125 0.022222222222222223 0.01640625
0 0.018055555555555554 0.676171875 0.03611111111111111 0.02421875
0 0.7902777777777777 0.636328125 0.022222222222222223 0.01328125
0 0.010416666666666666 0.630078125 0.020833333333333332 0.02421875
0 0.33194444444444443 0.590234375 0.03888888888888889 0.02265625
0 0.7041666666666667 0.5796875 0.030555555555555555 0.015625
0 0.29097222222222224 0.58203125 0.0375 0.028125
0 0.6118055555555556 0.56875 0.04583333333333333 0.025
0 0.6743055555555556 0.54609375 0.04583333333333333 0.0234375
0 0.6229166666666667 0.540625 0.05138888888888889 0.0296875
0 0.40069444444444446 0.512109375 0.034722222222222224 0.01640625
0 0.6298611111111111 0.5078125 0.03194444444444444 0.0140625
0 0.5506944444444445 0.501953125 0.029166666666666667 0.01796875
0 0.43472222222222223 0.483203125 0.044444444444444446 0.02578125
0 0.6666666666666666 0.483203125 0.058333333333333334 0.02890625
0 0.41597222222222224 0.45625 0.029166666666666667 0.0109375
0 0.4722222222222222 0.458984375 0.05 0.02890625
0 0.6756944444444445 0.43828125 0.04861111111111111 0.028125
0 0.5881944444444445 0.433203125 0.043055555555555555 0.02109375
0 0.28541666666666665 0.4234375 0.034722222222222224 0.0265625
0 0.7243055555555555 0.415625 0.015277777777777777 0.0203125
0 0.6486111111111111 0.39921875 0.041666666666666664 0.0265625
0 0.69375 0.39375 0.034722222222222224 0.0265625
0 0.6409722222222223 0.369140625 0.07083333333333333 0.02734375
0 0.42430555555555555 0.359375 0.034722222222222224 0.0265625
0 0.6375 0.345703125 0.03611111111111111 0.01953125
0 0.3909722222222222 0.334375 0.034722222222222224 0.0078125
0 0.43125 0.332421875 0.02361111111111111 0.00859375
0 0.4979166666666667 0.34296875 0.08194444444444444 0.0390625
0 0.4909722222222222 0.314453125 0.06527777777777778 0.01484375
0 0.7173611111111111 0.29140625 0.04027777777777778 0.028125
0 0.6381944444444444 0.244921875 0.0375 0.02421875
0 0.49166666666666664 0.2671875 0.09166666666666666 0.0703125
0 0.6041666666666666 0.21328125 0.027777777777777776 0.0140625
0 0.5451388888888888 0.1359375 0.05138888888888889 0.03125
0 0.5145833333333333 0.08046875 0.04861111111111111 0.0203125
