0 0.6027777777777777 0.8109375 0.06111111111111111 0.04375
0 0.9590277777777778 0.7625 0.05138888888888889 0.025
0 0.9673611111111111 0.725390625 0.05694444444444444 0.03671875
0 0.32916666666666666 0.697265625 0.03888888888888889 0.01953125
0 0.7527777777777778 0.6859375 0.044444444444444446 0.021875
0 0.31527777777777777 0.673828125 0.03333333333333333 0.01796875
0 0.6868055555555556 0.66015625 0.02361111111111111 0.01875
0 0.7027777777777777 0.635546875 0.06944444444444445 0.02421875
0 0.4638888888888889 0.626171875 0.044444444444444446 0.02890625
0 0.43680555555555556 0.5703125 0.02638888888888889 0.0171875
0 0.48055555555555557 0.561328125 0.03888888888888889 0.03203125
0 0.64375 0.533984375 0.04861111111111111 0.02734375
0 0.4791666666666667 0.5328125 0.1111111111111111 0.04375
0 0.23819444444444443 0.523828125 0.04583333333333333 0.02734375
0 0.7097222222222223 0.50703125 0.06111111111111111 0.0265625
0 0.5534722222222223 0.500390625 0.02361111111111111 0.02109375
0 0.7305555555555555 0.4890625 0.04722222222222222 0.028125
0 0.6076388888888888 0.480078125 0.020833333333333332 0.01796875
0 0.3875 0.464453125 0.044444444444444446 0.02109375
0 0.5444444444444444 0.464453125 0.030555555555555555 0.02734375
0 0.475 0.458984375 0.041666666666666664 0.03984375
0 0.7444444444444445 0.42734375 0.030555555555555555 0.021875
0 0.6854166666666667 0.417578125 0.02638888888888889 0.01328125
0 0.5173611111111112 0.40234375 0.04583333333333333 0.0265625
0 0.5486111111111112 0.39375 0.025 0.0171875
0 0.4534722222222222 0.38359375 0.05694444444444444 0.0328125
0 0.6083333333333333 0.36640625 0.05277777777777778 0.028125
0 0.5131944444444444 0.31796875 0.12916666666666668 0.0640625
0 0.6715277777777777 0.29140625 0.02361111111111111 0.0171875
0 0.60625 0.29765625 0.09583333333333334 0.03125
0 0.6166666666666667 0.26953125 0.030555555555555555 0.015625
0 0.4527777777777778 0.253515625 0.05 0.02578125
0 0.5340277777777778 0.210546875 0.05138888888888889 0.03046875
0 0.5847222222222223 0.20859375 0.05 0.0421875
0 0.6444444444444445 0.10078125 0.05 0.0328125
0 0.7423611111111111 0.02265625 0.09027777777777778 0.040625
