0 0.4173611111111111 0.909375 0.02361111111111111 0.0265625
0 0.2763888888888889 0.907421875 0.08888888888888889 0.05078125
0 0.6520833333333333 0.865625 0.06527777777777778 0.03125
0 0.93125 0.848046875 0.0763888888888889 0.04140625
0 0.3951388888888889 0.813671875 0.04027777777777778 0.01640625
0 0.31527777777777777 0.8015625 0.05277777777777778 0.0109375
0 0.25069444444444444 0.79140625 0.015277777777777777 0.0140625
0 0.9819444444444444 0.76875 0.03611111111111111 0.028125
0 0.11805555555555555 0.751171875 0.03333333333333333 0.02265625
0 0.4597222222222222 0.705078125 0.04722222222222222 0.02265625
0 0.24930555555555556 0.7171875 0.09027777777777778 0.053125
0 0.8840277777777777 0.698046875 0.08472222222222223 0.04453125
0 0.059722222222222225 0.690625 0.05277777777777778 0.0359375
0 0.4395833333333333 0.65234375 0.02638888888888889 0.028125
0 0.2986111111111111 0.654296875 0.04722222222222222 0.03203125
0 0.35625 0.64765625 0.034722222222222224 0.0234375
0 0.3597222222222222 0.620703125 0.03611111111111111 0.01640625
0 0.9555555555555556 0.630078125 0.08611111111111111 0.07109375
0 0.18958333333333333 0.6203125 0.08472222222222223 0.0515625
0 0.2548611111111111 0.58984375 0.05416666666666667 0.03125
0 0.20069444444444445 0.565625 0.034722222222222224 0.021875
0 0.8833333333333333 0.5578125 0.06666666666666667 0.03125
0 0.4013888888888889 0.543359375 0.016666666666666666 0.01640625
0 0.9298611111111111 0.53984375 0.05416666666666667 0.028125
0 0.4618055555555556 0.523046875 0.05694444444444444 0.02890625
0 0.9833333333333333 0.516015625 0.027777777777777776 0.02421875
0 0.2972222222222222 0.522265625 0.06944444444444445 0.03828125
0 0.06527777777777778 0.428125 0.03888888888888889 0.0328125
0 0.11597222222222223 0.42265625 0.03194444444444444 0.028125
0 0.3055555555555556 0.37578125 0.06388888888888888 0.0359375
0 0.04097222222222222 0.31484375 0.0625 0.03125
0 0.9784722222222222 0.3015625 0.04027777777777778 0.0328125
0 0.21180555555555555 0.258203125 0.05416666666666667 0.02890625
0 0.1486111111111111 0.2546875 0.044444444444444446 0.03125
0 0.16180555555555556 0.21953125 0.05416666666666667 0.028125
