0 0.5638888888888889 0.656640625 0.04722222222222222 0.02265625
0 0.8541666666666666 0.640625 0.05 0.01875
0 0.1951388888888889 0.63359375 0.04027777777777778 0.01875
0 0.9243055555555556 0.6328125 0.034722222222222224 0.021875
0 0.8506944444444444 0.62890625 0.02638888888888889 0.0171875
0 0.8930555555555556 0.620703125 0.027777777777777776 0.01171875
0 0.8201388888888889 0.6265625 0.029166666666666667 0.025
0 0.15625 0.6234375 0.02361111111111111 0.01875
0 0.06041666666666667 0.619921875 0.0375 0.02734375
0 0.4409722222222222 0.617578125 0.06805555555555555 0.02734375
0 0.014583333333333334 0.601171875 0.02638888888888889 0.01484375
0 0.027777777777777776 0.586328125 0.03611111111111111 0.01484375
0 0.37083333333333335 0.57890625 0.05277777777777778 0.028125
0 0.1361111111111111 0.57109375 0.03611111111111111 0.0140625
0 0.3472222222222222 0.54921875 0.019444444444444445 0.009375
0 0.6520833333333333 0.544140625 0.029166666666666667 0.01796875
0 0.49583333333333335 0.537890625 0.03611111111111111 0.02421875
0 0.7229166666666667 0.51328125 0.0375 0.0421875
0 0.6868055555555556 0.494921875 0.018055555555555554 0.01640625
0 0.3784722222222222 0.490625 0.03194444444444444 0.0171875
0 0.7138888888888889 0.458984375 0.03611111111111111 0.02265625
0 0.5618055555555556 0.458203125 0.0375 0.02109375
0 0.5173611111111112 0.456640625 0.03194444444444444 0.02109375
0 0.6097222222222223 0.455078125 0.03333333333333333 0.01953125
0 0.5979166666666667 0.394140625 0.03194444444444444 0.01484375
0 0.4013888888888889 0.360546875 0.027777777777777776 0.01484375
0 0.6361111111111111 0.36171875 0.06944444444444445 0.0265625
0 0.5513888888888889 0.34609375 0.025 0.0140625
0 0.5736111111111111 0.32890625 0.03888888888888889 0.0203125
0 0.7798611111111111 0.32109375 0.04027777777777778 0.015625
