0 0.8673611111111111 0.7046875 0.0375 0.0265625
0 0.2513888888888889 0.681640625 0.09444444444444444 0.03828125
0 0.6590277777777778 0.658203125 0.029166666666666667 0.01484375
0 0.8784722222222222 0.6453125 0.0625 0.025
0 0.6805555555555556 0.64453125 0.044444444444444446 0.0265625
0 0.6694444444444444 0.6109375 0.05 0.03125
0 0.8236111111111111 0.57421875 0.03611111111111111 0.015625
0 0.4666666666666667 0.574609375 0.03888888888888889 0.02890625
0 0.09375 0.57890625 0.05138888888888889 0.0421875
0 0.42430555555555555 0.55625 0.04583333333333333 0.0203125
0 0.9756944444444444 0.546484375 0.029166666666666667 0.01953125
0 0.4534722222222222 0.53203125 0.08194444444444444 0.0265625
0 0.7444444444444445 0.519140625 0.030555555555555555 0.01640625
0 0.20694444444444443 0.513671875 0.03611111111111111 0.01015625
0 0.8875 0.51640625 0.05277777777777778 0.021875
0 0.55625 0.508984375 0.02361111111111111 0.00859375
0 0.8715277777777778 0.496484375 0.034722222222222224 0.01640625
0 0.1951388888888889 0.45390625 0.018055555555555554 0.021875
0 0.9104166666666667 0.449609375 0.05138888888888889 0.02109375
0 0.8166666666666667 0.437109375 0.027777777777777776 0.01328125
0 0.3958333333333333 0.43359375 0.04722222222222222 0.028125
0 0.02361111111111111 0.425 0.027777777777777776 0.015625
0 0.18888888888888888 0.425 0.03611111111111111 0.0234375
0 0.9479166666666666 0.4140625 0.018055555555555554 0.0109375
0 0.2326388888888889 0.430859375 0.05416666666666667 0.05859375
0 0.4513888888888889 0.408203125 0.044444444444444446 0.02734375
0 0.3923611111111111 0.382421875 0.015277777777777777 0.01328125
0 0.47847222222222224 0.387890625 0.04861111111111111 0.02734375
0 0.11458333333333333 0.3640625 0.02638888888888889 0.0203125
0 0.37569444444444444 0.349609375 0.02361111111111111 0.01171875
0 0.2708333333333333 0.361328125 0.04722222222222222 0.03671875
0 0.9770833333333333 0.34609375 0.018055555555555554 0.0140625
0 0.19930555555555557 0.348046875 0.043055555555555555 0.02109375
0 0.9423611111111111 0.344921875 0.04027777777777778 0.01953125
0 0.25069444444444444 0.3046875 0.05138888888888889 0.0296875
0 0.36041666666666666 0.292578125 0.03194444444444444 0.02890625
0 0.18125 0.2828125 0.05416666666666667 0.0296875
0 0.32083333333333336 0.264453125 0.06388888888888888 0.02734375
0 0.4340277777777778 0.23125 0.020833333333333332 0.0234375
0 0.3 0.2328125 0.06111111111111111 0.0328125
0 0.46458333333333335 0.21171875 0.02361111111111111 0.015625
0 0.4548611111111111 0.192578125 0.020833333333333332 0.01015625
0 0.41597222222222224 0.19375 0.015277777777777777 0.0140625
0 0.2076388888888889 0.203515625 0.09027777777777778 0.03984375
0 0.35 0.19765625 0.08611111111111111 0.0328125
0 0.36944444444444446 0.160546875 0.03333333333333333 0.02734375
0 0.16944444444444445 0.15390625 0.05 0.0296875
0 0.2798611111111111 0.1109375 0.10138888888888889 0.0328125
0 0.3958333333333333 0.008984375 0.044444444444444446 0.01484375
