0 0.8361111111111111 0.790234375 0.030555555555555555 0.01328125
0 0.9833333333333333 0.74375 0.03333333333333333 0.028125
0 0.2611111111111111 0.726953125 0.06111111111111111 0.03828125
0 0.21944444444444444 0.697265625 0.05277777777777778 0.03359375
0 0.36875 0.65390625 0.05416666666666667 0.03125
0 0.3 0.553515625 0.044444444444444446 0.02734375
0 0.25416666666666665 0.55 0.044444444444444446 0.028125
0 0.5479166666666667 0.534375 0.0375 0.0140625
0 0.6 0.51875 0.030555555555555555 0.015625
0 0.64375 0.498046875 0.10138888888888889 0.03515625
0 0.36736111111111114 0.468359375 0.043055555555555555 0.01640625
0 0.5361111111111111 0.45859375 0.04722222222222222 0.0234375
0 0.40208333333333335 0.437890625 0.04583333333333333 0.02734375
0 0.6493055555555556 0.434765625 0.08472222222222223 0.02890625
0 0.38263888888888886 0.4125 0.02638888888888889 0.015625
0 0.4465277777777778 0.412109375 0.05416666666666667 0.02890625
0 0.68125 0.3890625 0.06805555555555555 0.0265625
0 0.5652777777777778 0.3828125 0.04722222222222222 0.0234375
0 0.23333333333333334 0.376953125 0.03611111111111111 0.02421875
0 0.6388888888888888 0.371484375 0.022222222222222223 0.02109375
0 0.37916666666666665 0.3578125 0.027777777777777776 0.015625
0 0.5673611111111111 0.348046875 0.03194444444444444 0.01953125
0 0.66875 0.337109375 0.020833333333333332 0.01328125
0 0.6347222222222222 0.312109375 0.041666666666666664 0.01796875
0 0.3715277777777778 0.297265625 0.043055555555555555 0.02890625
0 0.6111111111111112 0.29140625 0.03888888888888889 0.0265625
0 0.4618055555555556 0.273828125 0.07916666666666666 0.05859375
0 0.6979166666666666 0.227734375 0.0375 0.03046875
0 0.4548611111111111 0.214453125 0.10416666666666667 0.05390625
0 0.42083333333333334 0.19375 0.041666666666666664 0.0171875
0 0.6215277777777778 0.173046875 0.0375 0.01640625
0 0.4777777777777778 0.1734375 0.05 0.028125
0 0.5770833333333333 0.141015625 0.03194444444444444 0.01640625
0 0.5090277777777777 0.0609375 0.04583333333333333 0.034375
