0 0.1451388888888889 0.43359375 0.02361111111111111 0.009375
0 0.2263888888888889 0.4359375 0.027777777777777776 0.015625
0 0.24166666666666667 0.415625 0.027777777777777776 0.0125
0 0.1423611111111111 0.415234375 0.04027777777777778 0.01796875
0 0.0875 0.3578125 0.05277777777777778 0.0234375
0 0.0375 0.3390625 0.041666666666666664 0.015625
0 0.11458333333333333 0.33984375 0.04583333333333333 0.01875
0 0.03333333333333333 0.319140625 0.030555555555555555 0.01484375
0 0.08402777777777778 0.305078125 0.020833333333333332 0.01015625
0 0.009722222222222222 0.25078125 0.016666666666666666 0.0109375
