0 0.016666666666666666 0.736328125 0.030555555555555555 0.02421875
0 0.20625 0.72109375 0.043055555555555555 0.021875
0 0.15138888888888888 0.72265625 0.030555555555555555 0.028125
0 0.23402777777777778 0.65859375 0.034722222222222224 0.021875
0 0.1423611111111111 0.641015625 0.04861111111111111 0.01640625
0 0.4354166666666667 0.656640625 0.0875 0.05078125
0 0.34305555555555556 0.638671875 0.044444444444444446 0.02578125
0 0.48194444444444445 0.62265625 0.05 0.0203125
0 0.8763888888888889 0.6171875 0.041666666666666664 0.0171875
0 0.28541666666666665 0.615234375 0.059722222222222225 0.02890625
0 0.74375 0.6171875 0.07083333333333333 0.0453125
0 0.7993055555555556 0.58984375 0.0375 0.01875
0 0.21180555555555555 0.59140625 0.06527777777777778 0.028125
0 0.36319444444444443 0.585546875 0.05694444444444444 0.02890625
0 0.9756944444444444 0.5796875 0.0375 0.04375
0 0.8902777777777777 0.56171875 0.03888888888888889 0.021875
0 0.9666666666666667 0.546484375 0.03611111111111111 0.02421875
0 0.1875 0.52890625 0.027777777777777776 0.0125
0 0.30416666666666664 0.5109375 0.075 0.0375
0 0.29305555555555557 0.476171875 0.044444444444444446 0.02578125
0 0.22569444444444445 0.46875 0.034722222222222224 0.0171875
0 0.16180555555555556 0.4640625 0.029166666666666667 0.015625
0 0.19166666666666668 0.44453125 0.05277777777777778 0.025
0 0.29375 0.435546875 0.04861111111111111 0.02578125
0 0.9680555555555556 0.42421875 0.06388888888888888 0.0375
0 0.2375 0.4140625 0.025 0.0171875
0 0.23819444444444443 0.385546875 0.059722222222222225 0.02265625
