0 0.5826388888888889 0.773828125 0.029166666666666667 0.02578125
0 0.56875 0.70703125 0.03194444444444444 0.025
0 0.43194444444444446 0.6390625 0.03888888888888889 0.03125
0 0.3659722222222222 0.61796875 0.020833333333333332 0.0109375
0 0.37083333333333335 0.60546875 0.019444444444444445 0.0078125
0 0.2916666666666667 0.592578125 0.019444444444444445 0.01640625
0 0.3736111111111111 0.584765625 0.041666666666666664 0.01328125
0 0.7291666666666666 0.5890625 0.044444444444444446 0.0234375
0 0.2111111111111111 0.58046875 0.030555555555555555 0.0203125
0 0.5777777777777777 0.571875 0.03611111111111111 0.0171875
0 0.7770833333333333 0.55234375 0.034722222222222224 0.015625
0 0.8138888888888889 0.55078125 0.03611111111111111 0.01875
0 0.9416666666666667 0.540625 0.019444444444444445 0.0171875
0 0.7013888888888888 0.523046875 0.030555555555555555 0.01484375
0 0.8875 0.534765625 0.06666666666666667 0.03984375
0 0.6784722222222223 0.48515625 0.05138888888888889 0.0265625
0 0.55 0.48203125 0.05277777777777778 0.0390625
0 0.12291666666666666 0.464453125 0.03194444444444444 0.01328125
0 0.9861111111111112 0.450390625 0.027777777777777776 0.01640625
0 0.9111111111111111 0.441015625 0.019444444444444445 0.01015625
0 0.5284722222222222 0.4390625 0.04861111111111111 0.021875
0 0.5736111111111111 0.428125 0.041666666666666664 0.0203125
0 0.04375 0.4171875 0.034722222222222224 0.0078125
0 0.07013888888888889 0.3890625 0.07916666666666666 0.0265625
0 0.38958333333333334 0.380078125 0.03194444444444444 0.01484375
0 0.5895833333333333 0.378125 0.04027777777777778 0.028125
0 0.7541666666666667 0.35625 0.05 0.025
0 0.7152777777777778 0.3328125 0.025 0.0125
0 0.5041666666666667 0.341015625 0.04722222222222222 0.02890625
0 0.6034722222222222 0.33046875 0.05416666666666667 0.0203125
0 0.10138888888888889 0.34609375 0.058333333333333334 0.0609375
0 0.21388888888888888 0.319140625 0.027777777777777776 0.01953125
0 0.5576388888888889 0.309375 0.034722222222222224 0.0234375
0 0.4479166666666667 0.301171875 0.03194444444444444 0.01484375
0 0.6854166666666667 0.296484375 0.034722222222222224 0.01328125
0 0.17222222222222222 0.2953125 0.05 0.021875
0 0.40208333333333335 0.287109375 0.0375 0.02109375
0 0.15486111111111112 0.28046875 0.02638888888888889 0.0171875
0 0.18541666666666667 0.234765625 0.0625 0.02890625
0 0.5173611111111112 0.227734375 0.04027777777777778 0.02421875
0 0.12916666666666668 0.214453125 0.03333333333333333 0.03046875
0 0.2520833333333333 0.2078125 0.03194444444444444 0.025
0 0.42430555555555555 0.1984375 0.04027777777777778 0.025
0 0.3277777777777778 0.193359375 0.03611111111111111 0.02265625
0 0.15486111111111112 0.133203125 0.0375 0.02578125
0 0.24444444444444444 0.116796875 0.025 0.02578125
0 0.40694444444444444 0.105078125 0.05 0.02421875
0 0.2916666666666667 0.098046875 0.05 0.03359375
0 0.3638888888888889 0.085546875 0.019444444444444445 0.01171875
0 0.19444444444444445 0.08515625 0.03611111111111111 0.025
0 0.24305555555555555 0.052734375 0.027777777777777776 0.01484375
0 0.9819444444444444 0.037890625 0.03611111111111111 0.05390625
0 0.89375 0.019140625 0.06805555555555555 0.03671875
0 0.18333333333333332 0.007421875 0.027777777777777776 0.01328125
