0 0.26805555555555555 0.726953125 0.05555555555555555 0.03203125
0 0.19930555555555557 0.719921875 0.05138888888888889 0.03203125
0 0.20833333333333334 0.688671875 0.05277777777777778 0.02734375
0 0.5236111111111111 0.684765625 0.041666666666666664 0.02265625
0 0.32430555555555557 0.67890625 0.0763888888888889 0.0421875
0 0.3680555555555556 0.6625 0.05555555555555555 0.0234375
0 0.06875 0.66328125 0.05416666666666667 0.025
0 0.5381944444444444 0.6453125 0.05138888888888889 0.03125
0 0.3229166666666667 0.643359375 0.05416666666666667 0.02890625
0 0.25416666666666665 0.61953125 0.05555555555555555 0.0296875
0 0.06597222222222222 0.584765625 0.02638888888888889 0.01484375
0 0.24375 0.5765625 0.043055555555555555 0.0203125
0 0.9444444444444444 0.58125 0.044444444444444446 0.0390625
0 0.6777777777777778 0.565234375 0.044444444444444446 0.02109375
0 0.9201388888888888 0.538671875 0.0625 0.02265625
0 0.8243055555555555 0.538671875 0.04027777777777778 0.02890625
0 0.025694444444444443 0.52421875 0.034722222222222224 0.0234375
0 0.8708333333333333 0.509765625 0.06111111111111111 0.02890625
0 0.5944444444444444 0.48359375 0.016666666666666666 0.0125
0 0.75625 0.46328125 0.020833333333333332 0.0234375
0 0.9631944444444445 0.44765625 0.07083333333333333 0.0390625
0 0.7118055555555556 0.40703125 0.034722222222222224 0.0171875
0 0.22361111111111112 0.36328125 0.025 0.009375
0 0.9541666666666667 0.361328125 0.025 0.01640625
0 0.79375 0.360546875 0.009722222222222222 0.01640625
0 0.58125 0.326953125 0.04583333333333333 0.01953125
0 0.9479166666666666 0.31875 0.02361111111111111 0.0078125
0 0.23402777777777778 0.320703125 0.029166666666666667 0.01171875
0 0.7222222222222222 0.326171875 0.05 0.02890625
0 0.21597222222222223 0.309375 0.034722222222222224 0.0140625
0 0.3326388888888889 0.30234375 0.03194444444444444 0.0109375
0 0.6840277777777778 0.305078125 0.05416666666666667 0.03046875
0 0.60625 0.30078125 0.04027777777777778 0.0234375
0 0.6569444444444444 0.280078125 0.05555555555555555 0.03046875
0 0.9784722222222222 0.26796875 0.03194444444444444 0.015625
0 0.33958333333333335 0.265234375 0.03194444444444444 0.01640625
0 0.28194444444444444 0.255859375 0.04722222222222222 0.02734375
0 0.011805555555555555 0.249609375 0.02361111111111111 0.02578125
0 0.14583333333333334 0.249609375 0.058333333333333334 0.02890625
0 0.8486111111111111 0.2390625 0.03333333333333333 0.015625
0 0.9701388888888889 0.23984375 0.02638888888888889 0.021875
0 0.5513888888888889 0.2359375 0.030555555555555555 0.021875
0 0.7791666666666667 0.2328125 0.05277777777777778 0.025
0 0.9458333333333333 0.216015625 0.03611111111111111 0.01953125
0 0.19305555555555556 0.20859375 0.06111111111111111 0.034375
0 0.03333333333333333 0.1953125 0.06111111111111111 0.03125
0 0.8680555555555556 0.190625 0.05555555555555555 0.028125
0 0.34305555555555556 0.176171875 0.022222222222222223 0.01328125
0 0.5145833333333333 0.172265625 0.02361111111111111 0.01484375
0 0.8159722222222222 0.172265625 0.03194444444444444 0.01796875
0 0.21180555555555555 0.164453125 0.05138888888888889 0.01953125
0 0.6243055555555556 0.1609375 0.034722222222222224 0.015625
0 0.7298611111111111 0.16796875 0.05694444444444444 0.0328125
0 0.8868055555555555 0.16171875 0.04583333333333333 0.0265625
0 0.49722222222222223 0.152734375 0.058333333333333334 0.02109375
0 0.5895833333333333 0.14296875 0.02361111111111111 0.01875
0 0.5527777777777778 0.138671875 0.03611111111111111 0.01953125
0 0.40347222222222223 0.1375 0.04027777777777778 0.0203125
0 0.47847222222222224 0.13046875 0.029166666666666667 0.01875
0 0.2826388888888889 0.133984375 0.05694444444444444 0.03671875
0 0.11805555555555555 0.131640625 0.05 0.03359375
0 0.91875 0.11875 0.04583333333333333 0.0234375
0 0.23680555555555555 0.12265625 0.04861111111111111 0.03125
0 0.5597222222222222 0.11640625 0.03888888888888889 0.021875
0 0.9659722222222222 0.108984375 0.04583333333333333 0.02421875
0 0.7340277777777777 0.09765625 0.034722222222222224 0.021875
0 0.5729166666666666 0.076953125 0.029166666666666667 0.01953125
0 0.275 0.08125 0.058333333333333334 0.0328125
0 0.99375 0.073828125 0.0125 0.02265625
0 0.3423611111111111 0.06484375 0.043055555555555555 0.0171875
0 0.7402777777777778 0.06640625 0.03888888888888889 0.025
0 0.6131944444444445 0.0609375 0.04027777777777778 0.0234375
0 0.45902777777777776 0.055078125 0.029166666666666667 0.01796875
0 0.12083333333333333 0.058203125 0.058333333333333334 0.03671875
0 0.9618055555555556 0.0421875 0.04583333333333333 0.028125
0 0.9368055555555556 0.034765625 0.020833333333333332 0.02109375
0 0.7784722222222222 0.03828125 0.05694444444444444 0.034375
0 0.8118055555555556 0.0234375 0.03194444444444444 0.0125
0 0.5527777777777778 0.04296875 0.09166666666666666 0.0609375
0 0.9819444444444444 0.018359375 0.03611111111111111 0.02890625
0 0.7104166666666667 0.007421875 0.0375 0.01328125
0 0.5840277777777778 0.00859375 0.02361111111111111 0.015625
0 0.4173611111111111 0.017578125 0.08472222222222223 0.03515625
0 0.1111111111111111 0.009765625 0.03333333333333333 0.01953125
