0 0.21388888888888888 0.66484375 0.019444444444444445 0.0140625
0 0.04791666666666667 0.66328125 0.020833333333333332 0.015625
0 0.014583333333333334 0.664453125 0.02638888888888889 0.02421875
0 0.6409722222222223 0.63828125 0.02638888888888889 0.0125
0 0.041666666666666664 0.635546875 0.022222222222222223 0.01953125
0 0.08958333333333333 0.62265625 0.034722222222222224 0.015625
0 0.1763888888888889 0.6046875 0.027777777777777776 0.0171875
0 0.4965277777777778 0.603125 0.029166666666666667 0.0171875
0 0.9590277777777778 0.587109375 0.029166666666666667 0.01328125
0 0.015277777777777777 0.590625 0.030555555555555555 0.03125
0 0.7791666666666667 0.583984375 0.030555555555555555 0.01953125
0 0.9430555555555555 0.569140625 0.03333333333333333 0.01796875
0 0.47430555555555554 0.566796875 0.02638888888888889 0.01484375
0 0.6013888888888889 0.56171875 0.025 0.0140625
0 0.07291666666666667 0.564453125 0.034722222222222224 0.01953125
0 0.35347222222222224 0.552734375 0.02361111111111111 0.01640625
0 0.25416666666666665 0.555078125 0.03333333333333333 0.02734375
0 0.3972222222222222 0.5453125 0.058333333333333334 0.021875
0 0.1986111111111111 0.538671875 0.022222222222222223 0.01328125
0 0.46944444444444444 0.5375 0.027777777777777776 0.0171875
0 0.49583333333333335 0.5359375 0.030555555555555555 0.015625
0 0.9131944444444444 0.537109375 0.03194444444444444 0.02109375
0 0.7055555555555556 0.545703125 0.09444444444444444 0.05078125
0 0.1326388888888889 0.527734375 0.05138888888888889 0.02265625
0 0.025694444444444443 0.5234375 0.04027777777777778 0.021875
0 0.2111111111111111 0.515625 0.022222222222222223 0.0125
0 0.08888888888888889 0.49921875 0.03333333333333333 0.0234375
0 0.29375 0.485546875 0.043055555555555555 0.01796875
0 0.9625 0.494921875 0.075 0.03984375
0 0.85 0.468359375 0.05277777777777778 0.02890625
0 0.08263888888888889 0.455859375 0.015277777777777777 0.01015625
0 0.7638888888888888 0.45859375 0.05555555555555555 0.0265625
0 0.6229166666666667 0.459765625 0.059722222222222225 0.04296875
0 0.027083333333333334 0.439453125 0.029166666666666667 0.01171875
0 0.5645833333333333 0.438671875 0.029166666666666667 0.01640625
0 0.3659722222222222 0.434765625 0.015277777777777777 0.01015625
0 0.6902777777777778 0.442578125 0.05 0.02734375
0 0.3854166666666667 0.4296875 0.02361111111111111 0.0125
0 0.6548611111111111 0.430859375 0.034722222222222224 0.02421875
0 0.9090277777777778 0.427734375 0.05694444444444444 0.02109375
0 0.85 0.41640625 0.044444444444444446 0.0234375
0 0.7006944444444444 0.403515625 0.034722222222222224 0.01171875
0 0.7708333333333334 0.398046875 0.022222222222222223 0.01640625
0 0.2743055555555556 0.39296875 0.02361111111111111 0.0125
0 0.8097222222222222 0.398046875 0.03888888888888889 0.02578125
0 0.9423611111111111 0.387890625 0.029166666666666667 0.01171875
0 0.9055555555555556 0.3875 0.041666666666666664 0.021875
0 0.58125 0.38125 0.02361111111111111 0.0125
0 0.38263888888888886 0.3765625 0.020833333333333332 0.009375
0 0.33194444444444443 0.378125 0.027777777777777776 0.0125
0 0.6951388888888889 0.373828125 0.029166666666666667 0.01328125
0 0.43125 0.38359375 0.05694444444444444 0.0359375
0 0.25833333333333336 0.365625 0.027777777777777776 0.0109375
0 0.32222222222222224 0.36484375 0.019444444444444445 0.0109375
0 0.24027777777777778 0.358203125 0.027777777777777776 0.01328125
0 0.7875 0.358984375 0.04722222222222222 0.02421875
0 0.32430555555555557 0.351171875 0.02638888888888889 0.01015625
0 0.5284722222222222 0.342578125 0.02638888888888889 0.01953125
0 0.17222222222222222 0.340625 0.09166666666666666 0.0265625
0 0.5722222222222222 0.3203125 0.03333333333333333 0.0109375
0 0.5513888888888889 0.314453125 0.03888888888888889 0.00703125
0 0.17569444444444443 0.31640625 0.018055555555555554 0.0125
0 0.06111111111111111 0.2984375 0.027777777777777776 0.01875
0 0.013194444444444444 0.29140625 0.020833333333333332 0.0125
0 0.9277777777777778 0.280078125 0.04722222222222222 0.01953125
0 0.10972222222222222 0.28125 0.058333333333333334 0.021875
0 0.8375 0.27734375 0.05555555555555555 0.0234375
0 0.07222222222222222 0.268359375 0.030555555555555555 0.01484375
0 0.027083333333333334 0.268359375 0.02638888888888889 0.01953125
0 0.32916666666666666 0.302734375 0.1111111111111111 0.08984375
0 0.9902777777777778 0.258203125 0.019444444444444445 0.02578125
0 0.13194444444444445 0.248828125 0.022222222222222223 0.00859375
0 0.08680555555555555 0.256640625 0.05694444444444444 0.02578125
0 0.8826388888888889 0.264453125 0.05694444444444444 0.04921875
0 0.1986111111111111 0.241015625 0.027777777777777776 0.00859375
0 0.9215277777777777 0.166015625 0.034722222222222224 0.01796875
0 0.9638888888888889 0.141015625 0.04722222222222222 0.02109375
0 0.9944444444444445 0.116015625 0.008333333333333333 0.01484375
0 0.8243055555555555 0.11953125 0.07916666666666666 0.0265625
0 0.93125 0.115234375 0.0625 0.02421875
0 0.7673611111111112 0.114453125 0.034722222222222224 0.02421875
0 0.8763888888888889 0.09921875 0.03333333333333333 0.0203125
0 0.8368055555555556 0.0890625 0.020833333333333332 0.0125
0 0.9125 0.091796875 0.03888888888888889 0.02109375
0 0.9333333333333333 0.064453125 0.03888888888888889 0.01953125
