0 0.26944444444444443 0.709375 0.044444444444444446 0.03125
0 0.43125 0.68203125 0.034722222222222224 0.0265625
0 0.2548611111111111 0.621484375 0.02638888888888889 0.01953125
0 0.05694444444444444 0.5953125 0.027777777777777776 0.0234375
0 0.06041666666666667 0.530859375 0.015277777777777777 0.01015625
0 0.8 0.516796875 0.030555555555555555 0.01328125
0 0.29583333333333334 0.4984375 0.019444444444444445 0.0109375
0 0.15833333333333333 0.48828125 0.03611111111111111 0.015625
0 0.05277777777777778 0.47109375 0.03611111111111111 0.009375
0 0.7284722222222222 0.45 0.04027777777777778 0.01875
0 0.09861111111111111 0.457421875 0.04722222222222222 0.03671875
0 0.7055555555555556 0.441015625 0.019444444444444445 0.01015625
0 0.035416666666666666 0.448828125 0.05694444444444444 0.03046875
0 0.5395833333333333 0.4 0.02361111111111111 0.009375
0 0.15208333333333332 0.401953125 0.018055555555555554 0.01640625
0 0.19166666666666668 0.390234375 0.03888888888888889 0.01953125
0 0.08611111111111111 0.348828125 0.03333333333333333 0.02734375
0 0.03194444444444444 0.34375 0.041666666666666664 0.0203125
0 0.16875 0.333203125 0.04861111111111111 0.01796875
0 0.12361111111111112 0.32265625 0.041666666666666664 0.0328125
0 0.17152777777777778 0.31015625 0.0375 0.0265625
0 0.15416666666666667 0.296875 0.019444444444444445 0.0078125
0 0.09236111111111112 0.279296875 0.07083333333333333 0.02109375
0 0.10347222222222222 0.257421875 0.04027777777777778 0.01953125
0 0.7243055555555555 0.212890625 0.08472222222222223 0.03671875
0 0.1763888888888889 0.201171875 0.041666666666666664 0.02578125
0 0.08333333333333333 0.153125 0.05277777777777778 0.021875
0 0.6965277777777777 0.134375 0.034722222222222224 0.021875
0 0.5451388888888888 0.107421875 0.04027777777777778 0.02421875
0 0.5368055555555555 0.065625 0.12638888888888888 0.046875
0 0.5111111111111111 0.046484375 0.05 0.02109375
0 0.009722222222222222 0.046484375 0.019444444444444445 0.02578125
