0 0.14583333333333334 0.80390625 0.05555555555555555 0.03125
0 0.30069444444444443 0.768359375 0.04583333333333333 0.02890625
0 0.125 0.709765625 0.03333333333333333 0.02265625
0 0.9513888888888888 0.690625 0.027777777777777776 0.015625
0 0.9729166666666667 0.621484375 0.020833333333333332 0.01484375
0 0.029166666666666667 0.577734375 0.03611111111111111 0.01796875
0 0.5701388888888889 0.53515625 0.0375 0.0125
0 0.5590277777777778 0.523828125 0.0375 0.00859375
0 0.03333333333333333 0.494921875 0.03333333333333333 0.01171875
0 0.07083333333333333 0.481640625 0.04722222222222222 0.02578125
0 0.05763888888888889 0.41640625 0.06527777777777778 0.0578125
0 0.5638888888888889 0.305078125 0.07777777777777778 0.03515625
0 0.05138888888888889 0.29921875 0.041666666666666664 0.025
0 0.53125 0.2328125 0.029166666666666667 0.0203125
0 0.39305555555555555 0.2109375 0.03611111111111111 0.0265625
0 0.3736111111111111 0.171875 0.11666666666666667 0.0453125
0 0.35208333333333336 0.155078125 0.05416666666666667 0.01796875
