0 0.125 0.8671875 0.044444444444444446 0.0328125
0 0.28680555555555554 0.837890625 0.04861111111111111 0.02734375
0 0.07013888888888889 0.7875 0.020833333333333332 0.0140625
0 0.9659722222222222 0.7703125 0.018055555555555554 0.015625
0 0.1076388888888889 0.771484375 0.029166666666666667 0.02265625
0 0.025694444444444443 0.63203125 0.03194444444444444 0.015625
0 0.5673611111111111 0.60234375 0.04027777777777778 0.0140625
0 0.5527777777777778 0.58828125 0.03333333333333333 0.0125
0 0.04375 0.541015625 0.020833333333333332 0.01640625
0 0.07361111111111111 0.534375 0.041666666666666664 0.021875
0 0.007638888888888889 0.483203125 0.0125 0.02578125
0 0.04583333333333333 0.4765625 0.041666666666666664 0.0203125
0 0.017361111111111112 0.45703125 0.03194444444444444 0.0171875
0 0.06597222222222222 0.462890625 0.0625 0.07578125
0 0.013194444444444444 0.42734375 0.02638888888888889 0.01875
0 0.009722222222222222 0.404296875 0.019444444444444445 0.01171875
0 0.58125 0.366015625 0.07916666666666666 0.03203125
0 0.07013888888888889 0.352734375 0.04027777777777778 0.02421875
0 0.007638888888888889 0.295703125 0.0125 0.02109375
0 0.5472222222222223 0.294140625 0.030555555555555555 0.01953125
0 0.3951388888888889 0.272265625 0.04027777777777778 0.01796875
0 0.37777777777777777 0.233203125 0.10833333333333334 0.04453125
0 0.35208333333333336 0.216015625 0.043055555555555555 0.01796875
