0 0.8868055555555555 0.71171875 0.0375 0.0265625
0 0.2611111111111111 0.690234375 0.09444444444444444 0.03828125
0 0.8993055555555556 0.65703125 0.0625 0.025
0 0.6826388888888889 0.65625 0.05694444444444444 0.034375
0 0.6777777777777778 0.6171875 0.05 0.03125
0 0.8361111111111111 0.5828125 0.03611111111111111 0.015625
0 0.47847222222222224 0.5796875 0.04583333333333333 0.0296875
0 0.09930555555555555 0.5859375 0.05416666666666667 0.0453125
0 0.9847222222222223 0.553515625 0.030555555555555555 0.01484375
0 0.45555555555555555 0.548828125 0.08888888888888889 0.04765625
0 0.7486111111111111 0.526171875 0.030555555555555555 0.01640625
0 0.21388888888888888 0.521484375 0.03611111111111111 0.01015625
0 0.9013888888888889 0.52578125 0.05277777777777778 0.021875
0 0.55625 0.508984375 0.02361111111111111 0.00859375
0 0.8881944444444444 0.503515625 0.034722222222222224 0.01640625
0 0.20208333333333334 0.46953125 0.018055555555555554 0.0140625
0 0.9243055555555556 0.456640625 0.05138888888888889 0.02109375
0 0.8319444444444445 0.443359375 0.027777777777777776 0.01328125
0 0.4 0.440625 0.04722222222222222 0.028125
0 0.03333333333333333 0.43203125 0.027777777777777776 0.015625
0 0.2263888888888889 0.439453125 0.08611111111111111 0.06015625
0 0.4583333333333333 0.414453125 0.044444444444444446 0.02734375
0 0.40347222222222223 0.391796875 0.015277777777777777 0.01328125
0 0.4840277777777778 0.391796875 0.04861111111111111 0.02734375
0 0.12152777777777778 0.371875 0.02638888888888889 0.0203125
0 0.37569444444444444 0.358203125 0.02361111111111111 0.01171875
0 0.2847222222222222 0.369140625 0.06111111111111111 0.03828125
0 0.98125 0.353125 0.020833333333333332 0.0140625
0 0.20208333333333334 0.355078125 0.043055555555555555 0.02109375
0 0.9451388888888889 0.350390625 0.04027777777777778 0.01953125
0 0.25625 0.3078125 0.05138888888888889 0.0296875
0 0.36319444444444443 0.298828125 0.03194444444444444 0.02890625
0 0.18819444444444444 0.28984375 0.05416666666666667 0.0296875
0 0.325 0.2703125 0.06111111111111111 0.028125
0 0.4395833333333333 0.2390625 0.020833333333333332 0.0234375
0 0.3013888888888889 0.240625 0.06111111111111111 0.0328125
0 0.46875 0.21953125 0.02638888888888889 0.015625
0 0.45902777777777776 0.198828125 0.020833333333333332 0.01015625
0 0.4166666666666667 0.20078125 0.016666666666666666 0.0203125
0 0.21388888888888888 0.21015625 0.08888888888888889 0.0390625
0 0.35347222222222224 0.2046875 0.09027777777777778 0.0328125
0 0.37569444444444444 0.17265625 0.0375 0.034375
0 0.17222222222222222 0.16171875 0.05 0.0296875
0 0.2833333333333333 0.119140625 0.1 0.03359375
0 0.39375 0.0109375 0.059722222222222225 0.0203125
