0 0.275 0.707421875 0.03611111111111111 0.02578125
0 0.22708333333333333 0.704296875 0.04583333333333333 0.02734375
0 0.029861111111111113 0.687109375 0.04583333333333333 0.03046875
0 0.3076388888888889 0.648828125 0.02638888888888889 0.01484375
0 0.5041666666666667 0.64609375 0.07222222222222222 0.0515625
0 0.21875 0.628125 0.043055555555555555 0.01875
0 0.4173611111111111 0.6265625 0.04583333333333333 0.0234375
0 0.5472222222222223 0.61640625 0.05 0.01875
0 0.9340277777777778 0.61640625 0.04861111111111111 0.0203125
0 0.7951388888888888 0.616796875 0.0625 0.04453125
0 0.3576388888888889 0.604296875 0.05416666666666667 0.02578125
0 0.8645833333333334 0.591796875 0.04861111111111111 0.02265625
0 0.2881944444444444 0.58046875 0.0625 0.025
0 0.4388888888888889 0.574609375 0.05555555555555555 0.02734375
0 0.9513888888888888 0.559375 0.041666666666666664 0.0234375
0 0.2743055555555556 0.517578125 0.020833333333333332 0.01328125
0 0.3784722222222222 0.50078125 0.07083333333333333 0.0359375
0 0.2326388888888889 0.466015625 0.034722222222222224 0.01953125
0 0.3729166666666667 0.465625 0.043055555555555555 0.025
0 0.31527777777777777 0.456640625 0.041666666666666664 0.01796875
0 0.27291666666666664 0.43984375 0.06805555555555555 0.0390625
0 0.38055555555555554 0.4265625 0.05 0.025
0 0.31805555555555554 0.403515625 0.025 0.02109375
0 0.32708333333333334 0.377734375 0.06527777777777778 0.01953125
