0 0.9847222222222223 0.74453125 0.030555555555555555 0.0171875
0 0.3597222222222222 0.7265625 0.08888888888888889 0.040625
0 0.9819444444444444 0.68828125 0.03611111111111111 0.0265625
0 0.7736111111111111 0.6875 0.06666666666666667 0.0375
0 0.7743055555555556 0.649609375 0.05694444444444444 0.03203125
0 0.9256944444444445 0.611328125 0.034722222222222224 0.01484375
0 0.19027777777777777 0.61953125 0.05555555555555555 0.0359375
0 0.5708333333333333 0.607421875 0.044444444444444446 0.02890625
0 0.5180555555555556 0.59375 0.03888888888888889 0.0203125
0 0.5472222222222223 0.568359375 0.075 0.02578125
0 0.30625 0.557421875 0.04027777777777778 0.01484375
0 0.9840277777777777 0.55546875 0.03194444444444444 0.0171875
0 0.8326388888888889 0.553125 0.043055555555555555 0.0171875
0 0.9722222222222222 0.53046875 0.027777777777777776 0.015625
0 0.99375 0.48046875 0.0125 0.0140625
0 0.9229166666666667 0.471484375 0.029166666666666667 0.01640625
0 0.48541666666666666 0.46953125 0.04027777777777778 0.021875
0 0.27569444444444446 0.465625 0.04861111111111111 0.0171875
0 0.11041666666666666 0.470703125 0.05138888888888889 0.02734375
0 0.3215277777777778 0.477734375 0.06805555555555555 0.06796875
0 0.4875 0.421875 0.03611111111111111 0.0140625
0 0.5583333333333333 0.432421875 0.06944444444444445 0.04140625
0 0.21319444444444444 0.405078125 0.02638888888888889 0.01640625
0 0.3645833333333333 0.403515625 0.043055555555555555 0.02265625
0 0.4638888888888889 0.388671875 0.019444444444444445 0.01484375
0 0.29444444444444445 0.386328125 0.03611111111111111 0.01640625
0 0.3423611111111111 0.3390625 0.04861111111111111 0.0203125
0 0.45416666666666666 0.33046875 0.027777777777777776 0.01875
0 0.2708333333333333 0.323828125 0.04722222222222222 0.03046875
0 0.4111111111111111 0.303125 0.06388888888888888 0.025
0 0.38680555555555557 0.273046875 0.05138888888888889 0.02890625
0 0.5513888888888889 0.251171875 0.022222222222222223 0.01796875
0 0.32708333333333334 0.248046875 0.043055555555555555 0.03203125
0 0.2861111111111111 0.24375 0.04722222222222222 0.03125
0 0.5027777777777778 0.231640625 0.022222222222222223 0.01640625
0 0.43819444444444444 0.237890625 0.0875 0.03046875
0 0.4618055555555556 0.204296875 0.0375 0.03359375
0 0.26180555555555557 0.194921875 0.04583333333333333 0.02109375
0 0.40625 0.15859375 0.018055555555555554 0.0234375
0 0.35625 0.153515625 0.0763888888888889 0.02734375
0 0.47430555555555554 0.03984375 0.0625 0.0328125
