0 0.4097222222222222 0.73203125 0.044444444444444446 0.0296875
0 0.5729166666666666 0.69296875 0.043055555555555555 0.0296875
0 0.19791666666666666 0.61328125 0.02638888888888889 0.0203125
0 0.1986111111111111 0.594140625 0.025 0.01328125
0 0.1486111111111111 0.548828125 0.019444444444444445 0.01328125
0 0.2777777777777778 0.500390625 0.03333333333333333 0.01484375
0 0.22083333333333333 0.4828125 0.016666666666666666 0.0109375
0 0.21666666666666667 0.46328125 0.05 0.0265625
0 0.1597222222222222 0.4609375 0.06111111111111111 0.028125
0 0.8590277777777777 0.448828125 0.05694444444444444 0.02890625
0 0.17152777777777778 0.43671875 0.02638888888888889 0.015625
0 0.006944444444444444 0.40625 0.013888888888888888 0.01875
0 0.2986111111111111 0.3953125 0.03888888888888889 0.0109375
0 0.020833333333333332 0.382421875 0.041666666666666664 0.02890625
0 0.21041666666666667 0.35859375 0.04583333333333333 0.025
0 0.14166666666666666 0.353515625 0.04722222222222222 0.01953125
0 0.2652777777777778 0.335546875 0.08611111111111111 0.04296875
0 0.27847222222222223 0.315625 0.034722222222222224 0.021875
0 0.19791666666666666 0.305078125 0.015277777777777777 0.01484375
0 0.26875 0.2953125 0.03194444444444444 0.0234375
0 0.19305555555555556 0.28515625 0.05555555555555555 0.0203125
0 0.027083333333333334 0.26875 0.043055555555555555 0.025
0 0.20555555555555555 0.263671875 0.03611111111111111 0.01796875
0 0.2833333333333333 0.203515625 0.03888888888888889 0.02578125
0 0.8423611111111111 0.20703125 0.08472222222222223 0.0390625
0 0.03194444444444444 0.20234375 0.06388888888888888 0.034375
0 0.05625 0.173828125 0.0375 0.01328125
0 0.18819444444444444 0.154296875 0.04861111111111111 0.02578125
0 0.035416666666666666 0.16015625 0.06527777777777778 0.0375
0 0.8173611111111111 0.1265625 0.04027777777777778 0.021875
0 0.7097222222222223 0.10390625 0.041666666666666664 0.0328125
0 0.6354166666666666 0.067578125 0.04583333333333333 0.02578125
0 0.7034722222222223 0.053515625 0.0875 0.04609375
0 0.08472222222222223 0.04375 0.05 0.0296875
0 0.6458333333333334 0.035546875 0.058333333333333334 0.01953125
