0 0.4986111111111111 0.744140625 0.05 0.01640625
0 0.6284722222222222 0.686328125 0.015277777777777777 0.01796875
0 0.9361111111111111 0.68515625 0.030555555555555555 0.021875
0 0.7972222222222223 0.671875 0.03333333333333333 0.01875
0 0.9305555555555556 0.664453125 0.03611111111111111 0.01484375
0 0.8881944444444444 0.6703125 0.043055555555555555 0.0265625
0 0.2875 0.665234375 0.044444444444444446 0.02421875
0 0.8666666666666667 0.63828125 0.03888888888888889 0.0171875
0 0.6729166666666667 0.6234375 0.018055555555555554 0.0125
0 0.2652777777777778 0.626171875 0.05555555555555555 0.03046875
0 0.3090277777777778 0.612109375 0.034722222222222224 0.02109375
0 0.9013888888888889 0.56484375 0.022222222222222223 0.009375
0 0.3 0.553515625 0.08333333333333333 0.02421875
0 0.09027777777777778 0.54296875 0.06388888888888888 0.0296875
0 0.11388888888888889 0.5125 0.025 0.028125
0 0.33055555555555555 0.4703125 0.041666666666666664 0.021875
0 0.5048611111111111 0.461328125 0.04583333333333333 0.02265625
0 0.175 0.45546875 0.025 0.0125
0 0.2361111111111111 0.455078125 0.03333333333333333 0.02265625
0 0.5465277777777777 0.44140625 0.02638888888888889 0.0171875
0 0.32013888888888886 0.43828125 0.043055555555555555 0.025
0 0.7090277777777778 0.436328125 0.043055555555555555 0.02734375
0 0.6354166666666666 0.415234375 0.04027777777777778 0.01484375
0 0.6083333333333333 0.40546875 0.025 0.021875
0 0.6548611111111111 0.401171875 0.03194444444444444 0.01796875
0 0.33125 0.36796875 0.0375 0.0140625
0 0.2951388888888889 0.3640625 0.03194444444444444 0.021875
0 0.50625 0.20859375 0.04861111111111111 0.0296875
