0 0.5659722222222222 0.5546875 0.02638888888888889 0.0171875
0 0.9618055555555556 0.512890625 0.05416666666666667 0.01796875
0 0.5784722222222223 0.50078125 0.0375 0.015625
0 0.5090277777777777 0.5 0.0375 0.0234375
0 0.8201388888888889 0.496484375 0.03194444444444444 0.01796875
0 0.8673611111111111 0.487109375 0.02638888888888889 0.01640625
0 0.7513888888888889 0.473828125 0.025 0.01484375
0 0.2361111111111111 0.477734375 0.03888888888888889 0.03046875
0 0.5770833333333333 0.471484375 0.020833333333333332 0.01953125
0 0.6354166666666666 0.46484375 0.043055555555555555 0.01875
0 0.6986111111111111 0.461328125 0.05 0.02734375
0 0.7013888888888888 0.432421875 0.030555555555555555 0.01328125
0 0.7493055555555556 0.431640625 0.018055555555555554 0.01953125
0 0.7291666666666666 0.412890625 0.030555555555555555 0.01484375
0 0.9027777777777778 0.39765625 0.07222222222222222 0.0359375
0 0.9930555555555556 0.379296875 0.013888888888888888 0.02109375
0 0.51875 0.36484375 0.02361111111111111 0.015625
0 0.13472222222222222 0.36171875 0.019444444444444445 0.015625
0 0.7368055555555556 0.36015625 0.034722222222222224 0.01875
0 0.03819444444444445 0.3484375 0.029166666666666667 0.01875
0 0.3625 0.34140625 0.030555555555555555 0.015625
0 0.06805555555555555 0.33515625 0.030555555555555555 0.01875
0 0.4777777777777778 0.3171875 0.019444444444444445 0.009375
0 0.029861111111111113 0.309765625 0.02638888888888889 0.01484375
0 0.3472222222222222 0.30546875 0.027777777777777776 0.0140625
0 0.425 0.298046875 0.03333333333333333 0.02109375
0 0.1076388888888889 0.288671875 0.043055555555555555 0.02578125
0 0.8375 0.26953125 0.03611111111111111 0.0203125
0 0.17222222222222222 0.265234375 0.027777777777777776 0.01796875
0 0.40625 0.261328125 0.03194444444444444 0.01640625
0 0.3055555555555556 0.2546875 0.025 0.01875
0 0.24861111111111112 0.23984375 0.013888888888888888 0.0109375
0 0.3229166666666667 0.22578125 0.034722222222222224 0.021875
0 0.09583333333333334 0.218359375 0.027777777777777776 0.01796875
0 0.2548611111111111 0.2046875 0.018055555555555554 0.0109375
0 0.3375 0.205859375 0.030555555555555555 0.01640625
0 0.19166666666666668 0.197265625 0.03888888888888889 0.01484375
0 0.1111111111111111 0.196484375 0.03611111111111111 0.02734375
0 0.010416666666666666 0.17734375 0.018055555555555554 0.0140625
0 0.12916666666666668 0.1765625 0.030555555555555555 0.01875
0 0.04097222222222222 0.184375 0.07361111111111111 0.034375
0 0.17777777777777778 0.171484375 0.05 0.02265625
0 0.014583333333333334 0.153125 0.029166666666666667 0.0140625
0 0.14652777777777778 0.154296875 0.05416666666666667 0.02265625
0 0.019444444444444445 0.133984375 0.03333333333333333 0.01796875
