0 0.2986111111111111 0.90546875 0.05 0.03125
0 0.22152777777777777 0.911328125 0.05694444444444444 0.04296875
0 0.6625 0.842578125 0.08055555555555556 0.03359375
0 0.16944444444444445 0.82265625 0.07777777777777778 0.053125
0 0.23402777777777778 0.773046875 0.04027777777777778 0.01953125
0 0.13958333333333334 0.78046875 0.05416666666666667 0.0375
0 0.27152777777777776 0.76171875 0.04027777777777778 0.0265625
0 0.13680555555555557 0.737890625 0.05694444444444444 0.02890625
0 0.21666666666666667 0.680078125 0.041666666666666664 0.02734375
0 0.16180555555555556 0.686328125 0.0763888888888889 0.05390625
0 0.10555555555555556 0.637109375 0.027777777777777776 0.01484375
0 0.01875 0.6359375 0.0375 0.0265625
0 0.1840277777777778 0.6125 0.05416666666666667 0.0265625
0 0.05763888888888889 0.5984375 0.03194444444444444 0.0234375
0 0.1 0.590234375 0.03611111111111111 0.01171875
0 0.8229166666666666 0.59765625 0.07916666666666666 0.040625
0 0.2048611111111111 0.584375 0.05416666666666667 0.0296875
0 0.27152777777777776 0.566015625 0.03194444444444444 0.01640625
0 0.09930555555555555 0.56015625 0.02361111111111111 0.015625
0 0.7333333333333333 0.539453125 0.05277777777777778 0.03671875
0 0.7916666666666666 0.537109375 0.05555555555555555 0.03515625
0 0.19236111111111112 0.533984375 0.0763888888888889 0.04765625
0 0.049305555555555554 0.4765625 0.04861111111111111 0.0234375
0 0.33541666666666664 0.470703125 0.13194444444444445 0.05390625
0 0.23819444444444443 0.4265625 0.05138888888888889 0.0234375
0 0.11944444444444445 0.407421875 0.06111111111111111 0.02890625
0 0.9083333333333333 0.398046875 0.03888888888888889 0.02578125
0 0.17847222222222223 0.368359375 0.06805555555555555 0.03359375
0 0.3715277777777778 0.35859375 0.059722222222222225 0.040625
0 0.19652777777777777 0.344140625 0.05694444444444444 0.02578125
0 0.006944444444444444 0.31796875 0.011111111111111112 0.003125
0 0.2902777777777778 0.32109375 0.05 0.028125
0 0.0125 0.305078125 0.025 0.01953125
0 0.17569444444444443 0.2796875 0.05138888888888889 0.03125
0 0.05416666666666667 0.265234375 0.030555555555555555 0.02578125
0 0.19930555555555557 0.25078125 0.0375 0.0234375
0 0.04236111111111111 0.210546875 0.05416666666666667 0.03515625
0 0.14166666666666666 0.22421875 0.11944444444444445 0.0703125
0 0.1111111111111111 0.192578125 0.044444444444444446 0.03046875
0 0.9868055555555556 0.201171875 0.02638888888888889 0.05859375
0 0.12986111111111112 0.16171875 0.09583333333333334 0.040625
0 0.06458333333333334 0.14453125 0.04861111111111111 0.0515625
0 0.13680555555555557 0.096875 0.10972222222222222 0.065625
