0 0.1527777777777778 0.703125 0.03888888888888889 0.0234375
0 0.6645833333333333 0.69765625 0.07916666666666666 0.0296875
0 0.1111111111111111 0.69453125 0.030555555555555555 0.0234375
0 0.44375 0.671875 0.029166666666666667 0.0140625
0 0.5590277777777778 0.640625 0.029166666666666667 0.015625
0 0.6673611111111111 0.637109375 0.05416666666666667 0.02890625
0 0.47430555555555554 0.630078125 0.034722222222222224 0.01796875
0 0.6791666666666667 0.593359375 0.03888888888888889 0.02421875
0 0.7770833333333333 0.53203125 0.043055555555555555 0.028125
0 0.6729166666666667 0.51796875 0.059722222222222225 0.028125
0 0.6430555555555556 0.491015625 0.019444444444444445 0.01484375
0 0.5819444444444445 0.484765625 0.058333333333333334 0.02265625
0 0.4479166666666667 0.47734375 0.06805555555555555 0.025
0 0.65 0.470703125 0.016666666666666666 0.01484375
0 0.5104166666666666 0.46953125 0.03194444444444444 0.0125
0 0.08819444444444445 0.455078125 0.04861111111111111 0.01953125
0 0.6909722222222222 0.43984375 0.043055555555555555 0.040625
0 0.5041666666666667 0.4265625 0.03333333333333333 0.021875
0 0.8319444444444445 0.3921875 0.019444444444444445 0.0125
0 0.5541666666666667 0.385546875 0.013888888888888888 0.00859375
0 0.5534722222222223 0.375 0.018055555555555554 0.009375
0 0.35555555555555557 0.37734375 0.027777777777777776 0.0203125
0 0.8347222222222223 0.3734375 0.016666666666666666 0.0140625
0 0.4173611111111111 0.3765625 0.05694444444444444 0.0265625
0 0.7298611111111111 0.39296875 0.14305555555555555 0.08125
0 0.46875 0.3328125 0.018055555555555554 0.0171875
0 0.5256944444444445 0.316796875 0.015277777777777777 0.01015625
0 0.7895833333333333 0.3109375 0.02638888888888889 0.0140625
0 0.5041666666666667 0.2734375 0.041666666666666664 0.0171875
0 0.5673611111111111 0.269140625 0.020833333333333332 0.02890625
0 0.3576388888888889 0.263671875 0.0625 0.02890625
0 0.6486111111111111 0.2421875 0.05277777777777778 0.028125
0 0.4798611111111111 0.23046875 0.02638888888888889 0.0203125
0 0.43472222222222223 0.228125 0.03888888888888889 0.021875
0 0.5430555555555555 0.21875 0.03333333333333333 0.0203125
0 0.5118055555555555 0.190234375 0.059722222222222225 0.04140625
0 0.61875 0.176171875 0.0375 0.03359375
0 0.5673611111111111 0.177734375 0.043055555555555555 0.03671875
0 0.6326388888888889 0.138671875 0.0625 0.03671875
0 0.5319444444444444 0.136328125 0.06388888888888888 0.04296875
0 0.5861111111111111 0.113671875 0.03888888888888889 0.02578125
0 0.6111111111111112 0.08671875 0.019444444444444445 0.021875
0 0.5520833333333334 0.08359375 0.05138888888888889 0.0328125
0 0.6055555555555555 0.06796875 0.05277777777777778 0.0296875
0 0.5208333333333334 0.044140625 0.05277777777777778 0.04140625
0 0.5875 0.035546875 0.022222222222222223 0.02578125
