0 0.02361111111111111 0.497265625 0.04722222222222222 0.03203125
0 0.3159722222222222 0.45546875 0.029166666666666667 0.0109375
0 0.05347222222222222 0.46328125 0.04583333333333333 0.0296875
0 0.4534722222222222 0.41015625 0.018055555555555554 0.0125
0 0.36875 0.40703125 0.02361111111111111 0.009375
0 0.2743055555555556 0.403515625 0.02361111111111111 0.01640625
0 0.4847222222222222 0.379296875 0.058333333333333334 0.01640625
0 0.12152777777777778 0.373828125 0.02638888888888889 0.01171875
0 0.3284722222222222 0.351171875 0.020833333333333332 0.01015625
0 0.2375 0.348828125 0.03333333333333333 0.01796875
0 0.20416666666666666 0.344140625 0.027777777777777776 0.01484375
0 0.13819444444444445 0.328125 0.02361111111111111 0.0125
0 0.18819444444444444 0.326953125 0.02638888888888889 0.01171875
0 0.24791666666666667 0.32578125 0.034722222222222224 0.015625
0 0.1701388888888889 0.304296875 0.03194444444444444 0.01328125
0 0.22083333333333333 0.292578125 0.025 0.01484375
0 0.11041666666666666 0.2640625 0.02361111111111111 0.0125
0 0.1388888888888889 0.23046875 0.025 0.0140625
0 0.04097222222222222 0.215625 0.03194444444444444 0.021875
