0 0.10972222222222222 0.991015625 0.05555555555555555 0.01796875
0 0.20972222222222223 0.9515625 0.05277777777777778 0.028125
0 0.3229166666666667 0.895703125 0.0625 0.03515625
0 0.2361111111111111 0.87421875 0.019444444444444445 0.0171875
0 0.5666666666666667 0.863671875 0.05 0.02578125
0 0.7694444444444445 0.855078125 0.05 0.03203125
0 0.89375 0.8515625 0.04583333333333333 0.0265625
0 0.8180555555555555 0.848046875 0.030555555555555555 0.02421875
0 0.8541666666666666 0.7984375 0.013888888888888888 0.0171875
0 0.3729166666666667 0.7984375 0.0375 0.0203125
0 0.9784722222222222 0.795703125 0.043055555555555555 0.02734375
0 0.4465277777777778 0.7703125 0.06527777777777778 0.0375
0 0.16319444444444445 0.722265625 0.09027777777777778 0.03984375
0 0.07777777777777778 0.7140625 0.075 0.028125
0 0.13194444444444445 0.691015625 0.05555555555555555 0.02421875
0 0.9847222222222223 0.684765625 0.030555555555555555 0.03984375
0 0.6305555555555555 0.677734375 0.05555555555555555 0.04140625
0 0.4534722222222222 0.65390625 0.05138888888888889 0.028125
0 0.5097222222222222 0.640234375 0.027777777777777776 0.01484375
0 0.6930555555555555 0.63203125 0.05 0.01875
0 0.1597222222222222 0.65 0.05277777777777778 0.0578125
0 0.2375 0.625 0.1111111111111111 0.0453125
0 0.5791666666666667 0.619140625 0.06666666666666667 0.03671875
0 0.8354166666666667 0.603515625 0.043055555555555555 0.01953125
0 0.14652777777777778 0.56640625 0.04861111111111111 0.03125
0 0.5527777777777778 0.562109375 0.06388888888888888 0.03359375
0 0.1875 0.540234375 0.041666666666666664 0.02109375
0 0.54375 0.530859375 0.02638888888888889 0.02734375
0 0.43333333333333335 0.52578125 0.022222222222222223 0.025
0 0.30694444444444446 0.520703125 0.05555555555555555 0.02265625
0 0.03680555555555556 0.509375 0.0375 0.0234375
0 0.35625 0.494140625 0.043055555555555555 0.02421875
0 0.9888888888888889 0.481640625 0.022222222222222223 0.02109375
0 0.8222222222222222 0.4921875 0.08888888888888889 0.0421875
0 0.6284722222222222 0.482421875 0.04583333333333333 0.03203125
0 0.5097222222222222 0.477734375 0.03333333333333333 0.02578125
0 0.7201388888888889 0.494140625 0.10972222222222222 0.06328125
0 0.2902777777777778 0.471875 0.05 0.025
0 0.17430555555555555 0.47109375 0.07083333333333333 0.03125
0 0.23055555555555557 0.455859375 0.03888888888888889 0.01484375
0 0.4701388888888889 0.461328125 0.06805555555555555 0.03515625
0 0.8652777777777778 0.44765625 0.058333333333333334 0.0296875
0 0.5347222222222222 0.44765625 0.04722222222222222 0.0421875
0 0.8465277777777778 0.40546875 0.020833333333333332 0.0171875
0 0.6916666666666667 0.398828125 0.175 0.03828125
0 0.3527777777777778 0.3875 0.03888888888888889 0.015625
0 0.5402777777777777 0.378515625 0.058333333333333334 0.02734375
0 0.5944444444444444 0.362890625 0.03333333333333333 0.01328125
0 0.63125 0.359375 0.029166666666666667 0.015625
0 0.3111111111111111 0.359765625 0.07777777777777778 0.04609375
0 0.8715277777777778 0.299609375 0.05138888888888889 0.02734375
0 0.6354166666666666 0.2921875 0.04583333333333333 0.021875
0 0.2569444444444444 0.299609375 0.07222222222222222 0.05234375
0 0.34652777777777777 0.289453125 0.05138888888888889 0.03359375
0 0.9923611111111111 0.2578125 0.015277777777777777 0.021875
0 0.30694444444444446 0.24140625 0.05277777777777778 0.0296875
0 0.50625 0.253125 0.13194444444444445 0.096875
0 0.30625 0.20703125 0.05138888888888889 0.0265625
0 0.5847222222222223 0.214453125 0.125 0.05234375
0 0.5868055555555556 0.183203125 0.0625 0.02265625
0 0.27291666666666664 0.171484375 0.04861111111111111 0.02578125
0 0.7368055555555556 0.17109375 0.06527777777777778 0.0375
0 0.3215277777777778 0.140234375 0.05416666666666667 0.02734375
0 0.4263888888888889 0.119921875 0.044444444444444446 0.03515625
0 0.4791666666666667 0.092578125 0.10277777777777777 0.04609375
0 0.5284722222222222 0.030859375 0.043055555555555555 0.02109375
0 0.45555555555555555 0.039453125 0.06388888888888888 0.04453125
0 0.4013888888888889 0.029296875 0.019444444444444445 0.02578125
0 0.5611111111111111 0.013671875 0.03611111111111111 0.01484375
