0 0.9430555555555555 0.69453125 0.05 0.034375
0 0.8798611111111111 0.670703125 0.02638888888888889 0.01796875
0 0.5277777777777778 0.658984375 0.075 0.04140625
0 0.9152777777777777 0.63984375 0.05555555555555555 0.0140625
0 0.7166666666666667 0.63125 0.044444444444444446 0.0203125
0 0.24375 0.57265625 0.04027777777777778 0.021875
0 0.3104166666666667 0.510546875 0.0625 0.03203125
0 0.6243055555555556 0.48046875 0.029166666666666667 0.0171875
0 0.5215277777777778 0.4796875 0.029166666666666667 0.0203125
0 0.5819444444444445 0.45859375 0.022222222222222223 0.0109375
0 0.5951388888888889 0.427734375 0.05416666666666667 0.02734375
0 0.24444444444444444 0.41796875 0.022222222222222223 0.0125
0 0.33958333333333335 0.41484375 0.0375 0.0265625
0 0.8770833333333333 0.409375 0.04861111111111111 0.01875
0 0.35694444444444445 0.380859375 0.05277777777777778 0.01171875
0 0.9916666666666667 0.3671875 0.016666666666666666 0.0234375
0 0.6208333333333333 0.3828125 0.06111111111111111 0.0625
0 0.2013888888888889 0.346875 0.03333333333333333 0.0234375
0 0.6722222222222223 0.330078125 0.04722222222222222 0.02578125
0 0.6423611111111112 0.313671875 0.034722222222222224 0.01953125
0 0.9145833333333333 0.320703125 0.10416666666666667 0.03984375
0 0.9375 0.296484375 0.030555555555555555 0.01328125
0 0.23055555555555557 0.3 0.04722222222222222 0.03125
0 0.075 0.28828125 0.05 0.025
0 0.13819444444444445 0.2671875 0.02361111111111111 0.01875
0 0.6590277777777778 0.26328125 0.04861111111111111 0.028125
0 0.9944444444444445 0.242578125 0.011111111111111112 0.01484375
0 0.5861111111111111 0.2453125 0.03333333333333333 0.03125
0 0.7194444444444444 0.2359375 0.03888888888888889 0.0234375
0 0.9006944444444445 0.219921875 0.04583333333333333 0.02890625
0 0.8 0.217578125 0.03888888888888889 0.02421875
0 0.5729166666666666 0.200390625 0.018055555555555554 0.01953125
0 0.6152777777777778 0.16015625 0.04722222222222222 0.0265625
0 0.7458333333333333 0.137890625 0.07222222222222222 0.03046875
0 0.81875 0.11484375 0.059722222222222225 0.04375
0 0.6826388888888889 0.10546875 0.0625 0.0359375
0 0.7770833333333333 0.08515625 0.018055555555555554 0.0125
0 0.7604166666666666 0.06953125 0.0375 0.0203125
0 0.8048611111111111 0.045703125 0.029166666666666667 0.01328125
0 0.6576388888888889 0.025390625 0.04027777777777778 0.02734375
0 0.8131944444444444 0.007421875 0.04861111111111111 0.01328125
