0 0.7465277777777778 0.78671875 0.04583333333333333 0.028125
0 0.8034722222222223 0.751953125 0.015277777777777777 0.01640625
0 0.7430555555555556 0.75546875 0.058333333333333334 0.025
0 0.8555555555555555 0.745703125 0.030555555555555555 0.01328125
0 0.75625 0.725 0.02361111111111111 0.0125
0 0.11805555555555555 0.725390625 0.03333333333333333 0.02109375
0 0.6319444444444444 0.71875 0.03333333333333333 0.0140625
0 0.6097222222222223 0.7109375 0.019444444444444445 0.0125
0 0.6694444444444444 0.70625 0.016666666666666666 0.0109375
0 0.14097222222222222 0.694140625 0.03194444444444444 0.01640625
0 0.8645833333333334 0.6796875 0.02638888888888889 0.0140625
0 0.6416666666666667 0.68125 0.058333333333333334 0.025
0 0.09097222222222222 0.665625 0.015277777777777777 0.01875
0 0.31875 0.6625 0.06527777777777778 0.0296875
0 0.36875 0.64765625 0.04583333333333333 0.0203125
0 0.010416666666666666 0.6296875 0.0125 0.0109375
0 0.84375 0.628515625 0.009722222222222222 0.01015625
0 0.5791666666666667 0.623046875 0.03888888888888889 0.01484375
0 0.7284722222222222 0.61328125 0.020833333333333332 0.0125
0 0.30694444444444446 0.609765625 0.011111111111111112 0.00703125
0 0.5048611111111111 0.606640625 0.020833333333333332 0.01640625
0 0.27152777777777776 0.602734375 0.009722222222222222 0.01015625
0 0.6166666666666667 0.592578125 0.041666666666666664 0.02109375
0 0.3958333333333333 0.57578125 0.016666666666666666 0.00625
0 0.6430555555555556 0.563671875 0.013888888888888888 0.01015625
0 0.3013888888888889 0.565234375 0.025 0.01484375
0 0.5715277777777777 0.55859375 0.034722222222222224 0.0171875
0 0.31805555555555554 0.53984375 0.011111111111111112 0.0109375
0 0.3020833333333333 0.525390625 0.018055555555555554 0.01171875
0 0.44722222222222224 0.509375 0.011111111111111112 0.0046875
0 0.42083333333333334 0.47265625 0.04722222222222222 0.0171875
0 0.3958333333333333 0.45625 0.019444444444444445 0.009375
0 0.73125 0.451953125 0.015277777777777777 0.01328125
0 0.75625 0.444921875 0.0125 0.00703125
0 0.46319444444444446 0.4390625 0.029166666666666667 0.0140625
0 0.4131944444444444 0.430859375 0.009722222222222222 0.00859375
0 0.5166666666666667 0.415625 0.041666666666666664 0.025
0 0.4548611111111111 0.408203125 0.020833333333333332 0.01484375
0 0.55 0.405859375 0.016666666666666666 0.01171875
0 0.33402777777777776 0.408203125 0.02638888888888889 0.01640625
0 0.6833333333333333 0.403515625 0.03888888888888889 0.01171875
0 0.23125 0.391015625 0.029166666666666667 0.01328125
0 0.20416666666666666 0.38515625 0.019444444444444445 0.009375
0 0.2388888888888889 0.3734375 0.03611111111111111 0.0203125
0 0.3784722222222222 0.36484375 0.03194444444444444 0.0140625
0 0.4576388888888889 0.326953125 0.009722222222222222 0.00859375
0 0.5777777777777777 0.30390625 0.013888888888888888 0.015625
0 0.6673611111111111 0.29375 0.02361111111111111 0.0109375
0 0.6395833333333333 0.294140625 0.02638888888888889 0.01640625
0 0.6152777777777778 0.2765625 0.025 0.015625
0 0.7076388888888889 0.271875 0.009722222222222222 0.009375
0 0.4625 0.27109375 0.05555555555555555 0.01875
0 0.5319444444444444 0.265625 0.016666666666666666 0.0109375
0 0.6569444444444444 0.26796875 0.030555555555555555 0.028125
0 0.5604166666666667 0.261328125 0.029166666666666667 0.01484375
0 0.4576388888888889 0.252734375 0.015277777777777777 0.01015625
0 0.525 0.250390625 0.019444444444444445 0.01328125
0 0.6291666666666667 0.23828125 0.025 0.015625
0 0.5423611111111111 0.2265625 0.02638888888888889 0.0125
0 0.5131944444444444 0.198828125 0.02638888888888889 0.01484375
