0 0.5173611111111112 0.737890625 0.043055555555555555 0.01640625
0 0.9472222222222222 0.68203125 0.019444444444444445 0.0203125
0 0.64375 0.67890625 0.0125 0.0171875
0 0.7986111111111112 0.666015625 0.03611111111111111 0.01953125
0 0.9458333333333333 0.6609375 0.027777777777777776 0.0140625
0 0.9020833333333333 0.664453125 0.04861111111111111 0.02890625
0 0.29583333333333334 0.659375 0.041666666666666664 0.0234375
0 0.8777777777777778 0.633984375 0.041666666666666664 0.01171875
0 0.27708333333333335 0.621875 0.06805555555555555 0.028125
0 0.3104166666666667 0.60234375 0.0375 0.01875
0 0.9090277777777778 0.56015625 0.03194444444444444 0.0125
0 0.3013888888888889 0.54765625 0.075 0.0265625
0 0.09583333333333334 0.53984375 0.06666666666666667 0.0296875
0 0.12083333333333333 0.5 0.025 0.0171875
0 0.3388888888888889 0.462890625 0.04722222222222222 0.02109375
0 0.5090277777777777 0.4546875 0.03194444444444444 0.01875
0 0.18472222222222223 0.450390625 0.019444444444444445 0.01171875
0 0.24305555555555555 0.45 0.030555555555555555 0.021875
0 0.5569444444444445 0.436328125 0.030555555555555555 0.01796875
0 0.3284722222222222 0.433203125 0.04861111111111111 0.02578125
0 0.7194444444444444 0.43203125 0.041666666666666664 0.028125
0 0.6465277777777778 0.412890625 0.02361111111111111 0.01328125
0 0.6208333333333333 0.400390625 0.022222222222222223 0.02265625
0 0.6666666666666666 0.396484375 0.030555555555555555 0.02109375
0 0.31805555555555554 0.35859375 0.075 0.025
0 0.5159722222222223 0.20078125 0.05416666666666667 0.028125
