0 0.12708333333333333 0.730078125 0.05138888888888889 0.02890625
0 0.5694444444444444 0.71953125 0.025 0.0125
0 0.07152777777777777 0.715234375 0.07361111111111111 0.03984375
0 0.7965277777777777 0.676171875 0.05138888888888889 0.02421875
0 0.18472222222222223 0.680859375 0.13333333333333333 0.05390625
0 0.06041666666666667 0.6609375 0.07361111111111111 0.03125
0 0.8819444444444444 0.640625 0.058333333333333334 0.03125
0 0.4513888888888889 0.62109375 0.041666666666666664 0.0296875
0 0.275 0.61328125 0.04722222222222222 0.015625
0 0.5131944444444444 0.613671875 0.08472222222222223 0.03671875
0 0.1076388888888889 0.564453125 0.0375 0.01953125
0 0.1638888888888889 0.558984375 0.03888888888888889 0.01484375
0 0.04513888888888889 0.555078125 0.04027777777777778 0.01328125
0 0.6118055555555556 0.56640625 0.13472222222222222 0.053125
0 0.1527777777777778 0.539453125 0.044444444444444446 0.02421875
0 0.9298611111111111 0.545703125 0.09027777777777778 0.04609375
0 0.9902777777777778 0.528125 0.019444444444444445 0.040625
0 0.4354166666666667 0.530859375 0.1486111111111111 0.04609375
0 0.3111111111111111 0.505078125 0.04722222222222222 0.02421875
0 0.7638888888888888 0.50078125 0.058333333333333334 0.01875
0 0.3770833333333333 0.496875 0.03194444444444444 0.0203125
0 0.23125 0.48828125 0.043055555555555555 0.025
0 0.5951388888888889 0.4796875 0.043055555555555555 0.021875
0 0.09236111111111112 0.47734375 0.0375 0.021875
0 0.23541666666666666 0.455859375 0.02638888888888889 0.01328125
0 0.7652777777777777 0.457421875 0.03888888888888889 0.02265625
0 0.9270833333333334 0.453515625 0.05138888888888889 0.02421875
0 0.07152777777777777 0.445703125 0.0375 0.01640625
0 0.14583333333333334 0.45390625 0.08888888888888889 0.04375
0 0.18194444444444444 0.430859375 0.03888888888888889 0.02265625
0 0.7833333333333333 0.416796875 0.041666666666666664 0.02109375
0 0.9138888888888889 0.419140625 0.05 0.02734375
0 0.6826388888888889 0.410546875 0.04027777777777778 0.02421875
0 0.8722222222222222 0.38125 0.06666666666666667 0.0203125
0 0.27708333333333335 0.348828125 0.018055555555555554 0.01171875
0 0.16944444444444445 0.341015625 0.025 0.01015625
0 0.09027777777777778 0.341015625 0.016666666666666666 0.01171875
0 0.04722222222222222 0.334375 0.019444444444444445 0.0125
0 0.2569444444444444 0.335546875 0.022222222222222223 0.01953125
0 0.8736111111111111 0.33359375 0.041666666666666664 0.028125
0 0.31875 0.322265625 0.020833333333333332 0.01015625
0 0.16041666666666668 0.32265625 0.020833333333333332 0.0140625
0 0.2916666666666667 0.31953125 0.019444444444444445 0.009375
0 0.2 0.318359375 0.019444444444444445 0.01015625
0 0.23680555555555555 0.32109375 0.03194444444444444 0.01875
0 0.33055555555555555 0.302734375 0.016666666666666666 0.01015625
0 0.7020833333333333 0.30078125 0.02638888888888889 0.0140625
0 0.2916666666666667 0.293359375 0.013888888888888888 0.01171875
0 0.5083333333333333 0.291796875 0.044444444444444446 0.02109375
0 0.21805555555555556 0.2875 0.025 0.0171875
0 0.05277777777777778 0.288671875 0.027777777777777776 0.01953125
0 0.4486111111111111 0.280078125 0.03333333333333333 0.01796875
0 0.32708333333333334 0.27578125 0.018055555555555554 0.0109375
0 0.40347222222222223 0.2765625 0.0375 0.01875
0 0.14930555555555555 0.27578125 0.02638888888888889 0.01875
0 0.6166666666666667 0.278515625 0.03888888888888889 0.02578125
0 0.07152777777777777 0.271875 0.034722222222222224 0.015625
0 0.5236111111111111 0.25703125 0.03888888888888889 0.028125
0 0.19722222222222222 0.243359375 0.058333333333333334 0.01953125
0 0.6645833333333333 0.242578125 0.034722222222222224 0.01953125
0 0.14791666666666667 0.2359375 0.018055555555555554 0.0078125
0 0.7013888888888888 0.234375 0.030555555555555555 0.0171875
0 0.13194444444444445 0.23046875 0.013888888888888888 0.009375
0 0.13333333333333333 0.208984375 0.019444444444444445 0.00859375
0 0.42291666666666666 0.226171875 0.14583333333333334 0.06484375
0 0.48819444444444443 0.20234375 0.02361111111111111 0.0203125
0 0.4375 0.18984375 0.03611111111111111 0.021875
0 0.10208333333333333 0.146875 0.04027777777777778 0.028125
