0 0.9180555555555555 0.593359375 0.03333333333333333 0.01640625
0 0.6333333333333333 0.569140625 0.016666666666666666 0.01171875
0 0.9666666666666667 0.5515625 0.03333333333333333 0.0125
0 0.9604166666666667 0.413671875 0.043055555555555555 0.01640625
0 0.5159722222222223 0.401171875 0.02638888888888889 0.01640625
0 0.42083333333333334 0.394921875 0.041666666666666664 0.01484375
0 0.7645833333333333 0.370703125 0.015277777777777777 0.01640625
0 0.7993055555555556 0.325390625 0.034722222222222224 0.01953125
0 0.8194444444444444 0.310546875 0.03333333333333333 0.01953125
0 0.68125 0.30234375 0.04861111111111111 0.03125
