0 0.9513888888888888 0.988671875 0.03333333333333333 0.02109375
0 0.16111111111111112 0.95859375 0.05277777777777778 0.0328125
0 0.7194444444444444 0.940234375 0.03333333333333333 0.02265625
0 0.6520833333333333 0.920703125 0.05138888888888889 0.01953125
0 0.6 0.91484375 0.03333333333333333 0.01875
0 0.5513888888888889 0.913671875 0.022222222222222223 0.02265625
0 0.5597222222222222 0.88671875 0.03333333333333333 0.0296875
0 0.38125 0.875390625 0.02361111111111111 0.02265625
0 0.4576388888888889 0.86953125 0.04027777777777778 0.01875
0 0.42986111111111114 0.8421875 0.059722222222222225 0.0328125
0 0.20416666666666666 0.845703125 0.05555555555555555 0.03984375
0 0.5972222222222222 0.816796875 0.022222222222222223 0.01328125
0 0.5569444444444445 0.82890625 0.10833333333333334 0.0421875
0 0.35833333333333334 0.80703125 0.06111111111111111 0.034375
0 0.6861111111111111 0.772265625 0.027777777777777776 0.02734375
0 0.6388888888888888 0.776171875 0.05555555555555555 0.03515625
0 0.7472222222222222 0.766015625 0.030555555555555555 0.02109375
0 0.45625 0.752734375 0.059722222222222225 0.02421875
0 0.5986111111111111 0.7359375 0.025 0.0140625
0 0.6520833333333333 0.71875 0.04861111111111111 0.021875
0 0.56875 0.713671875 0.05694444444444444 0.03203125
0 0.4215277777777778 0.71484375 0.05694444444444444 0.053125
0 0.48125 0.6921875 0.0375 0.0171875
0 0.43333333333333335 0.68203125 0.04722222222222222 0.0265625
0 0.7256944444444444 0.651953125 0.04861111111111111 0.01953125
0 0.44166666666666665 0.641015625 0.03888888888888889 0.01796875
0 0.6819444444444445 0.643359375 0.04722222222222222 0.02578125
0 0.60625 0.64453125 0.05416666666666667 0.0328125
0 0.32222222222222224 0.54453125 0.05 0.0328125
0 0.34375 0.509765625 0.02361111111111111 0.02421875
0 0.35625 0.44140625 0.05138888888888889 0.03125
0 0.4951388888888889 0.38984375 0.04583333333333333 0.025
0 0.43125 0.38515625 0.04583333333333333 0.0265625
0 0.39305555555555555 0.369921875 0.027777777777777776 0.01328125
0 0.4340277777777778 0.35859375 0.04861111111111111 0.025
