0 0.8881944444444444 0.981640625 0.06527777777777778 0.03515625
0 0.9798611111111111 0.92109375 0.04027777777777778 0.0171875
0 0.059722222222222225 0.878125 0.06388888888888888 0.0390625
0 0.45625 0.892578125 0.05138888888888889 0.06953125
0 0.6548611111111111 0.81953125 0.043055555555555555 0.0234375
0 0.7236111111111111 0.8140625 0.03611111111111111 0.01875
0 0.6125 0.812890625 0.025 0.02109375
0 0.19027777777777777 0.8046875 0.05277777777777778 0.025
0 0.27708333333333335 0.794140625 0.034722222222222224 0.02421875
0 0.6680555555555555 0.787109375 0.041666666666666664 0.03203125
0 0.47638888888888886 0.778515625 0.03888888888888889 0.01640625
0 0.625 0.769140625 0.030555555555555555 0.02890625
0 0.9194444444444444 0.738671875 0.025 0.01328125
0 0.10833333333333334 0.73359375 0.09166666666666666 0.0453125
0 0.2916666666666667 0.710546875 0.05277777777777778 0.03515625
0 0.9631944444444445 0.69453125 0.034722222222222224 0.0125
0 0.175 0.684375 0.044444444444444446 0.0265625
0 0.9909722222222223 0.660546875 0.015277777777777777 0.01953125
0 0.21319444444444444 0.66328125 0.04861111111111111 0.0453125
0 0.43472222222222223 0.62890625 0.03611111111111111 0.0328125
0 0.5381944444444444 0.61328125 0.043055555555555555 0.021875
0 0.6729166666666667 0.587109375 0.043055555555555555 0.02734375
0 0.15902777777777777 0.590234375 0.0625 0.04140625
0 0.2659722222222222 0.562890625 0.034722222222222224 0.02578125
0 0.6020833333333333 0.562890625 0.043055555555555555 0.02890625
0 0.4791666666666667 0.5234375 0.05555555555555555 0.03125
0 0.3854166666666667 0.509765625 0.0375 0.02421875
0 0.5583333333333333 0.496875 0.025 0.021875
0 0.25763888888888886 0.48671875 0.020833333333333332 0.01875
0 0.4284722222222222 0.48203125 0.02361111111111111 0.0125
0 0.3111111111111111 0.480078125 0.041666666666666664 0.02734375
0 0.9909722222222223 0.4640625 0.018055555555555554 0.0125
0 0.46458333333333335 0.460546875 0.05138888888888889 0.02734375
0 0.2534722222222222 0.362109375 0.05138888888888889 0.02109375
0 0.34305555555555556 0.359765625 0.044444444444444446 0.02578125
0 0.2826388888888889 0.31796875 0.06805555555555555 0.0296875
0 0.36319444444444443 0.2828125 0.043055555555555555 0.0203125
0 0.3333333333333333 0.25 0.03888888888888889 0.0203125
0 0.30972222222222223 0.201171875 0.027777777777777776 0.01796875
