0 0.6604166666666667 0.691796875 0.06527777777777778 0.02578125
0 0.8284722222222223 0.671875 0.09861111111111111 0.0625
0 0.34444444444444444 0.589453125 0.09166666666666666 0.05234375
0 0.7979166666666667 0.52578125 0.04583333333333333 0.0265625
0 0.75 0.521875 0.041666666666666664 0.03125
0 0.825 0.450390625 0.041666666666666664 0.02734375
0 0.9881944444444445 0.43515625 0.02361111111111111 0.0359375
0 0.8625 0.414453125 0.05277777777777778 0.02265625
0 0.8451388888888889 0.389453125 0.034722222222222224 0.01640625
0 0.9270833333333334 0.3875 0.059722222222222225 0.0296875
0 0.6875 0.353515625 0.041666666666666664 0.02265625
0 0.7666666666666667 0.325 0.03611111111111111 0.0203125
0 0.8097222222222222 0.28125 0.04722222222222222 0.0234375
0 0.8819444444444444 0.2546875 0.1388888888888889 0.059375
0 0.9 0.18359375 0.1361111111111111 0.0796875
0 0.9611111111111111 0.052734375 0.05277777777777778 0.03515625
0 0.8861111111111111 0.00625 0.05 0.0109375
