0 0.7986111111111112 0.758984375 0.03333333333333333 0.01171875
0 0.7875 0.74296875 0.025 0.01875
0 0.8520833333333333 0.729296875 0.029166666666666667 0.01796875
0 0.98125 0.676171875 0.029166666666666667 0.00859375
0 0.7041666666666667 0.658203125 0.025 0.01640625
0 0.9201388888888888 0.640625 0.04861111111111111 0.0234375
0 0.6104166666666667 0.63359375 0.015277777777777777 0.0171875
0 0.6 0.616015625 0.030555555555555555 0.01484375
0 0.7270833333333333 0.610546875 0.020833333333333332 0.01640625
0 0.7506944444444444 0.58984375 0.043055555555555555 0.0203125
0 0.04027777777777778 0.5828125 0.030555555555555555 0.015625
0 0.2826388888888889 0.5625 0.029166666666666667 0.01875
0 0.7333333333333333 0.558203125 0.05 0.02421875
0 0.3958333333333333 0.545703125 0.03333333333333333 0.01953125
0 0.01875 0.546484375 0.03194444444444444 0.02109375
0 0.23819444444444443 0.542578125 0.03194444444444444 0.01796875
0 0.84375 0.551953125 0.06527777777777778 0.03828125
0 0.2076388888888889 0.53203125 0.034722222222222224 0.0171875
0 0.6006944444444444 0.532421875 0.05138888888888889 0.02734375
0 0.14444444444444443 0.535546875 0.05277777777777778 0.03359375
0 0.6784722222222223 0.524609375 0.05416666666666667 0.02578125
0 0.022222222222222223 0.5203125 0.044444444444444446 0.01875
0 0.8666666666666667 0.5203125 0.05555555555555555 0.025
0 0.55 0.5140625 0.027777777777777776 0.015625
0 0.48819444444444443 0.5125 0.043055555555555555 0.025
0 0.09444444444444444 0.511328125 0.05 0.02890625
0 0.6680555555555555 0.49921875 0.027777777777777776 0.0125
0 0.6104166666666667 0.481640625 0.020833333333333332 0.01484375
0 0.3111111111111111 0.475390625 0.07777777777777778 0.02890625
0 0.8513888888888889 0.463671875 0.03333333333333333 0.01796875
0 0.7548611111111111 0.458984375 0.029166666666666667 0.01640625
0 0.37916666666666665 0.457421875 0.05 0.02890625
0 0.24444444444444444 0.452734375 0.03333333333333333 0.02109375
0 0.6743055555555556 0.44375 0.0375 0.0203125
0 0.16041666666666668 0.442578125 0.043055555555555555 0.02421875
0 0.5458333333333333 0.438671875 0.05277777777777778 0.03046875
0 0.2076388888888889 0.425 0.018055555555555554 0.0125
0 0.10069444444444445 0.420703125 0.05416666666666667 0.02890625
0 0.41458333333333336 0.41015625 0.04027777777777778 0.0125
0 0.29444444444444445 0.415234375 0.058333333333333334 0.03046875
0 0.49375 0.4140625 0.06805555555555555 0.0359375
0 0.2659722222222222 0.393359375 0.018055555555555554 0.01640625
0 0.37777777777777777 0.388671875 0.013888888888888888 0.01328125
0 0.3375 0.38515625 0.03888888888888889 0.0203125
0 0.13680555555555557 0.370703125 0.02638888888888889 0.01953125
0 0.07847222222222222 0.36640625 0.0375 0.015625
0 0.18819444444444444 0.365625 0.02361111111111111 0.015625
0 0.24791666666666667 0.35703125 0.04027777777777778 0.01875
0 0.08472222222222223 0.341796875 0.025 0.01640625
0 0.17430555555555555 0.336328125 0.02361111111111111 0.01015625
0 0.98125 0.3375 0.0375 0.028125
0 0.6861111111111111 0.31796875 0.03888888888888889 0.0234375
0 0.08541666666666667 0.31875 0.04583333333333333 0.025
0 0.8826388888888889 0.32265625 0.06527777777777778 0.04375
0 0.49236111111111114 0.303515625 0.029166666666666667 0.01796875
0 0.65 0.2984375 0.041666666666666664 0.021875
0 0.3861111111111111 0.290625 0.05555555555555555 0.021875
0 0.325 0.285546875 0.041666666666666664 0.02109375
0 0.3458333333333333 0.275390625 0.019444444444444445 0.01015625
0 0.5611111111111111 0.28125 0.030555555555555555 0.0234375
0 0.4388888888888889 0.2796875 0.03611111111111111 0.0328125
0 0.5993055555555555 0.281640625 0.05694444444444444 0.03984375
0 0.9173611111111111 0.267578125 0.05416666666666667 0.03046875
0 0.98125 0.253125 0.034722222222222224 0.028125
0 0.6555555555555556 0.251171875 0.04722222222222222 0.02421875
0 0.6027777777777777 0.246484375 0.044444444444444446 0.02578125
0 0.525 0.24921875 0.09722222222222222 0.040625
0 0.9847222222222223 0.219921875 0.027777777777777776 0.01953125
0 0.5986111111111111 0.2046875 0.044444444444444446 0.0265625
0 0.7763888888888889 0.197265625 0.05555555555555555 0.03671875
0 0.4222222222222222 0.1875 0.027777777777777776 0.0171875
0 0.6819444444444445 0.184375 0.03611111111111111 0.025
0 0.5659722222222222 0.1921875 0.13194444444444445 0.071875
0 0.45555555555555555 0.165234375 0.030555555555555555 0.02109375
0 0.36319444444444443 0.147265625 0.029166666666666667 0.01484375
0 0.49583333333333335 0.144921875 0.03333333333333333 0.01328125
0 0.42986111111111114 0.1421875 0.05416666666666667 0.0234375
0 0.33055555555555555 0.13828125 0.041666666666666664 0.01875
0 0.29375 0.13515625 0.0375 0.01875
0 0.38125 0.125390625 0.029166666666666667 0.01796875
0 0.6569444444444444 0.11953125 0.030555555555555555 0.0203125
0 0.41388888888888886 0.11953125 0.03333333333333333 0.0203125
0 0.7868055555555555 0.102734375 0.029166666666666667 0.01328125
0 0.4423611111111111 0.09375 0.029166666666666667 0.0109375
0 0.76875 0.084765625 0.03194444444444444 0.01953125
0 0.7402777777777778 0.08984375 0.03611111111111111 0.0375
0 0.575 0.05703125 0.030555555555555555 0.0125
0 0.63125 0.056640625 0.02361111111111111 0.01640625
0 0.5743055555555555 0.040234375 0.03194444444444444 0.01796875
