0 0.8902777777777777 0.58046875 0.04722222222222222 0.03125
0 0.8333333333333334 0.577734375 0.05 0.03046875
0 0.9138888888888889 0.54296875 0.041666666666666664 0.0234375
0 0.675 0.531640625 0.03333333333333333 0.01796875
0 0.9770833333333333 0.514453125 0.043055555555555555 0.01953125
0 0.6465277777777778 0.51484375 0.0375 0.0203125
0 0.6680555555555555 0.487109375 0.03611111111111111 0.02265625
0 0.45 0.475 0.027777777777777776 0.015625
0 0.3951388888888889 0.4828125 0.09583333333333334 0.04375
0 0.8444444444444444 0.466796875 0.025 0.01328125
0 0.1527777777777778 0.4640625 0.03888888888888889 0.0171875
0 0.9159722222222222 0.462109375 0.0375 0.01953125
0 0.46944444444444444 0.456640625 0.03888888888888889 0.01796875
0 0.5972222222222222 0.458984375 0.044444444444444446 0.02578125
0 0.2513888888888889 0.443359375 0.03888888888888889 0.02109375
0 0.8645833333333334 0.440234375 0.02638888888888889 0.01640625
0 0.3284722222222222 0.4328125 0.020833333333333332 0.0078125
0 0.14166666666666666 0.4359375 0.041666666666666664 0.0203125
0 0.43194444444444446 0.4234375 0.05 0.0234375
0 0.9006944444444445 0.399609375 0.0375 0.02421875
0 0.7354166666666667 0.391015625 0.02638888888888889 0.01640625
0 0.03125 0.38125 0.02638888888888889 0.0109375
0 0.9375 0.35859375 0.030555555555555555 0.01875
0 0.84375 0.355078125 0.05416666666666667 0.03359375
0 0.6611111111111111 0.33828125 0.03611111111111111 0.0203125
0 0.9791666666666666 0.330078125 0.027777777777777776 0.01328125
0 0.6576388888888889 0.31171875 0.029166666666666667 0.0171875
0 0.15625 0.304296875 0.03194444444444444 0.01484375
0 0.11041666666666666 0.2953125 0.02638888888888889 0.0109375
0 0.9451388888888889 0.30390625 0.04583333333333333 0.03125
0 0.5541666666666667 0.30234375 0.075 0.028125
0 0.47152777777777777 0.3 0.05694444444444444 0.025
0 0.7958333333333333 0.266796875 0.027777777777777776 0.01796875
0 0.7340277777777777 0.263671875 0.029166666666666667 0.01171875
0 0.825 0.257421875 0.027777777777777776 0.01640625
0 0.7951388888888888 0.2453125 0.034722222222222224 0.015625
0 0.61875 0.24375 0.0375 0.021875
0 0.6930555555555555 0.211328125 0.041666666666666664 0.01953125
0 0.6326388888888889 0.2015625 0.02361111111111111 0.015625
0 0.8 0.2109375 0.07222222222222222 0.0359375
0 0.6611111111111111 0.2015625 0.03333333333333333 0.03125
0 0.4263888888888889 0.1953125 0.06388888888888888 0.0203125
0 0.7638888888888888 0.183203125 0.03333333333333333 0.02265625
0 0.8673611111111111 0.18828125 0.059722222222222225 0.04375
0 0.7194444444444444 0.18046875 0.044444444444444446 0.040625
0 0.6722222222222223 0.16796875 0.03333333333333333 0.0234375
0 0.6034722222222222 0.1671875 0.0375 0.025
0 0.9388888888888889 0.1625 0.041666666666666664 0.0234375
0 0.8229166666666666 0.158984375 0.0375 0.02578125
0 0.6354166666666666 0.154296875 0.04027777777777778 0.02734375
0 0.6930555555555555 0.14375 0.041666666666666664 0.0203125
0 0.9798611111111111 0.141015625 0.04027777777777778 0.01796875
0 0.9305555555555556 0.123046875 0.03333333333333333 0.01484375
0 0.76875 0.11484375 0.03194444444444444 0.021875
0 0.6694444444444444 0.106640625 0.041666666666666664 0.02265625
0 0.8048611111111111 0.099609375 0.05138888888888889 0.04296875
