0 0.7902777777777777 0.82109375 0.019444444444444445 0.021875
0 0.9590277777777778 0.781640625 0.04583333333333333 0.02734375
0 0.28888888888888886 0.75078125 0.06666666666666667 0.025
0 0.21805555555555556 0.744140625 0.05 0.03046875
0 0.7333333333333333 0.726953125 0.04722222222222222 0.01953125
0 0.18541666666666667 0.71875 0.059722222222222225 0.03125
0 0.7666666666666667 0.696484375 0.008333333333333333 0.01171875
0 0.6291666666666667 0.69453125 0.019444444444444445 0.021875
0 0.33125 0.67890625 0.04861111111111111 0.0234375
0 0.7430555555555556 0.634375 0.027777777777777776 0.0140625
0 0.5722222222222222 0.622265625 0.013888888888888888 0.01328125
0 0.2590277777777778 0.587890625 0.07361111111111111 0.03203125
0 0.65625 0.5796875 0.029166666666666667 0.0171875
0 0.6229166666666667 0.55078125 0.04583333333333333 0.0375
0 0.5694444444444444 0.54453125 0.05 0.071875
0 0.3506944444444444 0.515234375 0.05694444444444444 0.01953125
0 0.6131944444444445 0.499609375 0.034722222222222224 0.03515625
0 0.3875 0.484765625 0.041666666666666664 0.02109375
0 0.36666666666666664 0.459765625 0.025 0.00703125
0 0.42291666666666666 0.461328125 0.04861111111111111 0.02734375
0 0.6173611111111111 0.439453125 0.04861111111111111 0.02734375
0 0.5388888888888889 0.434765625 0.041666666666666664 0.01796875
0 0.23402777777777778 0.429296875 0.029166666666666667 0.01796875
0 0.6020833333333333 0.403515625 0.029166666666666667 0.01796875
0 0.6520833333333333 0.405859375 0.04027777777777778 0.05078125
0 0.5888888888888889 0.371875 0.075 0.025
0 0.3729166666666667 0.36171875 0.02638888888888889 0.0171875
0 0.5895833333333333 0.35078125 0.04027777777777778 0.01875
0 0.34375 0.340234375 0.029166666666666667 0.01171875
0 0.4444444444444444 0.346484375 0.075 0.03515625
0 0.45416666666666666 0.3171875 0.03888888888888889 0.0125
0 0.6701388888888888 0.292578125 0.03194444444444444 0.02578125
0 0.42430555555555555 0.29375 0.05138888888888889 0.0296875
0 0.4222222222222222 0.267578125 0.041666666666666664 0.01953125
0 0.45555555555555555 0.26015625 0.05277777777777778 0.04375
0 0.5847222222222223 0.24921875 0.025 0.0265625
0 0.4965277777777778 0.149609375 0.04861111111111111 0.03046875
0 0.4527777777777778 0.08828125 0.05 0.0203125
