0 0.7444444444444445 0.633203125 0.041666666666666664 0.02109375
0 0.6111111111111112 0.61953125 0.044444444444444446 0.025
0 0.46458333333333335 0.604296875 0.04861111111111111 0.02578125
0 0.4736111111111111 0.573828125 0.03611111111111111 0.01953125
0 0.47638888888888886 0.546875 0.013888888888888888 0.0109375
0 0.8347222222222223 0.546875 0.04722222222222222 0.0265625
0 0.5020833333333333 0.5375 0.02361111111111111 0.0234375
0 0.7506944444444444 0.521875 0.07083333333333333 0.034375
0 0.6416666666666667 0.51328125 0.06944444444444445 0.03125
0 0.8319444444444445 0.50390625 0.027777777777777776 0.0203125
0 0.18333333333333332 0.49140625 0.044444444444444446 0.0265625
0 0.8833333333333333 0.469921875 0.044444444444444446 0.02734375
0 0.38680555555555557 0.459765625 0.02638888888888889 0.01640625
0 0.7972222222222223 0.452734375 0.03333333333333333 0.01796875
0 0.3638888888888889 0.4453125 0.03333333333333333 0.01875
0 0.6881944444444444 0.441796875 0.034722222222222224 0.01796875
0 0.05555555555555555 0.434765625 0.03888888888888889 0.01328125
0 0.4444444444444444 0.430078125 0.027777777777777776 0.01953125
0 0.7666666666666667 0.346875 0.03333333333333333 0.0140625
0 0.7833333333333333 0.292578125 0.05277777777777778 0.03828125
0 0.6173611111111111 0.15859375 0.043055555555555555 0.0265625
0 0.725 0.14453125 0.019444444444444445 0.0171875
0 0.64375 0.14453125 0.029166666666666667 0.01875
