0 0.009027777777777777 0.746875 0.018055555555555554 0.0203125
0 0.04375 0.7265625 0.02638888888888889 0.0234375
0 0.0125 0.669140625 0.022222222222222223 0.01796875
0 0.18194444444444444 0.6390625 0.07222222222222222 0.025
0 0.011805555555555555 0.615234375 0.02361111111111111 0.01484375
0 0.08263888888888889 0.6140625 0.06805555555555555 0.025
0 0.2972222222222222 0.60078125 0.016666666666666666 0.0109375
0 0.6888888888888889 0.59375 0.013888888888888888 0.0109375
0 0.2833333333333333 0.571875 0.03611111111111111 0.0171875
0 0.3215277777777778 0.4640625 0.04027777777777778 0.0171875
0 0.2986111111111111 0.39375 0.03333333333333333 0.01875
