0 0.05138888888888889 0.69765625 0.025 0.0171875
0 0.32708333333333334 0.673046875 0.020833333333333332 0.01328125
0 0.9972222222222222 0.65546875 0.005555555555555556 0.00625
0 0.46875 0.6546875 0.015277777777777777 0.009375
0 0.9784722222222222 0.651171875 0.02638888888888889 0.01640625
0 0.2520833333333333 0.641796875 0.018055555555555554 0.00703125
0 0.5472222222222223 0.64765625 0.030555555555555555 0.0203125
0 0.7173611111111111 0.641015625 0.02638888888888889 0.01953125
0 0.25625 0.630078125 0.034722222222222224 0.01171875
0 0.12291666666666666 0.62890625 0.018055555555555554 0.0171875
0 0.6409722222222223 0.627734375 0.03194444444444444 0.01796875
0 0.98125 0.62421875 0.02361111111111111 0.015625
0 0.56875 0.617578125 0.020833333333333332 0.01484375
0 0.24722222222222223 0.608984375 0.013888888888888888 0.01015625
0 0.7472222222222222 0.5984375 0.025 0.01875
0 0.5104166666666666 0.595703125 0.0125 0.01640625
0 0.043055555555555555 0.59375 0.03333333333333333 0.021875
0 0.7958333333333333 0.58515625 0.016666666666666666 0.0078125
0 0.7229166666666667 0.5875 0.018055555555555554 0.015625
0 0.6590277777777778 0.568359375 0.029166666666666667 0.01640625
0 0.9868055555555556 0.56640625 0.015277777777777777 0.0171875
0 0.3784722222222222 0.563671875 0.02638888888888889 0.01484375
0 0.6638888888888889 0.55546875 0.019444444444444445 0.0125
0 0.4361111111111111 0.548828125 0.022222222222222223 0.01015625
0 0.5229166666666667 0.54453125 0.015277777777777777 0.0078125
0 0.9291666666666667 0.55390625 0.041666666666666664 0.0296875
0 0.8923611111111112 0.544921875 0.015277777777777777 0.01640625
0 0.6888888888888889 0.53125 0.027777777777777776 0.0140625
0 0.7104166666666667 0.506640625 0.0125 0.00546875
0 0.6791666666666667 0.51015625 0.027777777777777776 0.0125
0 0.7729166666666667 0.4796875 0.020833333333333332 0.0109375
0 0.6847222222222222 0.48046875 0.027777777777777776 0.015625
0 0.8 0.464453125 0.016666666666666666 0.01171875
0 0.13680555555555557 0.445703125 0.03194444444444444 0.02421875
0 0.09583333333333334 0.4296875 0.025 0.0171875
0 0.7944444444444444 0.424609375 0.019444444444444445 0.02265625
0 0.014583333333333334 0.419921875 0.02638888888888889 0.01484375
0 0.05625 0.417578125 0.02638888888888889 0.01953125
0 0.8388888888888889 0.41484375 0.03333333333333333 0.0203125
0 0.73125 0.41171875 0.020833333333333332 0.0140625
0 0.1111111111111111 0.4125 0.030555555555555555 0.0171875
0 0.9930555555555556 0.396875 0.011111111111111112 0.00625
0 0.5236111111111111 0.390234375 0.011111111111111112 0.01484375
0 0.8944444444444445 0.37734375 0.044444444444444446 0.040625
0 0.8277777777777777 0.36171875 0.019444444444444445 0.0171875
0 0.7104166666666667 0.360546875 0.02638888888888889 0.01796875
0 0.9833333333333333 0.353515625 0.027777777777777776 0.01640625
0 0.6104166666666667 0.343359375 0.029166666666666667 0.01328125
0 0.8173611111111111 0.33828125 0.018055555555555554 0.0078125
0 0.5833333333333334 0.33671875 0.019444444444444445 0.0140625
0 0.6277777777777778 0.32734375 0.025 0.015625
0 0.7972222222222223 0.31875 0.03611111111111111 0.015625
0 0.7298611111111111 0.31640625 0.02638888888888889 0.0125
0 0.5638888888888889 0.31171875 0.011111111111111112 0.0140625
0 0.9402777777777778 0.257421875 0.022222222222222223 0.01328125
0 0.8895833333333333 0.234375 0.02361111111111111 0.015625
0 0.9895833333333334 0.22890625 0.020833333333333332 0.015625
0 0.8243055555555555 0.22421875 0.05694444444444444 0.021875
0 0.8979166666666667 0.218359375 0.02638888888888889 0.01328125
0 0.9319444444444445 0.2140625 0.030555555555555555 0.015625
0 0.8243055555555555 0.207421875 0.015277777777777777 0.00859375
0 0.8951388888888889 0.20234375 0.029166666666666667 0.0125
0 0.9222222222222223 0.179296875 0.022222222222222223 0.01796875
0 0.9506944444444444 0.169140625 0.0125 0.01171875
0 0.8881944444444444 0.15234375 0.02638888888888889 0.0125
