0 0.5256944444444445 0.737109375 0.04583333333333333 0.01484375
0 0.9506944444444444 0.68203125 0.020833333333333332 0.0234375
0 0.6506944444444445 0.678125 0.0125 0.0171875
0 0.8138888888888889 0.667578125 0.03333333333333333 0.01953125
0 0.90625 0.666796875 0.04583333333333333 0.02265625
0 0.95 0.6609375 0.027777777777777776 0.0140625
0 0.3034722222222222 0.65625 0.05138888888888889 0.028125
0 0.8798611111111111 0.635546875 0.043055555555555555 0.01796875
0 0.2923611111111111 0.61328125 0.09027777777777778 0.0375
0 0.9215277777777777 0.562109375 0.029166666666666667 0.01015625
0 0.32430555555555557 0.550390625 0.04583333333333333 0.01640625
0 0.2826388888888889 0.54453125 0.03194444444444444 0.0265625
0 0.09583333333333334 0.540625 0.06111111111111111 0.0234375
0 0.12083333333333333 0.5265625 0.025 0.015625
0 0.13194444444444445 0.503125 0.022222222222222223 0.0234375
0 0.3472222222222222 0.46171875 0.04722222222222222 0.0203125
0 0.5194444444444445 0.455078125 0.041666666666666664 0.02421875
0 0.18541666666666667 0.447265625 0.02361111111111111 0.01640625
0 0.24930555555555556 0.44609375 0.029166666666666667 0.021875
0 0.5666666666666667 0.434375 0.041666666666666664 0.0140625
0 0.3347222222222222 0.43046875 0.05 0.025
0 0.7256944444444444 0.42890625 0.04027777777777778 0.028125
0 0.6541666666666667 0.4109375 0.025 0.015625
0 0.6263888888888889 0.4 0.025 0.0234375
0 0.6722222222222223 0.39375 0.03611111111111111 0.0203125
0 0.32569444444444445 0.358203125 0.06805555555555555 0.02421875
0 0.5284722222222222 0.201171875 0.04861111111111111 0.02734375
