0 0.030555555555555555 0.61484375 0.044444444444444446 0.021875
0 0.07291666666666667 0.584375 0.0875 0.03125
0 0.37916666666666665 0.541796875 0.05277777777777778 0.02578125
0 0.7319444444444444 0.538671875 0.06944444444444445 0.03046875
0 0.32430555555555557 0.51875 0.04583333333333333 0.025
0 0.5395833333333333 0.52109375 0.06527777777777778 0.0328125
0 0.61875 0.515234375 0.05138888888888889 0.02421875
0 0.8319444444444445 0.505078125 0.04722222222222222 0.02890625
0 0.31527777777777777 0.490625 0.04722222222222222 0.028125
0 0.6513888888888889 0.4765625 0.044444444444444446 0.0234375
0 0.2222222222222222 0.434375 0.041666666666666664 0.0171875
0 0.5340277777777778 0.429296875 0.03194444444444444 0.01640625
0 0.17847222222222223 0.429296875 0.02638888888888889 0.01640625
0 0.6708333333333333 0.41015625 0.044444444444444446 0.0171875
0 0.7173611111111111 0.406640625 0.020833333333333332 0.01328125
0 0.5854166666666667 0.405859375 0.043055555555555555 0.02109375
0 0.26180555555555557 0.394140625 0.029166666666666667 0.01484375
0 0.22777777777777777 0.393359375 0.03611111111111111 0.01796875
0 0.6673611111111111 0.38984375 0.029166666666666667 0.0171875
0 0.5659722222222222 0.3859375 0.03194444444444444 0.0109375
0 0.13402777777777777 0.391015625 0.0375 0.02421875
0 0.17222222222222222 0.3796875 0.022222222222222223 0.009375
0 0.20416666666666666 0.37890625 0.027777777777777776 0.009375
0 0.10069444444444445 0.36484375 0.03194444444444444 0.0125
0 0.1763888888888889 0.35859375 0.041666666666666664 0.0234375
0 0.5854166666666667 0.34609375 0.03194444444444444 0.0171875
0 0.36736111111111114 0.340234375 0.018055555555555554 0.00859375
0 0.5368055555555555 0.344921875 0.04027777777777778 0.01953125
0 0.13472222222222222 0.344921875 0.030555555555555555 0.01953125
0 0.3645833333333333 0.3265625 0.02638888888888889 0.0125
0 0.7159722222222222 0.328125 0.0375 0.0203125
0 0.31805555555555554 0.319921875 0.044444444444444446 0.03359375
0 0.14930555555555555 0.309765625 0.043055555555555555 0.01484375
0 0.36041666666666666 0.281640625 0.04027777777777778 0.01796875
0 0.0763888888888889 0.248828125 0.025 0.01171875
0 0.052083333333333336 0.232421875 0.03194444444444444 0.01484375
0 0.14305555555555555 0.2171875 0.030555555555555555 0.0203125
0 0.40208333333333335 0.20234375 0.02361111111111111 0.015625
0 0.34791666666666665 0.205859375 0.03194444444444444 0.02265625
0 0.014583333333333334 0.20390625 0.02638888888888889 0.01875
0 0.25625 0.20234375 0.029166666666666667 0.0171875
0 0.050694444444444445 0.19453125 0.03194444444444444 0.01875
0 0.3194444444444444 0.184765625 0.06666666666666667 0.02578125
0 0.14097222222222222 0.17734375 0.034722222222222224 0.021875
0 0.2965277777777778 0.16015625 0.03194444444444444 0.021875
0 0.22916666666666666 0.155078125 0.044444444444444446 0.02265625
0 0.04236111111111111 0.150390625 0.0375 0.01953125
0 0.14444444444444443 0.144921875 0.025 0.01484375
0 0.19236111111111112 0.146875 0.03194444444444444 0.0203125
0 0.10972222222222222 0.14609375 0.03888888888888889 0.025
0 0.3333333333333333 0.139453125 0.027777777777777776 0.02109375
0 0.08472222222222223 0.140234375 0.030555555555555555 0.02265625
0 0.24722222222222223 0.1359375 0.03611111111111111 0.0171875
0 0.03333333333333333 0.1234375 0.030555555555555555 0.015625
0 0.0763888888888889 0.117578125 0.025 0.01640625
0 0.22083333333333333 0.111328125 0.041666666666666664 0.02109375
0 0.043055555555555555 0.09609375 0.03333333333333333 0.01875
0 0.015277777777777777 0.09375 0.016666666666666666 0.01875
0 0.06944444444444445 0.069921875 0.03888888888888889 0.02265625
