0 0.6027777777777777 0.59921875 0.06111111111111111 0.0421875
0 0.3680555555555556 0.559765625 0.025 0.02578125
0 0.6041666666666666 0.546875 0.027777777777777776 0.0140625
0 0.5791666666666667 0.536328125 0.03611111111111111 0.01796875
0 0.6673611111111111 0.5265625 0.043055555555555555 0.0203125
0 0.49236111111111114 0.477734375 0.02361111111111111 0.01484375
0 0.32916666666666666 0.477734375 0.022222222222222223 0.01484375
0 0.5166666666666667 0.45078125 0.030555555555555555 0.0109375
0 0.08194444444444444 0.446484375 0.016666666666666666 0.01484375
0 0.7513888888888889 0.4375 0.041666666666666664 0.015625
0 0.22291666666666668 0.421875 0.02638888888888889 0.0140625
0 0.9875 0.423828125 0.025 0.02109375
0 0.2673611111111111 0.41484375 0.02638888888888889 0.0125
0 0.3451388888888889 0.407421875 0.02361111111111111 0.01328125
0 0.8618055555555556 0.39765625 0.04027777777777778 0.025
0 0.22013888888888888 0.392578125 0.03194444444444444 0.01484375
0 0.00625 0.38984375 0.009722222222222222 0.0171875
0 0.5291666666666667 0.389453125 0.04722222222222222 0.01796875
0 0.7638888888888888 0.3875 0.03611111111111111 0.01875
0 0.8291666666666667 0.38046875 0.022222222222222223 0.015625
0 0.2326388888888889 0.37421875 0.029166666666666667 0.0125
0 0.26458333333333334 0.370703125 0.02361111111111111 0.01328125
0 0.7604166666666666 0.36640625 0.0375 0.0109375
0 0.8513888888888889 0.369921875 0.03333333333333333 0.01953125
0 0.8138888888888889 0.3640625 0.025 0.015625
0 0.8881944444444444 0.369140625 0.0375 0.02734375
0 0.7194444444444444 0.365625 0.03333333333333333 0.021875
0 0.07083333333333333 0.36171875 0.03611111111111111 0.0296875
0 0.38263888888888886 0.35546875 0.0375 0.0234375
0 0.15625 0.3515625 0.034722222222222224 0.0203125
0 0.6111111111111112 0.356640625 0.04722222222222222 0.03203125
0 0.69375 0.346875 0.04027777777777778 0.0203125
0 0.7993055555555556 0.33984375 0.04861111111111111 0.0234375
0 0.02361111111111111 0.33359375 0.027777777777777776 0.0125
0 0.8583333333333333 0.324609375 0.03611111111111111 0.01328125
0 0.7506944444444444 0.323828125 0.043055555555555555 0.02265625
0 0.5111111111111111 0.313671875 0.03333333333333333 0.01796875
0 0.5493055555555556 0.315625 0.04027777777777778 0.0234375
0 0.5256944444444445 0.29453125 0.05138888888888889 0.028125
0 0.6104166666666667 0.28671875 0.04027777777777778 0.0203125
0 0.76875 0.2359375 0.02361111111111111 0.01875
0 0.6125 0.2171875 0.03611111111111111 0.015625
0 0.4756944444444444 0.18515625 0.04027777777777778 0.0234375
