0 0.11875 0.758984375 0.04027777777777778 0.01953125
0 0.17083333333333334 0.74921875 0.016666666666666666 0.0125
0 0.275 0.728125 0.022222222222222223 0.0234375
0 0.08125 0.681640625 0.03194444444444444 0.01328125
0 0.9305555555555556 0.680859375 0.03888888888888889 0.01484375
0 0.11458333333333333 0.66953125 0.03194444444444444 0.01875
0 0.035416666666666666 0.540625 0.03194444444444444 0.0171875
0 0.009722222222222222 0.52109375 0.016666666666666666 0.015625
0 0.5236111111111111 0.5109375 0.05 0.0234375
0 0.4548611111111111 0.474609375 0.020833333333333332 0.01796875
0 0.04722222222222222 0.454296875 0.030555555555555555 0.01484375
0 0.08611111111111111 0.448828125 0.04722222222222222 0.01796875
0 0.052083333333333336 0.394140625 0.03194444444444444 0.01640625
0 0.024305555555555556 0.376953125 0.03194444444444444 0.02109375
0 0.07916666666666666 0.390625 0.044444444444444446 0.0578125
0 0.04583333333333333 0.357421875 0.03888888888888889 0.01796875
0 0.008333333333333333 0.347265625 0.013888888888888888 0.01953125
0 0.009722222222222222 0.3234375 0.019444444444444445 0.0125
0 0.5673611111111111 0.285546875 0.08472222222222223 0.03359375
0 0.07013888888888889 0.2765625 0.034722222222222224 0.0203125
0 0.525 0.212890625 0.027777777777777776 0.02265625
0 0.3590277777777778 0.19375 0.02361111111111111 0.0203125
0 0.3472222222222222 0.15546875 0.10555555555555556 0.0421875
0 0.3236111111111111 0.137109375 0.03333333333333333 0.01796875
