0 0.46805555555555556 0.61953125 0.05 0.0234375
0 0.3263888888888889 0.60703125 0.05 0.025
0 0.14583333333333334 0.5921875 0.058333333333333334 0.028125
0 0.16875 0.561328125 0.029166666666666667 0.02578125
0 0.5604166666666667 0.5296875 0.04861111111111111 0.0265625
0 0.18680555555555556 0.519921875 0.034722222222222224 0.03046875
0 0.4777777777777778 0.498828125 0.06388888888888888 0.03671875
0 0.3645833333333333 0.49375 0.06805555555555555 0.0328125
0 0.5694444444444444 0.48203125 0.027777777777777776 0.0171875
0 0.6104166666666667 0.440625 0.04861111111111111 0.03125
0 0.10416666666666667 0.434375 0.03611111111111111 0.0234375
0 0.5381944444444444 0.425390625 0.034722222222222224 0.01796875
0 0.07708333333333334 0.424609375 0.034722222222222224 0.01796875
0 0.48680555555555555 0.424609375 0.034722222222222224 0.01953125
0 0.4236111111111111 0.409375 0.06111111111111111 0.0375
0 0.5152777777777777 0.308203125 0.027777777777777776 0.01015625
0 0.5263888888888889 0.25234375 0.06388888888888888 0.0421875
0 0.33194444444444443 0.108984375 0.041666666666666664 0.02734375
0 0.43819444444444444 0.088671875 0.04027777777777778 0.01640625
0 0.3527777777777778 0.086328125 0.03611111111111111 0.02109375
