0 0.1284722222222222 0.782421875 0.04583333333333333 0.02734375
0 0.2875 0.7421875 0.03888888888888889 0.0234375
0 0.07291666666666667 0.703125 0.018055555555555554 0.0109375
0 0.10486111111111111 0.6921875 0.02361111111111111 0.0203125
0 0.9277777777777778 0.661328125 0.030555555555555555 0.01328125
0 0.013888888888888888 0.557421875 0.025 0.01796875
0 0.5527777777777778 0.51171875 0.03888888888888889 0.0109375
0 0.5298611111111111 0.49921875 0.02361111111111111 0.009375
0 0.011111111111111112 0.474609375 0.016666666666666666 0.01328125
0 0.04097222222222222 0.459765625 0.043055555555555555 0.02109375
0 0.9923611111111111 0.438671875 0.015277777777777777 0.01640625
0 0.03611111111111111 0.41484375 0.03611111111111111 0.01875
0 0.03125 0.387890625 0.059722222222222225 0.03984375
0 0.009027777777777777 0.3609375 0.018055555555555554 0.0109375
0 0.021527777777777778 0.276171875 0.0375 0.02421875
0 0.5416666666666666 0.27890625 0.075 0.03125
0 0.5090277777777777 0.207421875 0.029166666666666667 0.02265625
0 0.3680555555555556 0.183984375 0.019444444444444445 0.01953125
0 0.34652777777777777 0.148046875 0.11805555555555555 0.04609375
0 0.3263888888888889 0.1296875 0.058333333333333334 0.0171875
