0 0.18263888888888888 0.987109375 0.0375 0.02109375
0 0.07152777777777777 0.969140625 0.12361111111111112 0.04609375
0 0.07430555555555556 0.903125 0.06527777777777778 0.034375
0 0.8555555555555555 0.854296875 0.03333333333333333 0.01328125
0 0.33541666666666664 0.8625 0.034722222222222224 0.034375
0 0.46875 0.858984375 0.0625 0.03828125
0 0.027083333333333334 0.8515625 0.05138888888888889 0.0375
0 0.10972222222222222 0.8390625 0.03333333333333333 0.0296875
0 0.5548611111111111 0.80703125 0.059722222222222225 0.03125
0 0.2743055555555556 0.755859375 0.04027777777777778 0.02265625
0 0.76875 0.74453125 0.05416666666666667 0.0171875
0 0.08888888888888889 0.730859375 0.058333333333333334 0.03828125
0 0.8666666666666667 0.716796875 0.06944444444444445 0.03828125
0 0.029861111111111113 0.69921875 0.02361111111111111 0.0296875
0 0.9798611111111111 0.68984375 0.04027777777777778 0.021875
0 0.5756944444444444 0.676953125 0.04027777777777778 0.02734375
0 0.39444444444444443 0.66640625 0.06666666666666667 0.040625
0 0.09097222222222222 0.632421875 0.0375 0.03046875
0 0.7944444444444444 0.625390625 0.044444444444444446 0.02265625
0 0.8659722222222223 0.625 0.059722222222222225 0.03125
0 0.55625 0.598046875 0.10416666666666667 0.04921875
0 0.6604166666666667 0.580859375 0.05138888888888889 0.02265625
0 0.9201388888888888 0.576953125 0.05416666666666667 0.02890625
0 0.5576388888888889 0.555859375 0.059722222222222225 0.03359375
0 0.3347222222222222 0.545703125 0.03333333333333333 0.01796875
0 0.6645833333333333 0.546484375 0.059722222222222225 0.03671875
0 0.15902777777777777 0.524609375 0.05138888888888889 0.03671875
0 0.3798611111111111 0.51953125 0.14305555555555555 0.0296875
0 0.9333333333333333 0.515234375 0.11944444444444445 0.03671875
0 0.4826388888888889 0.490234375 0.03194444444444444 0.01484375
0 0.14305555555555555 0.486328125 0.05 0.02578125
0 0.5881944444444445 0.484765625 0.05138888888888889 0.02421875
0 0.05347222222222222 0.4875 0.08472222222222223 0.0296875
0 0.5270833333333333 0.466796875 0.04861111111111111 0.01328125
0 0.34305555555555556 0.4390625 0.041666666666666664 0.0125
0 0.4527777777777778 0.4234375 0.05 0.028125
0 0.09375 0.4171875 0.04027777777777778 0.015625
0 0.28888888888888886 0.421875 0.058333333333333334 0.0296875
0 0.5965277777777778 0.4140625 0.043055555555555555 0.0234375
0 0.3861111111111111 0.432421875 0.06666666666666667 0.06171875
0 0.5388888888888889 0.40859375 0.044444444444444446 0.0171875
0 0.7930555555555555 0.406640625 0.06111111111111111 0.03046875
0 0.4847222222222222 0.39453125 0.06111111111111111 0.034375
0 0.8152777777777778 0.366796875 0.05 0.02890625
0 0.6409722222222223 0.369921875 0.08194444444444444 0.04453125
0 0.8916666666666667 0.346875 0.058333333333333334 0.034375
0 0.7416666666666667 0.325 0.05 0.01875
0 0.6055555555555555 0.319921875 0.075 0.02734375
0 0.7986111111111112 0.3125 0.06111111111111111 0.025
0 0.06111111111111111 0.30390625 0.06388888888888888 0.0203125
0 0.14166666666666666 0.303515625 0.05 0.02265625
0 0.7131944444444445 0.290625 0.059722222222222225 0.0375
0 0.08263888888888889 0.2796875 0.029166666666666667 0.021875
0 0.6611111111111111 0.27421875 0.025 0.0203125
0 0.5951388888888889 0.278515625 0.04583333333333333 0.03046875
0 0.7291666666666666 0.241796875 0.041666666666666664 0.01953125
0 0.4083333333333333 0.23203125 0.05555555555555555 0.0171875
0 0.7701388888888889 0.222265625 0.09861111111111111 0.03671875
0 0.4840277777777778 0.192578125 0.04027777777777778 0.03359375
0 0.83125 0.1890625 0.04861111111111111 0.028125
0 0.6152777777777778 0.15390625 0.058333333333333334 0.034375
0 0.7736111111111111 0.150390625 0.058333333333333334 0.03359375
0 0.5625 0.12890625 0.05 0.0265625
0 0.65 0.073828125 0.03611111111111111 0.03671875
0 0.5895833333333333 0.0703125 0.05138888888888889 0.0328125
0 0.5625 0.05 0.044444444444444446 0.0328125
0 0.6236111111111111 0.035546875 0.03888888888888889 0.03046875
0 0.5166666666666667 0.02421875 0.06666666666666667 0.040625
0 0.03819444444444445 0.008984375 0.0625 0.01640625
