0 0.09791666666666667 0.70703125 0.04027777777777778 0.0328125
0 0.6118055555555556 0.701171875 0.0875 0.02890625
0 0.058333333333333334 0.69921875 0.030555555555555555 0.0265625
0 0.39652777777777776 0.67734375 0.02361111111111111 0.0125
0 0.5083333333333333 0.64296875 0.03333333333333333 0.0140625
0 0.6194444444444445 0.64140625 0.05555555555555555 0.028125
0 0.4305555555555556 0.631640625 0.03888888888888889 0.01796875
0 0.6347222222222222 0.5953125 0.03888888888888889 0.028125
0 0.7291666666666666 0.5375 0.03611111111111111 0.0203125
0 0.6180555555555556 0.521484375 0.05277777777777778 0.02421875
0 0.6 0.494140625 0.025 0.01953125
0 0.5208333333333334 0.4890625 0.03888888888888889 0.021875
0 0.39861111111111114 0.480078125 0.07222222222222222 0.03203125
0 0.9354166666666667 0.460546875 0.0375 0.01484375
0 0.9861111111111112 0.451171875 0.027777777777777776 0.01484375
0 0.6430555555555556 0.442578125 0.041666666666666664 0.04140625
0 0.45 0.43046875 0.030555555555555555 0.0265625
0 0.5020833333333333 0.3828125 0.02361111111111111 0.01875
0 0.30694444444444446 0.381640625 0.03611111111111111 0.02578125
0 0.36736111111111114 0.379296875 0.059722222222222225 0.02890625
0 0.6805555555555556 0.39765625 0.14166666666666666 0.0890625
0 0.41805555555555557 0.336328125 0.019444444444444445 0.01484375
0 0.7409722222222223 0.31484375 0.03194444444444444 0.015625
0 0.5166666666666667 0.274609375 0.025 0.03359375
0 0.4527777777777778 0.269921875 0.04722222222222222 0.02578125
0 0.30277777777777776 0.2671875 0.05277777777777778 0.0328125
0 0.5993055555555555 0.246875 0.05694444444444444 0.0265625
0 0.43680555555555556 0.239453125 0.029166666666666667 0.01796875
0 0.38263888888888886 0.230859375 0.043055555555555555 0.02421875
0 0.49166666666666664 0.223046875 0.03333333333333333 0.02109375
0 0.4652777777777778 0.19921875 0.05555555555555555 0.0296875
0 0.4423611111111111 0.179296875 0.03194444444444444 0.02109375
0 0.5145833333333333 0.1828125 0.043055555555555555 0.040625
0 0.5819444444444445 0.162109375 0.06944444444444445 0.07890625
0 0.48055555555555557 0.13984375 0.06666666666666667 0.04375
0 0.5340277777777778 0.117578125 0.04861111111111111 0.02265625
0 0.5597222222222222 0.092578125 0.03333333333333333 0.02265625
0 0.5027777777777778 0.089453125 0.05277777777777778 0.03828125
0 0.5534722222222223 0.073046875 0.05138888888888889 0.02890625
0 0.46875 0.04921875 0.06527777777777778 0.0421875
0 0.5326388888888889 0.040625 0.03194444444444444 0.0265625
