0 0.32569444444444445 0.58046875 0.02361111111111111 0.015625
0 0.17847222222222223 0.52734375 0.05138888888888889 0.0328125
0 0.10694444444444444 0.4828125 0.027777777777777776 0.021875
0 0.49930555555555556 0.47421875 0.02638888888888889 0.0109375
0 0.19583333333333333 0.479296875 0.05277777777777778 0.04921875
0 0.5902777777777778 0.45625 0.027777777777777776 0.009375
0 0.6326388888888889 0.455078125 0.03194444444444444 0.02421875
0 0.3 0.3921875 0.025 0.0125
0 0.65625 0.39296875 0.02361111111111111 0.015625
0 0.6298611111111111 0.389453125 0.018055555555555554 0.01328125
0 0.5263888888888889 0.366796875 0.025 0.01484375
0 0.052083333333333336 0.36875 0.03194444444444444 0.01875
0 0.09097222222222222 0.36328125 0.02638888888888889 0.0125
0 0.4201388888888889 0.36171875 0.029166666666666667 0.0203125
0 0.3680555555555556 0.353515625 0.03611111111111111 0.01484375
0 0.02013888888888889 0.34296875 0.034722222222222224 0.0171875
0 0.3784722222222222 0.337109375 0.03194444444444444 0.01796875
0 0.4305555555555556 0.337109375 0.03611111111111111 0.02109375
0 0.27847222222222223 0.333984375 0.029166666666666667 0.01484375
0 0.029166666666666667 0.323828125 0.03333333333333333 0.01796875
0 0.3277777777777778 0.32265625 0.019444444444444445 0.01875
0 0.3506944444444444 0.3125 0.034722222222222224 0.015625
0 0.40902777777777777 0.296484375 0.029166666666666667 0.01328125
0 0.12638888888888888 0.2890625 0.030555555555555555 0.01875
0 0.09791666666666667 0.287109375 0.02361111111111111 0.01640625
0 0.10208333333333333 0.272265625 0.034722222222222224 0.01953125
0 0.26666666666666666 0.2640625 0.016666666666666666 0.009375
0 0.010416666666666666 0.26640625 0.018055555555555554 0.015625
0 0.31319444444444444 0.22890625 0.029166666666666667 0.0140625
0 0.2 0.210546875 0.03611111111111111 0.01953125
0 0.07222222222222222 0.184765625 0.03333333333333333 0.01640625
0 0.044444444444444446 0.178515625 0.027777777777777776 0.01484375
