0 0.10694444444444444 0.908203125 0.04722222222222222 0.01484375
0 0.7888888888888889 0.74765625 0.05 0.0265625
0 0.45625 0.7578125 0.07361111111111111 0.0546875
0 0.5291666666666667 0.7359375 0.027777777777777776 0.0203125
0 0.4576388888888889 0.68203125 0.0763888888888889 0.0421875
0 0.7895833333333333 0.58671875 0.05416666666666667 0.0234375
0 0.9861111111111112 0.5859375 0.027777777777777776 0.0265625
0 0.74375 0.569140625 0.043055555555555555 0.01953125
0 0.9569444444444445 0.53125 0.08611111111111111 0.09375
0 0.9298611111111111 0.493359375 0.043055555555555555 0.02890625
0 0.6618055555555555 0.49375 0.07916666666666666 0.0375
0 0.33402777777777776 0.473046875 0.06805555555555555 0.03984375
0 0.1597222222222222 0.46015625 0.06111111111111111 0.0265625
0 0.7430555555555556 0.46875 0.10555555555555556 0.0515625
0 0.9819444444444444 0.4453125 0.03611111111111111 0.0328125
0 0.7076388888888889 0.421875 0.04861111111111111 0.0328125
0 0.7770833333333333 0.39453125 0.015277777777777777 0.0125
0 0.9881944444444445 0.396484375 0.02361111111111111 0.01953125
0 0.7465277777777778 0.384765625 0.029166666666666667 0.01171875
0 0.9104166666666667 0.379296875 0.03194444444444444 0.02578125
0 0.7965277777777777 0.373828125 0.02638888888888889 0.02109375
0 0.9548611111111112 0.372265625 0.04583333333333333 0.01953125
0 0.9423611111111111 0.325390625 0.10138888888888889 0.03203125
0 0.09444444444444444 0.31171875 0.03611111111111111 0.021875
0 0.9854166666666667 0.2984375 0.02638888888888889 0.0140625
0 0.8590277777777777 0.302734375 0.05694444444444444 0.02578125
0 0.33125 0.298828125 0.04583333333333333 0.02265625
0 0.21180555555555555 0.265234375 0.05138888888888889 0.02109375
0 0.8145833333333333 0.2484375 0.0375 0.0234375
0 0.9506944444444444 0.24375 0.09861111111111111 0.0328125
0 0.7409722222222223 0.21953125 0.03194444444444444 0.0234375
0 0.8236111111111111 0.209765625 0.05555555555555555 0.03203125
0 0.8902777777777777 0.21015625 0.044444444444444446 0.0453125
0 0.16319444444444445 0.1703125 0.0375 0.0203125
0 0.1361111111111111 0.1109375 0.11944444444444445 0.0875
