0 0.19791666666666666 0.990625 0.05694444444444444 0.01875
0 0.6541666666666667 0.9671875 0.06388888888888888 0.0265625
0 0.7097222222222223 0.953515625 0.05555555555555555 0.02421875
0 0.3506944444444444 0.908984375 0.02361111111111111 0.01328125
0 0.17569444444444443 0.866796875 0.04583333333333333 0.01640625
0 0.26944444444444443 0.86484375 0.03888888888888889 0.0265625
0 0.45902777777777776 0.855078125 0.05416666666666667 0.02578125
0 0.018055555555555554 0.83828125 0.03611111111111111 0.0234375
0 0.6520833333333333 0.78671875 0.04583333333333333 0.028125
0 0.3875 0.7671875 0.06944444444444445 0.021875
0 0.05486111111111111 0.769140625 0.04583333333333333 0.03046875
0 0.7666666666666667 0.75234375 0.025 0.03125
0 0.6388888888888888 0.713671875 0.058333333333333334 0.03671875
0 0.36527777777777776 0.70078125 0.03611111111111111 0.021875
0 0.55625 0.694921875 0.059722222222222225 0.02109375
0 0.7541666666666667 0.652734375 0.04722222222222222 0.01796875
0 0.8041666666666667 0.617578125 0.025 0.01796875
0 0.925 0.60546875 0.06111111111111111 0.028125
0 0.6201388888888889 0.601953125 0.06527777777777778 0.03046875
0 0.4652777777777778 0.5890625 0.03888888888888889 0.021875
0 0.7277777777777777 0.57734375 0.06111111111111111 0.0328125
0 0.6854166666666667 0.555859375 0.05138888888888889 0.02265625
0 0.8833333333333333 0.542578125 0.05 0.02734375
0 0.7784722222222222 0.54296875 0.043055555555555555 0.0296875
0 0.3229166666666667 0.43828125 0.05416666666666667 0.028125
0 0.7555555555555555 0.451953125 0.13055555555555556 0.06484375
0 0.3909722222222222 0.421484375 0.0625 0.02890625
0 0.8354166666666667 0.42109375 0.07083333333333333 0.0578125
0 0.7305555555555555 0.385546875 0.05555555555555555 0.02421875
0 0.6673611111111111 0.35859375 0.05138888888888889 0.040625
0 0.59375 0.34609375 0.09861111111111111 0.0578125
0 0.7375 0.314453125 0.08055555555555556 0.03203125
0 0.5875 0.290234375 0.058333333333333334 0.03203125
0 0.6923611111111111 0.25625 0.05416666666666667 0.03125
0 0.6520833333333333 0.24765625 0.018055555555555554 0.0140625
0 0.5958333333333333 0.246484375 0.04722222222222222 0.02109375
0 0.6701388888888888 0.205078125 0.05694444444444444 0.05859375
