0 0.7722222222222223 0.677734375 0.04722222222222222 0.02578125
0 0.8145833333333333 0.67578125 0.04027777777777778 0.0234375
0 0.2763888888888889 0.671875 0.041666666666666664 0.0265625
0 0.23333333333333334 0.664453125 0.03611111111111111 0.02109375
0 0.7888888888888889 0.61953125 0.022222222222222223 0.021875
0 0.6923611111111111 0.617578125 0.0375 0.02265625
0 0.8152777777777778 0.606640625 0.030555555555555555 0.01328125
0 0.6034722222222222 0.603515625 0.04583333333333333 0.01953125
0 0.8201388888888889 0.573828125 0.0375 0.03359375
0 0.9138888888888889 0.516796875 0.041666666666666664 0.01953125
0 0.80625 0.496875 0.05138888888888889 0.028125
0 0.7930555555555555 0.46640625 0.03333333333333333 0.0171875
0 0.7076388888888889 0.4609375 0.04861111111111111 0.025
0 0.8027777777777778 0.44609375 0.044444444444444446 0.015625
0 0.5777777777777777 0.4515625 0.06944444444444445 0.028125
0 0.025694444444444443 0.440625 0.04861111111111111 0.025
0 0.22708333333333333 0.424609375 0.05416666666666667 0.01640625
0 0.8381944444444445 0.415234375 0.043055555555555555 0.03828125
0 0.6402777777777777 0.400390625 0.030555555555555555 0.02421875
0 0.6881944444444444 0.353515625 0.020833333333333332 0.01953125
0 0.49722222222222223 0.348828125 0.03333333333333333 0.02578125
0 0.5652777777777778 0.344921875 0.04722222222222222 0.01953125
0 0.8819444444444444 0.367578125 0.1388888888888889 0.08203125
0 0.6673611111111111 0.31875 0.02361111111111111 0.009375
0 0.6145833333333334 0.3046875 0.020833333333333332 0.0140625
0 0.6736111111111112 0.28671875 0.016666666666666666 0.0125
0 0.9472222222222222 0.280078125 0.030555555555555555 0.01484375
0 0.05486111111111111 0.2765625 0.04583333333333333 0.025
0 0.6506944444444445 0.23828125 0.05416666666666667 0.025
0 0.7201388888888889 0.237890625 0.02638888888888889 0.03828125
0 0.49722222222222223 0.233984375 0.05 0.03203125
0 0.80625 0.209375 0.05694444444444444 0.028125
0 0.6354166666666666 0.1984375 0.043055555555555555 0.0234375
0 0.5854166666666667 0.192578125 0.04027777777777778 0.02734375
0 0.6972222222222222 0.185546875 0.030555555555555555 0.02109375
0 0.009027777777777777 0.179296875 0.018055555555555554 0.01953125
0 0.025694444444444443 0.166015625 0.04583333333333333 0.01953125
0 0.6638888888888889 0.1546875 0.06111111111111111 0.04375
0 0.7756944444444445 0.139453125 0.04027777777777778 0.03046875
0 0.7229166666666667 0.144921875 0.05694444444444444 0.04296875
0 0.01597222222222222 0.125390625 0.03194444444444444 0.02421875
0 0.7895833333333333 0.10234375 0.06805555555555555 0.0390625
0 0.6895833333333333 0.1015625 0.0625 0.0421875
0 0.7444444444444445 0.076171875 0.044444444444444446 0.02265625
0 0.7722222222222223 0.051171875 0.025 0.01640625
0 0.7118055555555556 0.04765625 0.05416666666666667 0.034375
0 0.7736111111111111 0.0234375 0.041666666666666664 0.01875
0 0.6798611111111111 0.014453125 0.05694444444444444 0.02890625
