0 0.16666666666666666 0.75703125 0.04722222222222222 0.0265625
0 0.21666666666666667 0.74765625 0.022222222222222223 0.0171875
0 0.3236111111111111 0.723828125 0.03888888888888889 0.03359375
0 0.1284722222222222 0.680859375 0.04027777777777778 0.01328125
0 0.29583333333333334 0.678125 0.016666666666666666 0.0140625
0 0.9881944444444445 0.67578125 0.02361111111111111 0.015625
0 0.16111111111111112 0.667578125 0.041666666666666664 0.02421875
0 0.08333333333333333 0.5421875 0.03611111111111111 0.021875
0 0.25972222222222224 0.523046875 0.016666666666666666 0.01015625
0 0.007638888888888889 0.526171875 0.0125 0.02265625
0 0.04722222222222222 0.52265625 0.03611111111111111 0.0171875
0 0.0125 0.503125 0.022222222222222223 0.021875
0 0.5701388888888889 0.503515625 0.04861111111111111 0.02578125
0 0.11458333333333333 0.450390625 0.06805555555555555 0.02421875
0 0.12916666666666668 0.39765625 0.03611111111111111 0.0390625
0 0.02638888888888889 0.391015625 0.05 0.02578125
0 0.06527777777777778 0.375 0.022222222222222223 0.015625
0 0.10347222222222222 0.380078125 0.04583333333333333 0.04296875
0 0.08819444444444445 0.35625 0.0375 0.01875
0 0.03263888888888889 0.34765625 0.04861111111111111 0.028125
0 0.04027777777777778 0.322265625 0.030555555555555555 0.01328125
0 0.6256944444444444 0.28203125 0.04027777777777778 0.0203125
0 0.5875 0.275 0.03333333333333333 0.0234375
0 0.11041666666666666 0.271484375 0.0375 0.02421875
0 0.022916666666666665 0.229296875 0.03194444444444444 0.02265625
0 0.5701388888888889 0.204296875 0.029166666666666667 0.02109375
0 0.009027777777777777 0.19921875 0.015277777777777777 0.0125
0 0.4111111111111111 0.18671875 0.025 0.0203125
0 0.39652777777777776 0.14609375 0.10416666666666667 0.0453125
0 0.36944444444444446 0.128125 0.03611111111111111 0.01875
