0 0.4326388888888889 0.79140625 0.0625 0.028125
0 0.40069444444444446 0.734765625 0.059722222222222225 0.03671875
0 0.11388888888888889 0.649609375 0.04722222222222222 0.02421875
0 0.3215277777777778 0.611328125 0.10416666666666667 0.04140625
0 0.24027777777777778 0.58203125 0.027777777777777776 0.0203125
0 0.19722222222222222 0.580859375 0.05555555555555555 0.04296875
0 0.6 0.540625 0.03333333333333333 0.0125
0 0.25625 0.53671875 0.05694444444444444 0.028125
0 0.9756944444444444 0.536328125 0.04861111111111111 0.02890625
0 0.5159722222222223 0.491796875 0.0625 0.03046875
0 0.1909722222222222 0.48359375 0.07916666666666666 0.0265625
0 0.2048611111111111 0.460546875 0.05138888888888889 0.02734375
0 0.3680555555555556 0.476171875 0.1638888888888889 0.06015625
0 0.1125 0.449609375 0.05555555555555555 0.03203125
0 0.06875 0.42421875 0.04583333333333333 0.0140625
0 0.9201388888888888 0.408984375 0.14027777777777778 0.04921875
0 0.05486111111111111 0.399609375 0.06527777777777778 0.03046875
0 0.33958333333333335 0.39765625 0.0875 0.0328125
0 0.4756944444444444 0.29140625 0.0875 0.0390625
0 0.33611111111111114 0.265625 0.04722222222222222 0.021875
0 0.8861111111111111 0.267578125 0.09444444444444444 0.05859375
0 0.21388888888888888 0.241015625 0.058333333333333334 0.02578125
0 0.25555555555555554 0.221875 0.05555555555555555 0.0453125
0 0.42986111111111114 0.18125 0.04027777777777778 0.0296875
0 0.23541666666666666 0.173828125 0.05138888888888889 0.03671875
0 0.39166666666666666 0.134765625 0.025 0.01640625
0 0.21944444444444444 0.134765625 0.05555555555555555 0.02265625
0 0.4111111111111111 0.105859375 0.041666666666666664 0.03046875
0 0.34097222222222223 0.102734375 0.05694444444444444 0.03359375
0 0.3590277777777778 0.071875 0.04583333333333333 0.0203125
0 0.4131944444444444 0.073828125 0.034722222222222224 0.03046875
