0 0.6979166666666666 0.980078125 0.05416666666666667 0.03515625
0 0.8270833333333333 0.9578125 0.043055555555555555 0.0296875
0 0.9604166666666667 0.904296875 0.02638888888888889 0.02734375
0 0.9541666666666667 0.858984375 0.058333333333333334 0.02421875
0 0.1840277777777778 0.855859375 0.020833333333333332 0.01953125
0 0.7569444444444444 0.822265625 0.019444444444444445 0.02109375
0 0.7263888888888889 0.74296875 0.05277777777777778 0.0296875
0 0.6965277777777777 0.719140625 0.029166666666666667 0.02109375
0 0.9736111111111111 0.719921875 0.05277777777777778 0.03984375
0 0.8354166666666667 0.6109375 0.059722222222222225 0.034375
0 0.94375 0.590234375 0.09027777777777778 0.03828125
0 0.8875 0.55859375 0.019444444444444445 0.021875
0 0.2361111111111111 0.53046875 0.03888888888888889 0.01875
0 0.9201388888888888 0.528515625 0.07361111111111111 0.03203125
0 0.5527777777777778 0.529296875 0.06388888888888888 0.03359375
0 0.9833333333333333 0.5171875 0.03333333333333333 0.0265625
0 0.8395833333333333 0.5203125 0.043055555555555555 0.0375
0 0.9597222222222223 0.44140625 0.05 0.021875
0 0.93125 0.405859375 0.02638888888888889 0.02734375
0 0.8513888888888889 0.402734375 0.11388888888888889 0.09765625
0 0.9375 0.337890625 0.06388888888888888 0.03046875
0 0.14375 0.296875 0.04861111111111111 0.0234375
0 0.19375 0.27421875 0.05694444444444444 0.0359375
0 0.8402777777777778 0.2640625 0.03888888888888889 0.0328125
0 0.41180555555555554 0.22265625 0.05138888888888889 0.025
0 0.9319444444444445 0.21015625 0.05 0.0296875
0 0.21458333333333332 0.2 0.05138888888888889 0.03125
0 0.3798611111111111 0.18359375 0.018055555555555554 0.0171875
0 0.4083333333333333 0.182421875 0.027777777777777776 0.02734375
0 0.9729166666666667 0.166796875 0.04583333333333333 0.02421875
