0 0.49444444444444446 0.631640625 0.044444444444444446 0.02109375
0 0.3486111111111111 0.6203125 0.05277777777777778 0.025
0 0.1701388888888889 0.606640625 0.05416666666666667 0.02578125
0 0.18888888888888888 0.575 0.030555555555555555 0.025
0 0.5798611111111112 0.540625 0.04861111111111111 0.028125
0 0.20694444444444443 0.537890625 0.03333333333333333 0.03046875
0 0.47708333333333336 0.523046875 0.02638888888888889 0.01953125
0 0.5048611111111111 0.508203125 0.04583333333333333 0.02421875
0 0.37916666666666665 0.5078125 0.07222222222222222 0.03125
0 0.5868055555555556 0.493359375 0.029166666666666667 0.02265625
0 0.11875 0.453125 0.02638888888888889 0.021875
0 0.6180555555555556 0.453125 0.04722222222222222 0.0296875
0 0.09652777777777778 0.441796875 0.03194444444444444 0.01953125
0 0.5020833333333333 0.4359375 0.03194444444444444 0.0109375
0 0.5534722222222223 0.4390625 0.04027777777777778 0.0203125
0 0.44583333333333336 0.422265625 0.05 0.03046875
0 0.525 0.26953125 0.08055555555555556 0.0421875
0 0.4409722222222222 0.11484375 0.0375 0.01875
0 0.3451388888888889 0.125390625 0.05694444444444444 0.04296875
