0 0.9611111111111111 0.71171875 0.03611111111111111 0.021875
0 0.4097222222222222 0.662890625 0.041666666666666664 0.01640625
0 0.48541666666666666 0.65859375 0.0625 0.0296875
0 0.4527777777777778 0.630859375 0.07222222222222222 0.03515625
0 0.5590277777777778 0.58984375 0.05138888888888889 0.0234375
0 0.7916666666666666 0.5765625 0.025 0.0171875
0 0.058333333333333334 0.573828125 0.1111111111111111 0.06953125
0 0.7361111111111112 0.530859375 0.058333333333333334 0.03046875
0 0.5173611111111112 0.515234375 0.05138888888888889 0.02109375
0 0.47847222222222224 0.5015625 0.043055555555555555 0.028125
0 0.4340277777777778 0.498046875 0.043055555555555555 0.02578125
0 0.7034722222222223 0.487890625 0.043055555555555555 0.02421875
0 0.8048611111111111 0.453515625 0.09305555555555556 0.04296875
0 0.5236111111111111 0.426171875 0.05555555555555555 0.02578125
0 0.6972222222222222 0.415234375 0.05277777777777778 0.02734375
0 0.8006944444444445 0.3890625 0.034722222222222224 0.021875
0 0.5541666666666667 0.3828125 0.06111111111111111 0.04375
0 0.6118055555555556 0.3671875 0.05694444444444444 0.03125
0 0.7201388888888889 0.33984375 0.04583333333333333 0.021875
0 0.825 0.342578125 0.10277777777777777 0.03203125
0 0.3951388888888889 0.33515625 0.029166666666666667 0.0296875
0 0.7493055555555556 0.306640625 0.02638888888888889 0.01640625
0 0.7326388888888888 0.267578125 0.05416666666666667 0.01953125
0 0.5243055555555556 0.25859375 0.04861111111111111 0.0265625
0 0.5465277777777777 0.2328125 0.0375 0.01875
0 0.6131944444444445 0.2421875 0.08472222222222223 0.0390625
0 0.6048611111111111 0.213671875 0.043055555555555555 0.01796875
0 0.8340277777777778 0.191015625 0.04861111111111111 0.02578125
0 0.58125 0.187109375 0.05416666666666667 0.03359375
0 0.7694444444444445 0.14140625 0.03333333333333333 0.0296875
0 0.6076388888888888 0.16015625 0.1125 0.06875
0 0.7388888888888889 0.109375 0.044444444444444446 0.021875
0 0.675 0.028515625 0.041666666666666664 0.03203125
