0 0.8069444444444445 0.654296875 0.041666666666666664 0.02578125
0 0.07222222222222222 0.644140625 0.05277777777777778 0.02578125
0 0.2972222222222222 0.571875 0.025 0.0171875
0 0.78125 0.553125 0.04583333333333333 0.0203125
0 0.8194444444444444 0.5046875 0.05 0.0203125
0 0.20277777777777778 0.498828125 0.027777777777777776 0.02109375
0 0.3590277777777778 0.4953125 0.04583333333333333 0.0296875
0 0.5111111111111111 0.4515625 0.05277777777777778 0.0234375
0 0.7027777777777777 0.44765625 0.044444444444444446 0.0203125
0 0.5763888888888888 0.441015625 0.044444444444444446 0.02421875
0 0.10694444444444444 0.426171875 0.03611111111111111 0.01796875
0 0.9513888888888888 0.4125 0.030555555555555555 0.015625
0 0.03333333333333333 0.401171875 0.03611111111111111 0.02109375
0 0.7805555555555556 0.396484375 0.030555555555555555 0.02109375
0 0.4444444444444444 0.3875 0.03888888888888889 0.015625
0 0.3194444444444444 0.38671875 0.04722222222222222 0.015625
0 0.9152777777777777 0.387109375 0.075 0.03515625
0 0.7979166666666667 0.33828125 0.0375 0.01875
0 0.4326388888888889 0.338671875 0.029166666666666667 0.02421875
0 0.5180555555555556 0.330859375 0.06388888888888888 0.02578125
0 0.3194444444444444 0.307421875 0.027777777777777776 0.01796875
0 0.9395833333333333 0.303515625 0.034722222222222224 0.02265625
0 0.9902777777777778 0.276953125 0.019444444444444445 0.01171875
0 0.26805555555555555 0.271484375 0.03888888888888889 0.01796875
0 0.8291666666666667 0.26171875 0.03888888888888889 0.0265625
0 0.20347222222222222 0.2578125 0.04861111111111111 0.028125
0 0.9493055555555555 0.2421875 0.015277777777777777 0.0171875
0 0.33819444444444446 0.237890625 0.034722222222222224 0.02109375
0 0.8798611111111111 0.24453125 0.043055555555555555 0.04375
0 0.8319444444444445 0.226171875 0.041666666666666664 0.02890625
0 0.3909722222222222 0.202734375 0.043055555555555555 0.02265625
0 0.3034722222222222 0.18125 0.06527777777777778 0.0203125
0 0.33402777777777776 0.14609375 0.06527777777777778 0.0265625
0 0.9333333333333333 0.1140625 0.06111111111111111 0.05
