0 0.8881944444444444 0.7328125 0.05138888888888889 0.0265625
0 0.34305555555555556 0.678125 0.1111111111111111 0.03125
0 0.33194444444444443 0.65 0.06111111111111111 0.034375
0 0.4652777777777778 0.609765625 0.044444444444444446 0.02734375
0 0.8451388888888889 0.55625 0.02361111111111111 0.0140625
0 0.64375 0.55078125 0.04861111111111111 0.025
0 0.37777777777777777 0.5203125 0.04722222222222222 0.025
0 0.33055555555555555 0.515234375 0.044444444444444446 0.02890625
0 0.6194444444444445 0.504296875 0.05 0.03046875
0 0.7125 0.46484375 0.09722222222222222 0.034375
0 0.43472222222222223 0.440234375 0.03333333333333333 0.02734375
0 0.6020833333333333 0.43046875 0.04861111111111111 0.0265625
0 0.46597222222222223 0.4078125 0.04861111111111111 0.025
0 0.7131944444444445 0.40625 0.04027777777777778 0.025
0 0.44583333333333336 0.383203125 0.030555555555555555 0.01328125
0 0.5131944444444444 0.3828125 0.05138888888888889 0.0296875
0 0.6263888888888889 0.356640625 0.044444444444444446 0.02109375
0 0.7236111111111111 0.3578125 0.10277777777777777 0.0328125
0 0.28958333333333336 0.3484375 0.034722222222222224 0.021875
0 0.3368055555555556 0.337109375 0.04027777777777778 0.01484375
0 0.5965277777777778 0.326953125 0.029166666666666667 0.01015625
0 0.42986111111111114 0.277734375 0.04027777777777778 0.02109375
0 0.5 0.26953125 0.03333333333333333 0.0203125
0 0.3993055555555556 0.25 0.029166666666666667 0.0109375
0 0.5347222222222222 0.253125 0.044444444444444446 0.028125
0 0.5138888888888888 0.230078125 0.05277777777777778 0.01328125
0 0.7472222222222222 0.208984375 0.03611111111111111 0.02734375
0 0.47430555555555554 0.173046875 0.0375 0.01640625
0 0.6784722222222223 0.158984375 0.02638888888888889 0.02265625
0 0.5118055555555555 0.18046875 0.10972222222222222 0.0765625
0 0.6340277777777777 0.125390625 0.034722222222222224 0.01484375
0 0.5729166666666666 0.046875 0.04861111111111111 0.034375
