0 0.3958333333333333 0.62265625 0.05 0.025
0 0.24444444444444444 0.60703125 0.05 0.0296875
0 0.07152777777777777 0.57890625 0.0625 0.0609375
0 0.4979166666666667 0.528125 0.05416666666666667 0.0296875
0 0.09583333333333334 0.51875 0.05277777777777778 0.0328125
0 0.4076388888888889 0.49921875 0.07361111111111111 0.0375
0 0.28888888888888886 0.492578125 0.075 0.03515625
0 0.49444444444444446 0.473828125 0.044444444444444446 0.02734375
0 0.5180555555555556 0.44453125 0.05555555555555555 0.03125
0 0.4652777777777778 0.425390625 0.03888888888888889 0.02578125
0 0.41875 0.41953125 0.04027777777777778 0.025
0 0.01597222222222222 0.421484375 0.03194444444444444 0.03359375
0 0.35555555555555557 0.411328125 0.06666666666666667 0.04140625
0 0.3527777777777778 0.328125 0.03888888888888889 0.0171875
0 0.44305555555555554 0.311328125 0.04722222222222222 0.02109375
0 0.45625 0.248046875 0.07083333333333333 0.05078125
0 0.2520833333333333 0.0984375 0.05416666666666667 0.0296875
0 0.36875 0.08203125 0.03194444444444444 0.0140625
0 0.275 0.07734375 0.04722222222222222 0.0234375
