0 0.8388888888888889 0.6734375 0.041666666666666664 0.025
0 0.3236111111111111 0.623046875 0.025 0.02109375
0 0.21944444444444444 0.600390625 0.025 0.01796875
0 0.5673611111111111 0.595703125 0.04583333333333333 0.02578125
0 0.05416666666666667 0.581640625 0.03611111111111111 0.02109375
0 0.3819444444444444 0.590234375 0.044444444444444446 0.04609375
0 0.5270833333333333 0.566796875 0.034722222222222224 0.01484375
0 0.4465277777777778 0.536328125 0.02638888888888889 0.01328125
0 0.85 0.53203125 0.03888888888888889 0.015625
0 0.71875 0.512109375 0.05138888888888889 0.02265625
0 0.6555555555555556 0.49453125 0.03611111111111111 0.021875
0 0.5590277777777778 0.460546875 0.043055555555555555 0.01796875
0 0.7041666666666667 0.45390625 0.044444444444444446 0.01875
0 0.0798611111111111 0.437890625 0.05694444444444444 0.02265625
0 0.8368055555555556 0.41015625 0.04861111111111111 0.0203125
0 0.5923611111111111 0.384375 0.02638888888888889 0.0140625
0 0.7381944444444445 0.36640625 0.05416666666666667 0.0171875
0 0.4847222222222222 0.365625 0.019444444444444445 0.028125
0 0.3034722222222222 0.355859375 0.04861111111111111 0.02109375
0 0.9673611111111111 0.333984375 0.034722222222222224 0.01796875
0 0.8576388888888888 0.333203125 0.029166666666666667 0.01640625
0 0.8138888888888889 0.322265625 0.03888888888888889 0.02109375
0 0.3736111111111111 0.32578125 0.05 0.028125
0 0.5076388888888889 0.31875 0.04027777777777778 0.021875
0 0.4465277777777778 0.30703125 0.034722222222222224 0.0203125
0 0.6798611111111111 0.262109375 0.0375 0.02421875
0 0.6611111111111111 0.237890625 0.025 0.01484375
0 0.010416666666666666 0.216796875 0.018055555555555554 0.02265625
0 0.007638888888888889 0.196484375 0.0125 0.01796875
0 0.6854166666666667 0.149609375 0.05416666666666667 0.02890625
0 0.8020833333333334 0.14140625 0.034722222222222224 0.0203125
0 0.8909722222222223 0.144921875 0.09305555555555556 0.05390625
0 0.7736111111111111 0.1203125 0.04722222222222222 0.025
0 0.7680555555555556 0.0953125 0.044444444444444446 0.015625
0 0.7145833333333333 0.093359375 0.02361111111111111 0.01953125
0 0.7597222222222222 0.067578125 0.030555555555555555 0.01484375
0 0.9715277777777778 0.05859375 0.05138888888888889 0.0296875
0 0.07083333333333333 0.046875 0.03611111111111111 0.021875
0 0.7076388888888889 0.04453125 0.05416666666666667 0.0296875
0 0.8951388888888889 0.035546875 0.07361111111111111 0.05234375
0 0.7361111111111112 0.01328125 0.05555555555555555 0.0265625
0 0.14930555555555555 0.0140625 0.06805555555555555 0.028125
