0 0.6354166666666666 0.77265625 0.0763888888888889 0.034375
0 0.5590277777777778 0.738671875 0.05138888888888889 0.02890625
0 0.3020833333333333 0.727734375 0.043055555555555555 0.03359375
0 0.4826388888888889 0.71171875 0.06805555555555555 0.025
0 0.3388888888888889 0.648046875 0.030555555555555555 0.02890625
0 0.3888888888888889 0.622265625 0.044444444444444446 0.03671875
0 0.3506944444444444 0.603515625 0.029166666666666667 0.01171875
0 0.28680555555555554 0.616796875 0.0763888888888889 0.03984375
0 0.4861111111111111 0.558203125 0.07777777777777778 0.05703125
0 0.37777777777777777 0.498046875 0.03888888888888889 0.02265625
0 0.18819444444444444 0.502734375 0.06527777777777778 0.03359375
0 0.4340277777777778 0.46953125 0.05694444444444444 0.01875
0 0.5798611111111112 0.475 0.059722222222222225 0.034375
0 0.10902777777777778 0.471484375 0.04861111111111111 0.03359375
0 0.5069444444444444 0.459375 0.03888888888888889 0.0140625
0 0.26805555555555555 0.44921875 0.058333333333333334 0.03125
0 0.3597222222222222 0.4375 0.044444444444444446 0.0234375
0 0.6805555555555556 0.4015625 0.05555555555555555 0.0375
0 0.95625 0.398046875 0.06805555555555555 0.03515625
0 0.8694444444444445 0.390234375 0.07222222222222222 0.04921875
0 0.30486111111111114 0.34921875 0.04583333333333333 0.015625
0 0.11805555555555555 0.32890625 0.06666666666666667 0.0390625
0 0.3423611111111111 0.28515625 0.05694444444444444 0.0296875
0 0.20694444444444443 0.3015625 0.08055555555555556 0.0796875
0 0.44930555555555557 0.277734375 0.06527777777777778 0.03359375
0 0.9854166666666667 0.2734375 0.02638888888888889 0.0265625
0 0.5361111111111111 0.266015625 0.058333333333333334 0.03828125
0 0.3034722222222222 0.25390625 0.04861111111111111 0.0296875
0 0.15347222222222223 0.262890625 0.07083333333333333 0.04765625
0 0.975 0.238671875 0.05 0.04453125
0 0.37222222222222223 0.224609375 0.03888888888888889 0.04140625
0 0.3173611111111111 0.215234375 0.05416666666666667 0.04140625
0 0.48680555555555555 0.1796875 0.05138888888888889 0.034375
0 0.43125 0.144921875 0.04861111111111111 0.03515625
0 0.48541666666666666 0.138671875 0.04027777777777778 0.03984375
0 0.3138888888888889 0.13671875 0.06944444444444445 0.040625
0 0.4152777777777778 0.101953125 0.06388888888888888 0.03984375
0 0.3597222222222222 0.024609375 0.041666666666666664 0.01484375
0 0.35694444444444445 0.0109375 0.06388888888888888 0.021875
