0 0.33055555555555555 0.9875 0.03888888888888889 0.025
0 0.4888888888888889 0.941015625 0.03888888888888889 0.02109375
0 0.6972222222222222 0.925390625 0.05277777777777778 0.02578125
0 0.6319444444444444 0.9171875 0.030555555555555555 0.0171875
0 0.40208333333333335 0.918359375 0.0625 0.03359375
0 0.2 0.84453125 0.027777777777777776 0.01875
0 0.4875 0.846484375 0.03888888888888889 0.03984375
0 0.1840277777777778 0.81953125 0.02638888888888889 0.0203125
0 0.8215277777777777 0.810546875 0.0763888888888889 0.02734375
0 0.7166666666666667 0.7828125 0.03611111111111111 0.01875
0 0.6555555555555556 0.78046875 0.03888888888888889 0.0203125
0 0.4909722222222222 0.77578125 0.04027777777777778 0.034375
0 0.9576388888888889 0.7703125 0.04861111111111111 0.028125
0 0.2 0.755078125 0.022222222222222223 0.01796875
0 0.5395833333333333 0.724609375 0.04583333333333333 0.02265625
0 0.14097222222222222 0.64296875 0.02361111111111111 0.015625
0 0.3451388888888889 0.642578125 0.02638888888888889 0.02421875
0 0.5590277777777778 0.634765625 0.05416666666666667 0.03203125
0 0.39444444444444443 0.61875 0.027777777777777776 0.0125
0 0.3326388888888889 0.58828125 0.04027777777777778 0.0171875
0 0.16180555555555556 0.59140625 0.059722222222222225 0.0328125
0 0.5541666666666667 0.5421875 0.044444444444444446 0.0109375
0 0.125 0.52734375 0.03333333333333333 0.025
0 0.022222222222222223 0.46875 0.03611111111111111 0.0171875
0 0.006944444444444444 0.45390625 0.011111111111111112 0.015625
0 0.6069444444444444 0.430859375 0.044444444444444446 0.02109375
0 0.11736111111111111 0.42421875 0.04027777777777778 0.021875
0 0.05138888888888889 0.42109375 0.041666666666666664 0.0171875
0 0.09375 0.39609375 0.043055555555555555 0.025
0 0.030555555555555555 0.3953125 0.05555555555555555 0.0265625
0 0.05347222222222222 0.2953125 0.0375 0.015625
0 0.03194444444444444 0.212890625 0.044444444444444446 0.02421875
0 0.55625 0.1734375 0.05694444444444444 0.040625
