0 0.9569444444444445 0.942578125 0.08055555555555556 0.04609375
0 0.08194444444444444 0.873828125 0.027777777777777776 0.01640625
0 0.21458333333333332 0.877734375 0.04027777777777778 0.02578125
0 0.6368055555555555 0.85390625 0.059722222222222225 0.0375
0 0.4673611111111111 0.819921875 0.04027777777777778 0.01796875
0 0.13958333333333334 0.812890625 0.04583333333333333 0.02890625
0 0.6458333333333334 0.809375 0.04722222222222222 0.0359375
0 0.5902777777777778 0.778125 0.07222222222222222 0.034375
0 0.42569444444444443 0.755078125 0.043055555555555555 0.01953125
0 0.6506944444444445 0.7609375 0.04583333333333333 0.0328125
0 0.6284722222222222 0.73125 0.06805555555555555 0.0296875
0 0.24791666666666667 0.702734375 0.0375 0.01484375
0 0.7416666666666667 0.709765625 0.06666666666666667 0.03828125
0 0.3763888888888889 0.698828125 0.03888888888888889 0.02421875
0 0.4708333333333333 0.69296875 0.05 0.03125
0 0.5604166666666667 0.692578125 0.05694444444444444 0.03515625
0 0.10347222222222222 0.67421875 0.034722222222222224 0.0203125
0 0.8256944444444444 0.673828125 0.07083333333333333 0.03515625
0 0.7604166666666666 0.654296875 0.059722222222222225 0.02890625
0 0.07569444444444444 0.64765625 0.034722222222222224 0.021875
0 0.39166666666666666 0.644140625 0.041666666666666664 0.02265625
0 0.12916666666666668 0.62578125 0.044444444444444446 0.03125
0 0.5638888888888889 0.61796875 0.03611111111111111 0.0171875
0 0.8763888888888889 0.60859375 0.05 0.0203125
0 0.1909722222222222 0.611328125 0.04583333333333333 0.03515625
0 0.23541666666666666 0.594921875 0.05138888888888889 0.03046875
0 0.013194444444444444 0.584375 0.02638888888888889 0.0203125
0 0.2125 0.575 0.04722222222222222 0.0171875
0 0.7923611111111111 0.572265625 0.03194444444444444 0.01953125
0 0.6993055555555555 0.548046875 0.029166666666666667 0.02578125
0 0.06041666666666667 0.532421875 0.05694444444444444 0.01796875
0 0.01597222222222222 0.5296875 0.02638888888888889 0.03125
0 0.6104166666666667 0.50078125 0.04583333333333333 0.0265625
0 0.5902777777777778 0.441015625 0.022222222222222223 0.01484375
0 0.5166666666666667 0.431640625 0.05555555555555555 0.03046875
0 0.9472222222222222 0.40703125 0.06111111111111111 0.028125
0 0.4375 0.398046875 0.05 0.01484375
0 0.8805555555555555 0.3953125 0.058333333333333334 0.028125
0 0.6631944444444444 0.3859375 0.04583333333333333 0.0125
0 0.5826388888888889 0.36171875 0.02361111111111111 0.0296875
0 0.6472222222222223 0.321484375 0.15833333333333333 0.04921875
0 0.55 0.283203125 0.044444444444444446 0.02578125
0 0.6354166666666666 0.26875 0.11527777777777778 0.0359375
0 0.5736111111111111 0.21953125 0.06111111111111111 0.028125
0 0.6194444444444445 0.19921875 0.05555555555555555 0.028125
0 0.6680555555555555 0.1875 0.044444444444444446 0.03125
0 0.6020833333333333 0.169921875 0.04583333333333333 0.02421875
0 0.61875 0.13984375 0.06527777777777778 0.0328125
0 0.5659722222222222 0.1109375 0.05694444444444444 0.0265625
