0 0.9388888888888889 0.729296875 0.10277777777777777 0.03671875
0 0.18194444444444444 0.7171875 0.05555555555555555 0.0328125
0 0.4479166666666667 0.68125 0.043055555555555555 0.021875
0 0.12361111111111112 0.696875 0.06111111111111111 0.059375
0 0.2569444444444444 0.678515625 0.05 0.03046875
0 0.013194444444444444 0.65703125 0.020833333333333332 0.025
0 0.4527777777777778 0.640625 0.05277777777777778 0.03125
0 0.25833333333333336 0.6453125 0.10833333333333334 0.04375
0 0.16875 0.6109375 0.05416666666666667 0.0328125
0 0.8368055555555556 0.573828125 0.0375 0.02421875
0 0.1597222222222222 0.567578125 0.044444444444444446 0.02265625
0 0.9881944444444445 0.565234375 0.020833333333333332 0.02109375
0 0.5951388888888889 0.5625 0.043055555555555555 0.0203125
0 0.9263888888888889 0.570703125 0.06111111111111111 0.03828125
0 0.8215277777777777 0.54375 0.06805555555555555 0.0359375
0 0.7284722222222222 0.537890625 0.0375 0.02578125
0 0.2111111111111111 0.512890625 0.03888888888888889 0.00859375
0 0.7715277777777778 0.511328125 0.07083333333333333 0.02109375
0 0.5354166666666667 0.48671875 0.015277777777777777 0.0140625
0 0.9604166666666667 0.471484375 0.029166666666666667 0.03046875
0 0.6770833333333334 0.465234375 0.02361111111111111 0.02421875
0 0.8555555555555555 0.45078125 0.06666666666666667 0.03125
0 0.39861111111111114 0.43984375 0.011111111111111112 0.0125
0 0.9895833333333334 0.410546875 0.020833333333333332 0.02734375
0 0.7430555555555556 0.365625 0.013888888888888888 0.0171875
0 0.5097222222222222 0.32734375 0.030555555555555555 0.0171875
0 0.13680555555555557 0.323828125 0.03194444444444444 0.01328125
0 0.19027777777777777 0.3203125 0.025 0.015625
0 0.6256944444444444 0.31640625 0.09305555555555556 0.0484375
0 0.5305555555555556 0.303125 0.03611111111111111 0.0265625
0 0.5791666666666667 0.283203125 0.05555555555555555 0.03203125
0 0.2861111111111111 0.265625 0.03333333333333333 0.01875
0 0.9895833333333334 0.2609375 0.018055555555555554 0.0171875
0 0.21944444444444444 0.253125 0.05 0.021875
0 0.7958333333333333 0.247265625 0.027777777777777776 0.01328125
0 0.075 0.245703125 0.06111111111111111 0.03203125
0 0.49027777777777776 0.23671875 0.030555555555555555 0.015625
0 0.7055555555555556 0.239453125 0.05555555555555555 0.02578125
0 0.9506944444444444 0.233984375 0.04583333333333333 0.02421875
0 0.8916666666666667 0.226171875 0.03611111111111111 0.01796875
0 0.7618055555555555 0.2078125 0.015277777777777777 0.0125
0 0.12569444444444444 0.204296875 0.05694444444444444 0.03046875
0 0.9743055555555555 0.194921875 0.0375 0.01640625
0 0.3104166666666667 0.195703125 0.0375 0.01953125
0 0.7930555555555555 0.19921875 0.058333333333333334 0.0296875
0 0.7409722222222223 0.17734375 0.034722222222222224 0.0203125
0 0.65625 0.17421875 0.05694444444444444 0.0296875
0 0.9756944444444444 0.16796875 0.04583333333333333 0.0265625
0 0.15 0.1625 0.04722222222222222 0.015625
0 0.8125 0.166796875 0.05 0.03515625
0 0.45625 0.15703125 0.05138888888888889 0.0203125
0 0.5180555555555556 0.14453125 0.03611111111111111 0.015625
0 0.35625 0.14140625 0.0375 0.0203125
0 0.4388888888888889 0.13515625 0.03611111111111111 0.0203125
0 0.8611111111111112 0.130859375 0.044444444444444446 0.02734375
0 0.22361111111111112 0.134765625 0.05277777777777778 0.03671875
0 0.5138888888888888 0.12421875 0.03888888888888889 0.01875
0 0.05555555555555555 0.130078125 0.05 0.03046875
0 0.9055555555555556 0.1203125 0.03888888888888889 0.0203125
0 0.175 0.122265625 0.044444444444444446 0.03203125
0 0.6784722222222223 0.10703125 0.0375 0.021875
0 0.5284722222222222 0.087890625 0.034722222222222224 0.01640625
0 0.9555555555555556 0.083984375 0.05277777777777778 0.02578125
0 0.2076388888888889 0.085546875 0.059722222222222225 0.03828125
0 0.6923611111111111 0.075390625 0.034722222222222224 0.02109375
0 0.30277777777777776 0.0671875 0.03611111111111111 0.0140625
0 0.5590277777777778 0.06796875 0.02361111111111111 0.0203125
0 0.4201388888888889 0.062890625 0.02361111111111111 0.01484375
0 0.7527777777777778 0.0578125 0.025 0.01875
0 0.4888888888888889 0.063671875 0.06111111111111111 0.03203125
0 0.06388888888888888 0.058203125 0.058333333333333334 0.03515625
0 0.8895833333333333 0.053515625 0.05694444444444444 0.03046875
0 0.7222222222222222 0.04296875 0.030555555555555555 0.0203125
0 0.7652777777777777 0.032421875 0.030555555555555555 0.01484375
0 0.9875 0.03515625 0.025 0.025
0 0.5020833333333333 0.03828125 0.0875 0.034375
0 0.9229166666666667 0.0328125 0.04861111111111111 0.025
0 0.3972222222222222 0.02578125 0.019444444444444445 0.021875
0 0.5340277777777778 0.015234375 0.02638888888888889 0.02109375
0 0.3590277777777778 0.021484375 0.0625 0.03671875
0 0.9868055555555556 0.0109375 0.02638888888888889 0.0203125
0 0.9340277777777778 0.008984375 0.05138888888888889 0.01640625
0 0.6645833333333333 0.010546875 0.034722222222222224 0.01953125
0 0.5979166666666667 0.00625 0.04027777777777778 0.0109375
0 0.32569444444444445 0.0078125 0.04027777777777778 0.0140625
0 0.5 0.00703125 0.03888888888888889 0.0140625
0 0.06111111111111111 0.0109375 0.041666666666666664 0.021875
