0 0.5284722222222222 0.706640625 0.04027777777777778 0.02421875
0 0.050694444444444445 0.655859375 0.04027777777777778 0.01953125
0 0.6590277777777778 0.651953125 0.020833333333333332 0.01796875
0 0.12291666666666666 0.6296875 0.02638888888888889 0.01875
0 0.8993055555555556 0.63671875 0.07083333333333333 0.0375
0 0.34791666666666665 0.617578125 0.04027777777777778 0.02421875
0 0.37569444444444444 0.59609375 0.02638888888888889 0.0125
0 0.8291666666666667 0.579296875 0.05555555555555555 0.03203125
0 0.9027777777777778 0.5390625 0.05555555555555555 0.028125
0 0.8118055555555556 0.52890625 0.020833333333333332 0.0171875
0 0.1423611111111111 0.528125 0.05694444444444444 0.03125
0 0.8819444444444444 0.481640625 0.025 0.02109375
0 0.21180555555555555 0.48046875 0.0375 0.0296875
0 0.03263888888888889 0.473046875 0.04583333333333333 0.03203125
0 0.1736111111111111 0.456640625 0.04722222222222222 0.02109375
0 0.6715277777777777 0.46171875 0.05416666666666667 0.0328125
0 0.50625 0.45 0.02638888888888889 0.0203125
0 0.4701388888888889 0.434375 0.02361111111111111 0.015625
0 0.53125 0.426953125 0.02361111111111111 0.01796875
0 0.6347222222222222 0.42265625 0.022222222222222223 0.0109375
0 0.4041666666666667 0.424609375 0.03611111111111111 0.01796875
0 0.9236111111111112 0.417578125 0.027777777777777776 0.01796875
0 0.8819444444444444 0.41171875 0.03333333333333333 0.01875
0 0.7465277777777778 0.406640625 0.0375 0.01640625
0 0.45694444444444443 0.39921875 0.030555555555555555 0.0203125
0 0.38819444444444445 0.397265625 0.0375 0.01640625
0 0.3472222222222222 0.39453125 0.022222222222222223 0.0125
0 0.9791666666666666 0.390625 0.025 0.0171875
0 0.9944444444444445 0.35859375 0.011111111111111112 0.021875
0 0.9506944444444444 0.356640625 0.020833333333333332 0.01796875
0 0.23194444444444445 0.353515625 0.019444444444444445 0.01484375
0 0.18819444444444444 0.326171875 0.029166666666666667 0.01953125
0 0.9291666666666667 0.326171875 0.06666666666666667 0.02890625
0 0.23680555555555555 0.3203125 0.0625 0.0390625
0 0.7430555555555556 0.31015625 0.03611111111111111 0.0265625
0 0.8458333333333333 0.27890625 0.05 0.01875
0 0.2611111111111111 0.27578125 0.030555555555555555 0.0171875
0 0.13541666666666666 0.2765625 0.06527777777777778 0.028125
0 0.7451388888888889 0.2703125 0.029166666666666667 0.01875
0 0.6416666666666667 0.26640625 0.05 0.0328125
0 0.2847222222222222 0.255078125 0.027777777777777776 0.01640625
0 0.14027777777777778 0.251171875 0.05 0.02109375
0 0.22013888888888888 0.212890625 0.0375 0.01953125
0 0.7479166666666667 0.198828125 0.04861111111111111 0.02578125
0 0.8625 0.20078125 0.041666666666666664 0.03125
0 0.20416666666666666 0.17734375 0.11388888888888889 0.0328125
0 0.125 0.15859375 0.044444444444444446 0.021875
0 0.8125 0.156640625 0.07777777777777778 0.06015625
0 0.8569444444444444 0.133984375 0.041666666666666664 0.01953125
