0 0.8402777777777778 0.70625 0.022222222222222223 0.015625
0 0.16180555555555556 0.692578125 0.0125 0.01171875
0 0.9708333333333333 0.6859375 0.013888888888888888 0.0109375
0 0.9180555555555555 0.6859375 0.05 0.021875
0 0.29375 0.66796875 0.034722222222222224 0.0171875
0 0.9222222222222223 0.659765625 0.016666666666666666 0.01015625
0 0.35 0.660546875 0.027777777777777776 0.02109375
0 0.8097222222222222 0.651171875 0.019444444444444445 0.00703125
0 0.13680555555555557 0.65625 0.018055555555555554 0.01875
0 0.05486111111111111 0.66015625 0.043055555555555555 0.0265625
0 0.7847222222222222 0.646484375 0.019444444444444445 0.01171875
0 0.8472222222222222 0.639453125 0.013888888888888888 0.01015625
0 0.04027777777777778 0.632421875 0.03333333333333333 0.01015625
0 0.3638888888888889 0.63046875 0.019444444444444445 0.0140625
0 0.4791666666666667 0.631640625 0.027777777777777776 0.01796875
0 0.21180555555555555 0.623046875 0.02638888888888889 0.00703125
0 0.7875 0.61484375 0.011111111111111112 0.0078125
0 0.8256944444444444 0.619921875 0.043055555555555555 0.02109375
0 0.30833333333333335 0.61015625 0.013888888888888888 0.0140625
0 0.5354166666666667 0.601171875 0.05138888888888889 0.02734375
0 0.5847222222222223 0.590625 0.011111111111111112 0.0109375
0 0.9833333333333333 0.59140625 0.025 0.015625
0 0.19027777777777777 0.578515625 0.027777777777777776 0.01015625
0 0.45902777777777776 0.576171875 0.020833333333333332 0.01484375
0 0.7798611111111111 0.561328125 0.02361111111111111 0.01484375
0 0.4673611111111111 0.558203125 0.02361111111111111 0.01328125
0 0.8951388888888889 0.55390625 0.015277777777777777 0.0125
0 0.7173611111111111 0.548046875 0.034722222222222224 0.02109375
0 0.49444444444444446 0.53671875 0.019444444444444445 0.0125
0 0.80625 0.53203125 0.04583333333333333 0.01875
0 0.2652777777777778 0.516796875 0.011111111111111112 0.00703125
0 0.5138888888888888 0.51171875 0.016666666666666666 0.0046875
0 0.4847222222222222 0.513671875 0.030555555555555555 0.01796875
0 0.49583333333333335 0.487109375 0.016666666666666666 0.01015625
0 0.575 0.483984375 0.011111111111111112 0.00546875
0 0.47291666666666665 0.477734375 0.029166666666666667 0.01328125
0 0.66875 0.42421875 0.020833333333333332 0.0109375
0 0.5972222222222222 0.424609375 0.016666666666666666 0.01328125
0 0.6256944444444444 0.422265625 0.02361111111111111 0.01328125
0 0.5409722222222222 0.410546875 0.029166666666666667 0.01953125
0 0.5659722222222222 0.384375 0.015277777777777777 0.00625
0 0.68125 0.375390625 0.0375 0.03671875
0 0.49722222222222223 0.364453125 0.025 0.01796875
0 0.6166666666666667 0.361328125 0.019444444444444445 0.01328125
0 0.75625 0.35546875 0.029166666666666667 0.0140625
0 0.8722222222222222 0.35 0.016666666666666666 0.0109375
0 0.3770833333333333 0.34296875 0.02361111111111111 0.0125
0 0.40555555555555556 0.341015625 0.041666666666666664 0.03046875
0 0.37916666666666665 0.325390625 0.027777777777777776 0.01953125
0 0.5277777777777778 0.319921875 0.022222222222222223 0.01484375
0 0.5909722222222222 0.31953125 0.0375 0.01875
0 0.9020833333333333 0.31171875 0.018055555555555554 0.0078125
0 0.7243055555555555 0.25390625 0.009722222222222222 0.009375
0 0.8215277777777777 0.243359375 0.015277777777777777 0.01171875
0 0.7902777777777777 0.2453125 0.027777777777777776 0.015625
0 0.7652777777777777 0.228125 0.027777777777777776 0.015625
0 0.61875 0.226953125 0.02361111111111111 0.01953125
0 0.5923611111111111 0.225390625 0.02361111111111111 0.01640625
0 0.8638888888888889 0.2203125 0.013888888888888888 0.009375
0 0.6743055555555556 0.219140625 0.0125 0.01328125
0 0.8055555555555556 0.216015625 0.016666666666666666 0.01796875
0 0.7069444444444445 0.21484375 0.030555555555555555 0.015625
0 0.6055555555555555 0.209375 0.013888888888888888 0.009375
0 0.6715277777777777 0.203125 0.0125 0.0125
0 0.7840277777777778 0.190234375 0.02638888888888889 0.01484375
0 0.6930555555555555 0.1765625 0.019444444444444445 0.0203125
0 0.7215277777777778 0.169921875 0.015277777777777777 0.00859375
0 0.6597222222222222 0.153515625 0.025 0.01328125
