0 0.075 0.45234375 0.027777777777777776 0.0125
0 0.7763888888888889 0.451171875 0.022222222222222223 0.02109375
0 0.03888888888888889 0.454296875 0.05555555555555555 0.02890625
0 0.8083333333333333 0.437890625 0.027777777777777776 0.01484375
0 0.17569444444444443 0.385546875 0.043055555555555555 0.01640625
0 0.7 0.366015625 0.03888888888888889 0.02109375
0 0.6659722222222222 0.3515625 0.04027777777777778 0.025
0 0.2875 0.323828125 0.044444444444444446 0.02109375
0 0.0125 0.31796875 0.022222222222222223 0.0203125
0 0.2972222222222222 0.304296875 0.030555555555555555 0.01953125
