0 0.7909722222222222 0.572265625 0.015277777777777777 0.01328125
0 0.8666666666666667 0.57890625 0.05555555555555555 0.0390625
0 0.8027777777777778 0.52890625 0.041666666666666664 0.015625
0 0.8722222222222222 0.5265625 0.041666666666666664 0.01875
0 0.2048611111111111 0.516796875 0.043055555555555555 0.02578125
0 0.12777777777777777 0.512890625 0.03888888888888889 0.02109375
0 0.6277777777777778 0.506640625 0.022222222222222223 0.01328125
0 0.17222222222222222 0.5078125 0.03333333333333333 0.01875
0 0.8680555555555556 0.496875 0.030555555555555555 0.01875
0 0.5659722222222222 0.500390625 0.04583333333333333 0.02578125
0 0.9930555555555556 0.49375 0.013888888888888888 0.01875
0 0.9402777777777778 0.492578125 0.06666666666666667 0.02890625
0 0.25069444444444444 0.487109375 0.04583333333333333 0.01953125
0 0.3423611111111111 0.46328125 0.04027777777777778 0.0171875
0 0.9916666666666667 0.4578125 0.016666666666666666 0.0125
0 0.2902777777777778 0.429296875 0.027777777777777776 0.01484375
0 0.09583333333333334 0.429296875 0.025 0.01953125
0 0.36736111111111114 0.422265625 0.02638888888888889 0.01484375
0 0.03819444444444445 0.41875 0.029166666666666667 0.01875
0 0.6326388888888889 0.408203125 0.03194444444444444 0.01171875
0 0.3 0.39609375 0.03888888888888889 0.028125
0 0.42291666666666666 0.375 0.03194444444444444 0.0171875
0 0.2222222222222222 0.36171875 0.027777777777777776 0.0203125
0 0.3541666666666667 0.359765625 0.030555555555555555 0.02109375
0 0.6381944444444444 0.351171875 0.034722222222222224 0.01796875
0 0.29097222222222224 0.346875 0.04027777777777778 0.0234375
0 0.46111111111111114 0.33515625 0.030555555555555555 0.01875
0 0.34652777777777777 0.321484375 0.043055555555555555 0.02421875
0 0.6277777777777778 0.31640625 0.03333333333333333 0.0203125
0 0.5819444444444445 0.310546875 0.03333333333333333 0.01796875
0 0.7243055555555555 0.301171875 0.02361111111111111 0.01640625
0 0.19583333333333333 0.296875 0.027777777777777776 0.015625
0 0.5368055555555555 0.2921875 0.020833333333333332 0.0125
0 0.08125 0.28828125 0.029166666666666667 0.0171875
0 0.04791666666666667 0.285546875 0.03194444444444444 0.01953125
0 0.2902777777777778 0.283984375 0.027777777777777776 0.02265625
0 0.6861111111111111 0.261328125 0.019444444444444445 0.01484375
0 0.4666666666666667 0.2640625 0.03333333333333333 0.0265625
0 0.5854166666666667 0.254296875 0.029166666666666667 0.01953125
0 0.5347222222222222 0.240625 0.016666666666666666 0.0171875
0 0.05763888888888889 0.237109375 0.02638888888888889 0.01484375
0 0.5986111111111111 0.227734375 0.022222222222222223 0.01953125
0 0.3375 0.21875 0.03888888888888889 0.0125
0 0.2923611111111111 0.21171875 0.0375 0.0203125
0 0.4777777777777778 0.208203125 0.05555555555555555 0.02109375
0 0.6180555555555556 0.205859375 0.030555555555555555 0.01953125
0 0.5361111111111111 0.20625 0.030555555555555555 0.025
0 0.1 0.203515625 0.025 0.01953125
0 0.16597222222222222 0.2046875 0.05138888888888889 0.0265625
0 0.33819444444444446 0.198046875 0.0375 0.01484375
0 0.12638888888888888 0.1890625 0.030555555555555555 0.0140625
0 0.4444444444444444 0.19140625 0.03611111111111111 0.021875
0 0.33055555555555555 0.184375 0.03888888888888889 0.01875
0 0.05694444444444444 0.173046875 0.03888888888888889 0.01328125
0 0.17152777777777778 0.1703125 0.029166666666666667 0.0109375
0 0.22569444444444445 0.183984375 0.08194444444444444 0.05234375
0 0.3013888888888889 0.16484375 0.041666666666666664 0.021875
0 0.4388888888888889 0.164453125 0.03611111111111111 0.02265625
0 0.19305555555555556 0.15703125 0.022222222222222223 0.009375
0 0.0798611111111111 0.159765625 0.0375 0.02109375
0 0.13958333333333334 0.150390625 0.03194444444444444 0.01640625
0 0.375 0.150390625 0.03611111111111111 0.02265625
0 0.40902777777777777 0.14140625 0.03194444444444444 0.0234375
0 0.27291666666666664 0.137890625 0.029166666666666667 0.01796875
0 0.22291666666666668 0.125 0.03194444444444444 0.015625
0 0.13472222222222222 0.119921875 0.027777777777777776 0.01953125
0 0.24027777777777778 0.1140625 0.027777777777777776 0.015625
0 0.2513888888888889 0.098046875 0.025 0.01484375
