0 0.9958333333333333 0.66640625 0.008333333333333333 0.015625
0 0.12569444444444444 0.641796875 0.02638888888888889 0.01796875
0 0.5527777777777778 0.625390625 0.019444444444444445 0.01484375
0 0.06666666666666667 0.601171875 0.027777777777777776 0.01484375
0 0.00625 0.595703125 0.009722222222222222 0.01328125
0 0.38125 0.586328125 0.034722222222222224 0.01484375
0 0.08472222222222223 0.58203125 0.030555555555555555 0.0171875
0 0.6361111111111111 0.57421875 0.03611111111111111 0.01875
0 0.7770833333333333 0.562890625 0.034722222222222224 0.01796875
0 0.36180555555555555 0.55234375 0.029166666666666667 0.015625
0 0.5944444444444444 0.553125 0.03333333333333333 0.01875
0 0.49583333333333335 0.55078125 0.025 0.0140625
0 0.5645833333333333 0.54140625 0.02361111111111111 0.0140625
0 0.53125 0.54375 0.043055555555555555 0.0234375
0 0.9402777777777778 0.536328125 0.05555555555555555 0.02578125
0 0.1763888888888889 0.529296875 0.027777777777777776 0.01640625
0 0.10625 0.53203125 0.029166666666666667 0.021875
0 0.01875 0.526953125 0.03194444444444444 0.01640625
0 0.28680555555555554 0.529296875 0.08194444444444444 0.02421875
0 0.36527777777777776 0.52265625 0.05 0.0171875
0 0.49027777777777776 0.521875 0.05277777777777778 0.034375
0 0.059027777777777776 0.50234375 0.02361111111111111 0.0125
0 0.12569444444444444 0.49765625 0.015277777777777777 0.0109375
0 0.7159722222222222 0.49140625 0.04861111111111111 0.0265625
0 0.27361111111111114 0.48203125 0.022222222222222223 0.0109375
0 0.16805555555555557 0.481640625 0.027777777777777776 0.01328125
0 0.7604166666666666 0.485546875 0.04861111111111111 0.02421875
0 0.9340277777777778 0.471875 0.034722222222222224 0.025
0 0.14444444444444443 0.466015625 0.03888888888888889 0.01796875
0 0.8215277777777777 0.4703125 0.05416666666666667 0.03125
0 0.47430555555555554 0.458984375 0.03194444444444444 0.02109375
0 0.6520833333333333 0.46328125 0.04861111111111111 0.03125
0 0.5673611111111111 0.453515625 0.05138888888888889 0.03359375
0 0.16527777777777777 0.432421875 0.025 0.01796875
0 0.7090277777777778 0.423828125 0.05694444444444444 0.01953125
0 0.8666666666666667 0.428125 0.05555555555555555 0.034375
0 0.5076388888888889 0.426953125 0.08194444444444444 0.03515625
0 0.3076388888888889 0.417578125 0.043055555555555555 0.01796875
0 0.9611111111111111 0.428515625 0.07777777777777778 0.05859375
0 0.6548611111111111 0.39765625 0.034722222222222224 0.021875
0 0.7361111111111112 0.3875 0.03333333333333333 0.0171875
0 0.5555555555555556 0.3734375 0.027777777777777776 0.015625
0 0.4479166666666667 0.368359375 0.034722222222222224 0.01796875
0 0.2569444444444444 0.367578125 0.058333333333333334 0.03203125
0 0.6333333333333333 0.356640625 0.041666666666666664 0.02109375
0 0.9736111111111111 0.345703125 0.025 0.01640625
0 0.36041666666666666 0.338671875 0.029166666666666667 0.00859375
0 0.5347222222222222 0.3328125 0.027777777777777776 0.0078125
0 0.9784722222222222 0.325 0.0375 0.0234375
0 0.06458333333333334 0.32265625 0.034722222222222224 0.021875
0 0.8958333333333334 0.3171875 0.03611111111111111 0.01875
0 0.3076388888888889 0.3015625 0.029166666666666667 0.01875
0 0.9034722222222222 0.295703125 0.034722222222222224 0.02109375
0 0.1763888888888889 0.303125 0.06111111111111111 0.0578125
0 0.7916666666666666 0.284375 0.03333333333333333 0.021875
0 0.027083333333333334 0.269921875 0.02638888888888889 0.01015625
0 0.9798611111111111 0.2734375 0.029166666666666667 0.025
0 0.7270833333333333 0.2734375 0.0875 0.0375
0 0.8451388888888889 0.271875 0.05138888888888889 0.0359375
0 0.3194444444444444 0.260546875 0.025 0.01328125
0 0.12916666666666668 0.26328125 0.05277777777777778 0.034375
0 0.9145833333333333 0.251171875 0.043055555555555555 0.02265625
0 0.017361111111111112 0.24453125 0.02361111111111111 0.015625
0 0.04652777777777778 0.241796875 0.02638888888888889 0.01640625
0 0.1111111111111111 0.230859375 0.016666666666666666 0.01015625
0 0.9944444444444445 0.2296875 0.008333333333333333 0.0265625
0 0.0798611111111111 0.221484375 0.03194444444444444 0.01640625
0 0.9625 0.230078125 0.05 0.03515625
0 0.9784722222222222 0.190234375 0.043055555555555555 0.03984375
0 0.8138888888888889 0.171875 0.03333333333333333 0.0171875
0 0.9201388888888888 0.162890625 0.03194444444444444 0.01640625
0 0.8527777777777777 0.148046875 0.03611111111111111 0.02265625
0 0.8347222222222223 0.125 0.027777777777777776 0.015625
0 0.9354166666666667 0.123828125 0.0375 0.01953125
0 0.8972222222222223 0.123046875 0.03611111111111111 0.02109375
0 0.8104166666666667 0.123046875 0.03194444444444444 0.02109375
0 0.7263888888888889 0.124609375 0.07222222222222222 0.02734375
0 0.6729166666666667 0.11875 0.0375 0.0234375
0 0.7729166666666667 0.103515625 0.034722222222222224 0.02421875
0 0.7416666666666667 0.096875 0.016666666666666666 0.0109375
0 0.8090277777777778 0.098828125 0.0375 0.02578125
0 0.83125 0.07265625 0.02361111111111111 0.021875
