0 0.44305555555555554 0.71328125 0.027777777777777776 0.015625
0 0.42777777777777776 0.69765625 0.027777777777777776 0.01875
0 0.48194444444444445 0.684765625 0.027777777777777776 0.01640625
0 0.9631944444444445 0.6421875 0.05138888888888889 0.0203125
0 0.6020833333333333 0.634375 0.02361111111111111 0.015625
0 0.3715277777777778 0.62734375 0.020833333333333332 0.0125
0 0.5381944444444444 0.6109375 0.02361111111111111 0.009375
0 0.2763888888888889 0.605859375 0.013888888888888888 0.01328125
0 0.7756944444444445 0.6046875 0.03194444444444444 0.0140625
0 0.49375 0.599609375 0.04027777777777778 0.02109375
0 0.23541666666666666 0.587890625 0.034722222222222224 0.01640625
0 0.7104166666666667 0.586328125 0.029166666666666667 0.01640625
0 0.6875 0.584375 0.016666666666666666 0.015625
0 0.3590277777777778 0.583203125 0.020833333333333332 0.01484375
0 0.9847222222222223 0.584765625 0.030555555555555555 0.02109375
0 0.6604166666666667 0.57890625 0.018055555555555554 0.0140625
0 0.6111111111111112 0.560546875 0.030555555555555555 0.01796875
0 0.35833333333333334 0.5609375 0.03611111111111111 0.01875
0 0.7666666666666667 0.54609375 0.030555555555555555 0.0125
0 0.7972222222222223 0.5328125 0.03333333333333333 0.0125
0 0.41597222222222224 0.53203125 0.0375 0.0203125
0 0.30625 0.53125 0.043055555555555555 0.0234375
0 0.8708333333333333 0.52578125 0.025 0.015625
0 0.6347222222222222 0.52890625 0.041666666666666664 0.0234375
0 0.8416666666666667 0.518359375 0.030555555555555555 0.01796875
0 0.3902777777777778 0.51875 0.03888888888888889 0.01875
0 0.26944444444444443 0.50625 0.04722222222222222 0.0171875
0 0.1840277777777778 0.509765625 0.043055555555555555 0.02421875
0 0.6923611111111111 0.504296875 0.0375 0.02109375
0 0.4215277777777778 0.49921875 0.0375 0.0203125
0 0.3277777777777778 0.49140625 0.027777777777777776 0.015625
0 0.08402777777777778 0.494140625 0.04027777777777778 0.02109375
0 0.7701388888888889 0.483203125 0.059722222222222225 0.03984375
0 0.42430555555555555 0.45625 0.029166666666666667 0.015625
0 0.2673611111111111 0.435546875 0.03194444444444444 0.01796875
0 0.10277777777777777 0.438671875 0.05 0.04453125
0 0.0625 0.4015625 0.04722222222222222 0.0203125
0 0.61875 0.36015625 0.03194444444444444 0.0234375
0 0.3 0.355078125 0.03333333333333333 0.01328125
0 0.25069444444444444 0.352734375 0.034722222222222224 0.02109375
0 0.5583333333333333 0.34609375 0.016666666666666666 0.0171875
0 0.44375 0.344921875 0.029166666666666667 0.01796875
0 0.5243055555555556 0.345703125 0.043055555555555555 0.02265625
0 0.28888888888888886 0.33125 0.03888888888888889 0.0203125
0 0.42569444444444443 0.32734375 0.04583333333333333 0.0265625
0 0.6875 0.31796875 0.027777777777777776 0.0140625
0 0.14652777777777778 0.31484375 0.029166666666666667 0.0171875
0 0.25763888888888886 0.30625 0.05694444444444444 0.0359375
0 0.022222222222222223 0.296484375 0.044444444444444446 0.02578125
0 0.18472222222222223 0.291796875 0.027777777777777776 0.02109375
0 0.07291666666666667 0.296875 0.07916666666666666 0.034375
0 0.4486111111111111 0.28984375 0.04722222222222222 0.025
0 0.5173611111111112 0.277734375 0.043055555555555555 0.01953125
0 0.2125 0.27265625 0.07222222222222222 0.028125
0 0.8875 0.269140625 0.06388888888888888 0.02265625
0 0.1388888888888889 0.269921875 0.044444444444444446 0.02421875
0 0.09791666666666667 0.266796875 0.04027777777777778 0.02421875
0 0.8215277777777777 0.259765625 0.0763888888888889 0.03046875
0 0.5166666666666667 0.252734375 0.041666666666666664 0.02109375
0 0.5513888888888889 0.249609375 0.03611111111111111 0.01953125
0 0.8756944444444444 0.23828125 0.03194444444444444 0.01875
0 0.33819444444444446 0.229296875 0.04861111111111111 0.02890625
0 0.2520833333333333 0.21796875 0.029166666666666667 0.0203125
0 0.10069444444444445 0.21171875 0.03194444444444444 0.015625
0 0.15555555555555556 0.225 0.10277777777777777 0.05625
0 0.73125 0.191015625 0.02638888888888889 0.01015625
0 0.37083333333333335 0.19375 0.022222222222222223 0.015625
0 0.13055555555555556 0.193359375 0.03611111111111111 0.01796875
0 0.6465277777777778 0.18828125 0.02638888888888889 0.021875
0 0.05 0.175390625 0.025 0.01484375
0 0.49583333333333335 0.163671875 0.027777777777777776 0.01171875
0 0.02013888888888889 0.165625 0.0375 0.0234375
0 0.3 0.159375 0.027777777777777776 0.015625
0 0.06458333333333334 0.15546875 0.029166666666666667 0.015625
0 0.19652777777777777 0.144921875 0.029166666666666667 0.01328125
0 0.37222222222222223 0.1328125 0.04722222222222222 0.0375
0 0.3541666666666667 0.102734375 0.016666666666666666 0.01171875
0 0.2791666666666667 0.1015625 0.025 0.015625
0 0.23333333333333334 0.09140625 0.030555555555555555 0.0296875
