0 0.03958333333333333 0.709765625 0.0625 0.02421875
0 0.55625 0.70234375 0.0875 0.0296875
0 0.34375 0.680078125 0.02361111111111111 0.01015625
0 0.45694444444444443 0.6453125 0.027777777777777776 0.0140625
0 0.5680555555555555 0.642578125 0.05555555555555555 0.03046875
0 0.37777777777777777 0.636328125 0.03888888888888889 0.01796875
0 0.34652777777777777 0.590234375 0.020833333333333332 0.01171875
0 0.5819444444444445 0.59765625 0.03888888888888889 0.028125
0 0.675 0.53828125 0.030555555555555555 0.021875
0 0.5694444444444444 0.523046875 0.05277777777777778 0.02421875
0 0.5479166666666667 0.496875 0.018055555555555554 0.021875
0 0.49027777777777776 0.492578125 0.07777777777777778 0.02578125
0 0.34930555555555554 0.48046875 0.06805555555555555 0.0359375
0 0.8854166666666666 0.462890625 0.0375 0.01484375
0 0.9458333333333333 0.453515625 0.03611111111111111 0.01484375
0 0.5965277777777778 0.4453125 0.034722222222222224 0.0375
0 0.4027777777777778 0.43203125 0.041666666666666664 0.0265625
0 0.44930555555555557 0.384375 0.02361111111111111 0.01875
0 0.7326388888888888 0.3796875 0.015277777777777777 0.0125
0 0.25833333333333336 0.381640625 0.03611111111111111 0.02578125
0 0.32013888888888886 0.38046875 0.059722222222222225 0.0265625
0 0.4013888888888889 0.371875 0.019444444444444445 0.0125
0 0.6305555555555555 0.398828125 0.1388888888888889 0.08203125
0 0.3680555555555556 0.337109375 0.019444444444444445 0.01484375
0 0.42569444444444443 0.321875 0.018055555555555554 0.009375
0 0.6875 0.318359375 0.027777777777777776 0.01171875
0 0.9743055555555555 0.305859375 0.02638888888888889 0.01484375
0 0.4673611111111111 0.274609375 0.02361111111111111 0.02890625
0 0.40069444444444446 0.272265625 0.04861111111111111 0.02890625
0 0.25416666666666665 0.26796875 0.05277777777777778 0.0328125
0 0.5493055555555556 0.24921875 0.05416666666666667 0.0265625
0 0.3875 0.24140625 0.027777777777777776 0.015625
0 0.33402777777777776 0.232421875 0.043055555555555555 0.02421875
0 0.44305555555555554 0.225390625 0.03333333333333333 0.02109375
0 0.46041666666666664 0.19375 0.034722222222222224 0.0203125
0 0.4097222222222222 0.191015625 0.06388888888888888 0.03984375
0 0.5208333333333334 0.182421875 0.03611111111111111 0.03359375
0 0.4708333333333333 0.173046875 0.03333333333333333 0.01953125
0 0.53125 0.145703125 0.06805555555555555 0.03671875
0 0.43125 0.14296875 0.06527777777777778 0.0421875
0 0.4840277777777778 0.117578125 0.04861111111111111 0.02421875
0 0.5097222222222222 0.095703125 0.03333333333333333 0.02265625
0 0.45416666666666666 0.091796875 0.05277777777777778 0.03828125
0 0.5048611111111111 0.075 0.05416666666666667 0.0265625
0 0.4840277777777778 0.04453125 0.03194444444444444 0.0265625
0 0.41875 0.05078125 0.0625 0.0421875
