0 0.9333333333333333 0.908984375 0.044444444444444446 0.02421875
0 0.9805555555555555 0.905078125 0.025 0.01953125
0 0.7645833333333333 0.732421875 0.04861111111111111 0.02890625
0 0.5451388888888888 0.73359375 0.08194444444444444 0.034375
0 0.9604166666666667 0.724609375 0.04027777777777778 0.02265625
0 0.6201388888888889 0.7234375 0.0375 0.021875
0 0.2569444444444444 0.72265625 0.05 0.0296875
0 0.17083333333333334 0.676953125 0.03333333333333333 0.01484375
0 0.6868055555555556 0.676953125 0.029166666666666667 0.02109375
0 0.5736111111111111 0.648828125 0.041666666666666664 0.01171875
0 0.6479166666666667 0.630859375 0.059722222222222225 0.03203125
0 0.49375 0.6171875 0.05416666666666667 0.0296875
0 0.9770833333333333 0.580859375 0.0375 0.01953125
0 0.5222222222222223 0.574609375 0.05555555555555555 0.02109375
0 0.4597222222222222 0.551953125 0.05 0.02109375
0 0.6305555555555555 0.538671875 0.06666666666666667 0.02734375
0 0.7159722222222222 0.53203125 0.03194444444444444 0.0171875
0 0.3388888888888889 0.53203125 0.05277777777777778 0.0265625
0 0.27569444444444446 0.52734375 0.04861111111111111 0.0265625
0 0.5791666666666667 0.514453125 0.05555555555555555 0.03046875
0 0.6375 0.483984375 0.03333333333333333 0.02265625
0 0.0375 0.47421875 0.03611111111111111 0.0203125
0 0.26458333333333334 0.476171875 0.04861111111111111 0.02578125
0 0.7784722222222222 0.458984375 0.029166666666666667 0.01484375
0 0.18888888888888888 0.465234375 0.06111111111111111 0.03046875
0 0.9 0.455078125 0.03333333333333333 0.02109375
0 0.41944444444444445 0.451953125 0.05 0.02578125
0 0.8006944444444445 0.440234375 0.03194444444444444 0.01953125
0 0.8840277777777777 0.434765625 0.02361111111111111 0.01484375
0 0.8520833333333333 0.41953125 0.04027777777777778 0.01875
0 0.9673611111111111 0.409765625 0.04027777777777778 0.02109375
0 0.8993055555555556 0.407421875 0.034722222222222224 0.01796875
0 0.5201388888888889 0.404296875 0.059722222222222225 0.02890625
0 0.38125 0.413671875 0.13194444444444445 0.04765625
0 0.27361111111111114 0.374609375 0.03888888888888889 0.01484375
0 0.9861111111111112 0.37734375 0.027777777777777776 0.0390625
0 0.42777777777777776 0.350390625 0.08888888888888889 0.02734375
0 0.2520833333333333 0.337109375 0.05694444444444444 0.03515625
0 0.53125 0.276953125 0.09305555555555556 0.05859375
0 0.4361111111111111 0.249609375 0.05555555555555555 0.05078125
0 0.6659722222222222 0.234765625 0.04861111111111111 0.02890625
0 0.4152777777777778 0.153125 0.05555555555555555 0.021875
0 0.5138888888888888 0.15546875 0.08055555555555556 0.0390625
0 0.4534722222222222 0.14140625 0.018055555555555554 0.01875
0 0.4395833333333333 0.10546875 0.04583333333333333 0.0328125
