0 0.8305555555555556 0.583203125 0.027777777777777776 0.01015625
0 0.8451388888888889 0.559765625 0.034722222222222224 0.02265625
0 0.8076388888888889 0.54765625 0.03194444444444444 0.0203125
0 0.5652777777777778 0.5296875 0.03888888888888889 0.0265625
0 0.83125 0.5203125 0.034722222222222224 0.0140625
0 0.5486111111111112 0.508203125 0.027777777777777776 0.02421875
0 0.5166666666666667 0.503515625 0.041666666666666664 0.02265625
0 0.6118055555555556 0.48828125 0.0375 0.021875
0 0.08055555555555556 0.487109375 0.03611111111111111 0.02109375
0 0.3770833333333333 0.4796875 0.034722222222222224 0.01875
0 0.7590277777777777 0.48046875 0.06527777777777778 0.0296875
0 0.027777777777777776 0.475390625 0.03333333333333333 0.01953125
0 0.25 0.482421875 0.06388888888888888 0.04921875
0 0.7361111111111112 0.45625 0.019444444444444445 0.0140625
0 0.6166666666666667 0.4515625 0.04722222222222222 0.025
0 0.9006944444444445 0.411328125 0.0375 0.02265625
0 0.3104166666666667 0.405859375 0.029166666666666667 0.01484375
0 0.05486111111111111 0.391015625 0.04583333333333333 0.02109375
0 0.03680555555555556 0.37578125 0.018055555555555554 0.0078125
0 0.9909722222222223 0.3765625 0.018055555555555554 0.025
0 0.7902777777777777 0.355078125 0.027777777777777776 0.01953125
0 0.06458333333333334 0.3453125 0.03194444444444444 0.015625
0 0.01597222222222222 0.343359375 0.02638888888888889 0.01796875
0 0.24027777777777778 0.33359375 0.030555555555555555 0.0171875
0 0.1951388888888889 0.324609375 0.02361111111111111 0.01484375
0 0.7791666666666667 0.328125 0.03888888888888889 0.025
0 0.5868055555555556 0.320703125 0.03194444444444444 0.01953125
0 0.7083333333333334 0.32109375 0.041666666666666664 0.0234375
0 0.6659722222222222 0.319140625 0.0375 0.01953125
0 0.6180555555555556 0.312109375 0.03333333333333333 0.01953125
0 0.7798611111111111 0.2578125 0.034722222222222224 0.0234375
0 0.9354166666666667 0.254296875 0.04027777777777778 0.02109375
0 0.9590277777777778 0.25546875 0.08194444444444444 0.065625
0 0.91875 0.2265625 0.043055555555555555 0.0234375
0 0.8458333333333333 0.22109375 0.044444444444444446 0.025
0 0.7555555555555555 0.2140625 0.022222222222222223 0.0140625
0 0.7833333333333333 0.212109375 0.013888888888888888 0.01171875
0 0.525 0.210546875 0.027777777777777776 0.01953125
0 0.5597222222222222 0.2109375 0.03888888888888889 0.0265625
0 0.8097222222222222 0.209765625 0.027777777777777776 0.03203125
0 0.9888888888888889 0.1984375 0.022222222222222223 0.028125
0 0.8895833333333333 0.194140625 0.07916666666666666 0.03515625
0 0.85 0.175390625 0.03611111111111111 0.02109375
0 0.9909722222222223 0.157421875 0.018055555555555554 0.02109375
0 0.7763888888888889 0.16875 0.1 0.0453125
0 0.8430555555555556 0.148046875 0.03888888888888889 0.02109375
0 0.8027777777777778 0.1109375 0.041666666666666664 0.025
0 0.9402777777777778 0.10390625 0.09166666666666666 0.0515625
