0 0.6972222222222222 0.630859375 0.044444444444444446 0.02265625
0 0.5680555555555555 0.616796875 0.044444444444444446 0.02734375
0 0.4215277777777778 0.602734375 0.04583333333333333 0.02578125
0 0.43125 0.57109375 0.029166666666666667 0.021875
0 0.7909722222222222 0.544140625 0.05138888888888889 0.02578125
0 0.4576388888888889 0.5328125 0.02638888888888889 0.0265625
0 0.70625 0.519921875 0.07361111111111111 0.03515625
0 0.6006944444444444 0.511328125 0.06805555555555555 0.03203125
0 0.7854166666666667 0.501171875 0.03194444444444444 0.01640625
0 0.12986111111111112 0.4890625 0.043055555555555555 0.025
0 0.8381944444444445 0.466796875 0.043055555555555555 0.02734375
0 0.3416666666666667 0.4546875 0.025 0.0140625
0 0.7520833333333333 0.448828125 0.0375 0.01640625
0 0.3173611111111111 0.4421875 0.0375 0.021875
0 0.6381944444444444 0.4375 0.03194444444444444 0.01875
0 0.011805555555555555 0.433203125 0.020833333333333332 0.01484375
0 0.8305555555555556 0.370703125 0.025 0.01015625
0 0.7208333333333333 0.34296875 0.03611111111111111 0.015625
0 0.7381944444444445 0.288671875 0.05416666666666667 0.03671875
0 0.6722222222222223 0.138671875 0.022222222222222223 0.01484375
0 0.5763888888888888 0.147265625 0.06388888888888888 0.03828125
