0 0.8236111111111111 0.61875 0.05555555555555555 0.0234375
0 0.8798611111111111 0.60234375 0.07083333333333333 0.0390625
0 0.8826388888888889 0.528125 0.12638888888888888 0.04375
0 0.9284722222222223 0.480078125 0.07083333333333333 0.02890625
0 0.9736111111111111 0.46328125 0.025 0.0125
0 0.9868055555555556 0.438671875 0.02638888888888889 0.01953125
0 0.8465277777777778 0.421484375 0.05416666666666667 0.02421875
0 0.9875 0.38125 0.025 0.0203125
0 0.9284722222222223 0.376953125 0.05138888888888889 0.02890625
0 0.9465277777777777 0.338671875 0.07916666666666666 0.03359375
0 0.5986111111111111 0.325 0.058333333333333334 0.034375
