0 0.9708333333333333 0.75 0.03888888888888889 0.0265625
0 0.3472222222222222 0.727734375 0.09166666666666666 0.03984375
0 0.7597222222222222 0.6890625 0.06111111111111111 0.034375
0 0.96875 0.68359375 0.059722222222222225 0.0359375
0 0.7576388888888889 0.650390625 0.04861111111111111 0.03046875
0 0.17847222222222223 0.627734375 0.029166666666666667 0.02421875
0 0.9097222222222222 0.61484375 0.03888888888888889 0.0125
0 0.1597222222222222 0.611328125 0.027777777777777776 0.01640625
0 0.5493055555555556 0.613671875 0.04027777777777778 0.03203125
0 0.5090277777777777 0.59140625 0.02638888888888889 0.0125
0 0.5138888888888888 0.573828125 0.03333333333333333 0.01796875
0 0.5479166666666667 0.56640625 0.034722222222222224 0.01875
0 0.28402777777777777 0.556640625 0.029166666666666667 0.01171875
0 0.8201388888888889 0.556640625 0.03194444444444444 0.01953125
0 0.9736111111111111 0.55625 0.04722222222222222 0.0203125
0 0.9583333333333334 0.53515625 0.03333333333333333 0.0171875
0 0.9833333333333333 0.484375 0.03333333333333333 0.0203125
0 0.9069444444444444 0.474609375 0.030555555555555555 0.01796875
0 0.4708333333333333 0.47109375 0.041666666666666664 0.021875
0 0.09097222222222222 0.472265625 0.0625 0.02578125
0 0.2708333333333333 0.46796875 0.027777777777777776 0.0203125
0 0.3173611111111111 0.473828125 0.04583333333333333 0.05390625
0 0.5291666666666667 0.445703125 0.041666666666666664 0.01796875
0 0.47152777777777777 0.425390625 0.03194444444444444 0.01328125
0 0.5555555555555556 0.424609375 0.041666666666666664 0.02421875
0 0.19722222222222222 0.40625 0.027777777777777776 0.0140625
0 0.3506944444444444 0.40625 0.04027777777777778 0.0234375
0 0.4479166666666667 0.38984375 0.020833333333333332 0.0109375
0 0.2777777777777778 0.38984375 0.030555555555555555 0.0140625
0 0.33055555555555555 0.341015625 0.044444444444444446 0.02109375
0 0.4361111111111111 0.332421875 0.030555555555555555 0.02421875
0 0.2590277777777778 0.327734375 0.05694444444444444 0.02890625
0 0.3958333333333333 0.30390625 0.06388888888888888 0.021875
0 0.5083333333333333 0.269921875 0.013888888888888888 0.01328125
0 0.3729166666666667 0.2734375 0.04583333333333333 0.0265625
0 0.5354166666666667 0.253515625 0.029166666666666667 0.01484375
0 0.31180555555555556 0.2515625 0.04583333333333333 0.0296875
0 0.27291666666666664 0.2453125 0.04583333333333333 0.028125
0 0.4340277777777778 0.2390625 0.12083333333333333 0.0296875
0 0.44027777777777777 0.201953125 0.025 0.01796875
0 0.24375 0.1984375 0.043055555555555555 0.0234375
0 0.35347222222222224 0.15703125 0.09305555555555556 0.0296875
0 0.4513888888888889 0.04375 0.075 0.0296875
