0 0.7638888888888888 0.814453125 0.05 0.02578125
0 0.6361111111111111 0.737890625 0.06388888888888888 0.03203125
0 0.7416666666666667 0.736328125 0.07222222222222222 0.03984375
0 0.03611111111111111 0.712109375 0.03611111111111111 0.02109375
0 0.71875 0.702734375 0.03194444444444444 0.02578125
0 0.46111111111111114 0.64765625 0.058333333333333334 0.0296875
0 0.16944444444444445 0.6390625 0.027777777777777776 0.015625
0 0.05486111111111111 0.5234375 0.0625 0.0234375
0 0.0125 0.275 0.022222222222222223 0.009375
0 0.1638888888888889 0.136328125 0.041666666666666664 0.02890625
0 0.11527777777777778 0.016015625 0.019444444444444445 0.01484375
