0 0.05694444444444444 0.7390625 0.044444444444444446 0.0296875
0 0.10416666666666667 0.72890625 0.019444444444444445 0.0109375
0 0.20277777777777778 0.7078125 0.025 0.01875
0 0.020833333333333332 0.6625 0.03888888888888889 0.0125
0 0.8534722222222222 0.660546875 0.04027777777777778 0.01484375
0 0.050694444444444445 0.64921875 0.03194444444444444 0.0140625
0 0.99375 0.591015625 0.0125 0.01640625
0 0.9854166666666667 0.53828125 0.02361111111111111 0.01875
0 0.9909722222222223 0.501171875 0.018055555555555554 0.01328125
0 0.5611111111111111 0.498828125 0.013888888888888888 0.01328125
0 0.45625 0.490625 0.04027777777777778 0.01875
0 0.3680555555555556 0.45859375 0.016666666666666666 0.009375
0 0.40625 0.453125 0.009722222222222222 0.0109375
0 0.5520833333333334 0.43828125 0.018055555555555554 0.00625
0 0.9319444444444445 0.438671875 0.030555555555555555 0.01796875
0 0.02638888888888889 0.428515625 0.03611111111111111 0.01484375
0 0.9881944444444445 0.361328125 0.02361111111111111 0.02578125
0 0.020833333333333332 0.369140625 0.041666666666666664 0.05703125
0 0.5145833333333333 0.2734375 0.03194444444444444 0.021875
0 0.4791666666666667 0.2640625 0.03333333333333333 0.025
0 0.013888888888888888 0.256640625 0.025 0.02421875
0 0.9923611111111111 0.2375 0.015277777777777777 0.0265625
0 0.46111111111111114 0.19609375 0.027777777777777776 0.01875
0 0.28055555555555556 0.174609375 0.03888888888888889 0.01953125
0 0.2520833333333333 0.14609375 0.04861111111111111 0.025
0 0.3013888888888889 0.1328125 0.05277777777777778 0.0375
0 0.25625 0.117578125 0.029166666666666667 0.01796875
