0 0.6076388888888888 0.740625 0.03194444444444444 0.0125
0 0.5972222222222222 0.724609375 0.025 0.01796875
0 0.6569444444444444 0.71484375 0.03333333333333333 0.021875
0 0.7777777777777778 0.659375 0.022222222222222223 0.009375
0 0.5236111111111111 0.645703125 0.025 0.01796875
0 0.04861111111111111 0.633984375 0.019444444444444445 0.01015625
0 0.43125 0.623046875 0.0125 0.01484375
0 0.7090277777777778 0.624609375 0.043055555555555555 0.02109375
0 0.07708333333333334 0.61171875 0.020833333333333332 0.015625
0 0.9743055555555555 0.60703125 0.029166666666666667 0.009375
0 0.41805555555555557 0.606640625 0.027777777777777776 0.01640625
0 0.9125 0.607421875 0.03888888888888889 0.01953125
0 0.5416666666666666 0.600390625 0.022222222222222223 0.01796875
0 0.8409722222222222 0.584765625 0.034722222222222224 0.01953125
0 0.12291666666666666 0.58046875 0.02638888888888889 0.015625
0 0.5569444444444445 0.579296875 0.03888888888888889 0.02109375
0 0.11458333333333333 0.553515625 0.029166666666666667 0.01484375
0 0.5347222222222222 0.547265625 0.03888888888888889 0.02265625
0 0.8201388888888889 0.53515625 0.02361111111111111 0.0125
0 0.21805555555555556 0.5390625 0.041666666666666664 0.021875
0 0.06875 0.534375 0.034722222222222224 0.015625
0 0.6354166666666666 0.54375 0.05694444444444444 0.0359375
0 0.03819444444444445 0.525 0.034722222222222224 0.0203125
0 0.4076388888888889 0.52421875 0.04583333333333333 0.0265625
0 0.48333333333333334 0.518359375 0.04722222222222222 0.02265625
0 0.65625 0.514453125 0.043055555555555555 0.02265625
0 0.36180555555555555 0.50703125 0.02638888888888889 0.015625
0 0.19583333333333333 0.509375 0.03611111111111111 0.0203125
0 0.3013888888888889 0.506640625 0.041666666666666664 0.02421875
0 0.9243055555555556 0.509765625 0.06805555555555555 0.03984375
0 0.41805555555555557 0.47578125 0.013888888888888888 0.0109375
0 0.1111111111111111 0.470703125 0.03888888888888889 0.02421875
0 0.5763888888888888 0.4609375 0.019444444444444445 0.0109375
0 0.1451388888888889 0.465234375 0.04583333333333333 0.02265625
0 0.6652777777777777 0.459375 0.027777777777777776 0.0140625
0 0.1951388888888889 0.45234375 0.04861111111111111 0.0296875
0 0.06805555555555555 0.44609375 0.03333333333333333 0.021875
0 0.48125 0.44140625 0.034722222222222224 0.01875
0 0.005555555555555556 0.435546875 0.011111111111111112 0.01796875
0 0.3506944444444444 0.4375 0.05138888888888889 0.0296875
0 0.9597222222222223 0.413671875 0.025 0.01015625
0 0.030555555555555555 0.4171875 0.027777777777777776 0.0203125
0 0.2298611111111111 0.405859375 0.03194444444444444 0.01484375
0 0.12291666666666666 0.409375 0.0625 0.028125
0 0.3020833333333333 0.408984375 0.06527777777777778 0.02890625
0 0.1 0.389453125 0.03333333333333333 0.01796875
0 0.16666666666666666 0.382421875 0.03333333333333333 0.01953125
0 0.7916666666666666 0.367578125 0.03888888888888889 0.01796875
0 0.04652777777777778 0.363671875 0.02638888888888889 0.01171875
0 0.024305555555555556 0.360546875 0.020833333333333332 0.01640625
0 0.8381944444444445 0.358203125 0.043055555555555555 0.02109375
0 0.075 0.35390625 0.03888888888888889 0.01875
0 0.7652777777777777 0.344140625 0.041666666666666664 0.02578125
0 0.011805555555555555 0.332421875 0.018055555555555554 0.00859375
0 0.4930555555555556 0.32421875 0.03333333333333333 0.0203125
0 0.6715277777777777 0.33046875 0.05138888888888889 0.040625
0 0.31666666666666665 0.30390625 0.03333333333333333 0.0171875
0 0.4548611111111111 0.3046875 0.03194444444444444 0.0234375
0 0.4861111111111111 0.29140625 0.025 0.021875
0 0.40069444444444446 0.288671875 0.06805555555555555 0.03671875
0 0.6993055555555555 0.279296875 0.05138888888888889 0.02578125
0 0.26458333333333334 0.280859375 0.034722222222222224 0.03359375
0 0.1909722222222222 0.28125 0.10138888888888889 0.0421875
0 0.7673611111111112 0.265234375 0.04583333333333333 0.02578125
0 0.4583333333333333 0.26015625 0.044444444444444446 0.021875
0 0.4131944444444444 0.2546875 0.043055555555555555 0.0265625
0 0.3333333333333333 0.2546875 0.09166666666666666 0.0375
0 0.7652777777777777 0.239453125 0.03888888888888889 0.02421875
0 0.8090277777777778 0.236328125 0.04027777777777778 0.02109375
0 0.5722222222222222 0.2109375 0.05 0.034375
0 0.4840277777777778 0.197265625 0.0375 0.02734375
0 0.24930555555555556 0.190625 0.029166666666666667 0.0171875
0 0.3763888888888889 0.203515625 0.11666666666666667 0.06484375
0 0.9263888888888889 0.177734375 0.025 0.01484375
0 0.28194444444444444 0.1703125 0.03333333333333333 0.01875
0 0.35555555555555557 0.15 0.04722222222222222 0.015625
0 0.3194444444444444 0.14921875 0.030555555555555555 0.01875
0 0.25416666666666665 0.1484375 0.05 0.0203125
0 0.7055555555555556 0.149609375 0.03333333333333333 0.02421875
0 0.675 0.146875 0.030555555555555555 0.021875
0 0.4708333333333333 0.134765625 0.030555555555555555 0.01328125
0 0.15902777777777777 0.1421875 0.09861111111111111 0.03125
0 0.21180555555555555 0.129296875 0.029166666666666667 0.01796875
0 0.2423611111111111 0.12578125 0.034722222222222224 0.01875
0 0.5993055555555555 0.121484375 0.0375 0.01640625
0 0.19375 0.11796875 0.02638888888888889 0.0109375
0 0.4236111111111111 0.11875 0.030555555555555555 0.0140625
0 0.2673611111111111 0.10625 0.02361111111111111 0.0109375
0 0.5555555555555556 0.094140625 0.07222222222222222 0.05390625
0 0.45 0.07109375 0.027777777777777776 0.0140625
0 0.39652777777777776 0.058984375 0.03194444444444444 0.03359375
