0 0.6694444444444444 0.649609375 0.041666666666666664 0.02578125
0 0.6291666666666667 0.64296875 0.03333333333333333 0.021875
0 0.2659722222222222 0.63046875 0.029166666666666667 0.0171875
0 0.9416666666666667 0.62890625 0.03611111111111111 0.01875
0 0.9756944444444444 0.593359375 0.034722222222222224 0.01328125
0 0.24375 0.569140625 0.03194444444444444 0.01484375
0 0.23472222222222222 0.551953125 0.041666666666666664 0.01953125
0 0.9819444444444444 0.5421875 0.027777777777777776 0.0203125
0 0.9923611111111111 0.430078125 0.015277777777777777 0.02421875
0 0.0763888888888889 0.412109375 0.030555555555555555 0.01484375
0 0.44166666666666665 0.415625 0.04722222222222222 0.0265625
0 0.3333333333333333 0.369140625 0.03611111111111111 0.01796875
0 0.41805555555555557 0.36875 0.03333333333333333 0.0234375
0 0.1076388888888889 0.359375 0.015277777777777777 0.0171875
0 0.9604166666666667 0.33046875 0.02361111111111111 0.0171875
0 0.925 0.32109375 0.03611111111111111 0.0234375
0 0.9916666666666667 0.31953125 0.016666666666666666 0.021875
0 0.4722222222222222 0.24921875 0.03888888888888889 0.028125
0 0.26319444444444445 0.230078125 0.06527777777777778 0.03046875
0 0.36666666666666664 0.21171875 0.03611111111111111 0.015625
0 0.95625 0.199609375 0.05138888888888889 0.03046875
0 0.4131944444444444 0.150390625 0.034722222222222224 0.01953125
0 0.4305555555555556 0.128125 0.058333333333333334 0.0328125
0 0.3902777777777778 0.115625 0.019444444444444445 0.015625
0 0.4354166666666667 0.092578125 0.03194444444444444 0.02265625
