0 0.9166666666666666 0.793359375 0.027777777777777776 0.01796875
0 0.8506944444444444 0.75078125 0.05138888888888889 0.0203125
0 0.4986111111111111 0.741796875 0.03333333333333333 0.01640625
0 0.6784722222222223 0.73125 0.034722222222222224 0.0203125
0 0.8472222222222222 0.721875 0.041666666666666664 0.0203125
0 0.91875 0.716015625 0.07083333333333333 0.03828125
0 0.7215277777777778 0.70234375 0.04583333333333333 0.025
0 0.5256944444444445 0.690234375 0.0375 0.01953125
0 0.8333333333333334 0.687890625 0.022222222222222223 0.01796875
0 0.3576388888888889 0.680859375 0.029166666666666667 0.02265625
0 0.8041666666666667 0.675390625 0.03611111111111111 0.01640625
0 0.3090277777777778 0.673046875 0.02638888888888889 0.01796875
0 0.9319444444444445 0.673046875 0.03611111111111111 0.01953125
0 0.41597222222222224 0.676953125 0.04861111111111111 0.02734375
0 0.9659722222222222 0.666015625 0.0375 0.01953125
0 0.3229166666666667 0.646484375 0.02638888888888889 0.01015625
0 0.25 0.653125 0.03333333333333333 0.0234375
0 0.99375 0.6359375 0.0125 0.009375
0 0.40208333333333335 0.6390625 0.05416666666666667 0.028125
0 0.3402777777777778 0.62109375 0.044444444444444446 0.0171875
0 0.8861111111111111 0.625390625 0.11388888888888889 0.03359375
0 0.8944444444444445 0.5953125 0.05555555555555555 0.025
0 0.49166666666666664 0.579296875 0.03333333333333333 0.01484375
0 0.8819444444444444 0.57265625 0.044444444444444446 0.025
0 0.35694444444444445 0.557421875 0.027777777777777776 0.00859375
0 0.4097222222222222 0.53046875 0.07222222222222222 0.0234375
0 0.4215277777777778 0.50078125 0.018055555555555554 0.0125
0 0.38333333333333336 0.502734375 0.030555555555555555 0.02265625
0 0.8625 0.298828125 0.06388888888888888 0.02734375
0 0.9201388888888888 0.275390625 0.05138888888888889 0.03046875
