0 0.5819444444444445 0.819921875 0.041666666666666664 0.02890625
0 0.5861111111111111 0.75234375 0.019444444444444445 0.0109375
0 0.4 0.740234375 0.022222222222222223 0.01796875
0 0.49930555555555556 0.711328125 0.02361111111111111 0.01328125
0 0.4708333333333333 0.709765625 0.013888888888888888 0.01015625
0 0.3909722222222222 0.714453125 0.0375 0.02734375
0 0.6506944444444445 0.64375 0.018055555555555554 0.0171875
0 0.6916666666666667 0.621875 0.041666666666666664 0.0109375
0 0.8104166666666667 0.618359375 0.03194444444444444 0.02265625
0 0.5347222222222222 0.61953125 0.044444444444444446 0.0265625
0 0.47638888888888886 0.600390625 0.019444444444444445 0.01171875
0 0.6298611111111111 0.596484375 0.05138888888888889 0.01796875
0 0.7020833333333333 0.565625 0.034722222222222224 0.01875
0 0.7472222222222222 0.516015625 0.019444444444444445 0.01328125
0 0.44027777777777777 0.538671875 0.05555555555555555 0.06171875
0 0.6986111111111111 0.5203125 0.06388888888888888 0.0265625
0 0.3 0.490625 0.027777777777777776 0.015625
0 0.3923611111111111 0.488671875 0.043055555555555555 0.01640625
0 0.3173611111111111 0.478515625 0.02638888888888889 0.01796875
0 0.5284722222222222 0.477734375 0.07083333333333333 0.02734375
0 0.32569444444444445 0.4546875 0.043055555555555555 0.015625
0 0.43680555555555556 0.455859375 0.05138888888888889 0.02578125
0 0.6041666666666666 0.439453125 0.04722222222222222 0.02578125
0 0.5027777777777778 0.428515625 0.044444444444444446 0.02265625
0 0.35208333333333336 0.4140625 0.02361111111111111 0.015625
0 0.3138888888888889 0.398828125 0.027777777777777776 0.02109375
0 0.49722222222222223 0.401953125 0.05555555555555555 0.02890625
0 0.3715277777777778 0.3828125 0.05138888888888889 0.025
0 0.46319444444444446 0.36796875 0.02361111111111111 0.0125
0 0.4340277777777778 0.355859375 0.0125 0.01328125
0 0.39791666666666664 0.351171875 0.034722222222222224 0.02109375
0 0.5152777777777777 0.34375 0.041666666666666664 0.01875
0 0.35347222222222224 0.3203125 0.015277777777777777 0.015625
0 0.3784722222222222 0.31328125 0.020833333333333332 0.0125
0 0.5465277777777777 0.319140625 0.04027777777777778 0.02578125
0 0.4423611111111111 0.31640625 0.04861111111111111 0.0265625
0 0.425 0.278125 0.041666666666666664 0.021875
0 0.5326388888888889 0.26875 0.034722222222222224 0.0234375
0 0.4284722222222222 0.23203125 0.034722222222222224 0.0171875
0 0.4847222222222222 0.227734375 0.019444444444444445 0.01953125
0 0.39305555555555555 0.21484375 0.016666666666666666 0.0078125
0 0.4618055555555556 0.212890625 0.034722222222222224 0.02734375
0 0.5409722222222222 0.192578125 0.04583333333333333 0.02265625
