0 0.16875 0.6640625 0.05138888888888889 0.034375
0 0.23125 0.655859375 0.05416666666666667 0.03046875
0 0.40694444444444444 0.64375 0.025 0.0171875
0 0.15416666666666667 0.62890625 0.03333333333333333 0.0296875
0 0.9680555555555556 0.603125 0.03333333333333333 0.0203125
0 0.3798611111111111 0.605859375 0.05138888888888889 0.02578125
0 0.5215277777777778 0.601171875 0.08194444444444444 0.03046875
0 0.12430555555555556 0.5921875 0.06527777777777778 0.0171875
0 0.9368055555555556 0.574609375 0.05416666666666667 0.03203125
0 0.6472222222222223 0.54921875 0.05 0.0328125
0 0.7395833333333334 0.540625 0.04861111111111111 0.0265625
0 0.6909722222222222 0.531640625 0.04861111111111111 0.02890625
0 0.42986111111111114 0.54140625 0.05694444444444444 0.05
0 0.25555555555555554 0.530078125 0.09166666666666666 0.04140625
0 0.5513888888888889 0.521484375 0.06111111111111111 0.03046875
0 0.9041666666666667 0.48828125 0.05555555555555555 0.0296875
0 0.3958333333333333 0.480859375 0.06388888888888888 0.03203125
0 0.8458333333333333 0.471484375 0.06666666666666667 0.03359375
0 0.6006944444444444 0.464453125 0.06527777777777778 0.03203125
0 0.2548611111111111 0.437109375 0.03194444444444444 0.01796875
0 0.3784722222222222 0.437109375 0.0625 0.03203125
0 0.9388888888888889 0.419921875 0.05555555555555555 0.02265625
0 0.7236111111111111 0.395703125 0.027777777777777776 0.01328125
0 0.4423611111111111 0.408203125 0.07083333333333333 0.04296875
0 0.9298611111111111 0.3921875 0.0625 0.0328125
0 0.7104166666666667 0.376953125 0.0375 0.01796875
0 0.2520833333333333 0.384375 0.08472222222222223 0.04375
0 0.38680555555555557 0.36484375 0.07916666666666666 0.0484375
0 0.2465277777777778 0.3375 0.09027777777777778 0.05
0 0.7111111111111111 0.33046875 0.11388888888888889 0.0421875
0 0.035416666666666666 0.2921875 0.059722222222222225 0.0171875
0 0.5152777777777777 0.301171875 0.08888888888888889 0.04921875
0 0.3527777777777778 0.269140625 0.05 0.01953125
0 0.78125 0.27265625 0.04583333333333333 0.028125
0 0.14583333333333334 0.290625 0.1 0.065625
0 0.06111111111111111 0.25390625 0.06388888888888888 0.0296875
0 0.8 0.24609375 0.05 0.0203125
0 0.3236111111111111 0.235546875 0.06111111111111111 0.02734375
0 0.8111111111111111 0.21484375 0.03888888888888889 0.0234375
0 0.7118055555555556 0.233984375 0.1597222222222222 0.06953125
0 0.03333333333333333 0.18359375 0.06666666666666667 0.034375
0 0.19791666666666666 0.163671875 0.05138888888888889 0.01640625
0 0.6743055555555556 0.155078125 0.05416666666666667 0.02578125
0 0.20972222222222223 0.1375 0.03888888888888889 0.025
0 0.8861111111111111 0.135546875 0.11388888888888889 0.08984375
0 0.10416666666666667 0.1015625 0.058333333333333334 0.028125
0 0.18819444444444444 0.090625 0.10694444444444444 0.0640625
0 0.37222222222222223 0.07421875 0.19166666666666668 0.075
0 0.12708333333333333 0.015625 0.07361111111111111 0.028125
0 0.5409722222222222 0.01015625 0.043055555555555555 0.01875
