0 0.2388888888888889 0.946875 0.05277777777777778 0.03125
0 0.9104166666666667 0.876171875 0.06527777777777778 0.03046875
0 0.8340277777777778 0.84140625 0.059722222222222225 0.028125
0 0.3138888888888889 0.845703125 0.13055555555555556 0.05859375
0 0.50625 0.826953125 0.029166666666666667 0.03203125
0 0.35555555555555557 0.81640625 0.025 0.0203125
0 0.21944444444444444 0.7890625 0.09722222222222222 0.0546875
0 0.6138888888888889 0.72421875 0.027777777777777776 0.0265625
0 0.7145833333333333 0.646875 0.04583333333333333 0.021875
0 0.6861111111111111 0.6234375 0.05277777777777778 0.021875
0 0.44583333333333336 0.598828125 0.06388888888888888 0.03203125
0 0.6659722222222222 0.594140625 0.03194444444444444 0.02421875
0 0.2701388888888889 0.56953125 0.04861111111111111 0.021875
0 0.7048611111111112 0.56796875 0.04861111111111111 0.0296875
0 0.5284722222222222 0.5453125 0.059722222222222225 0.028125
0 0.4722222222222222 0.545703125 0.05277777777777778 0.03203125
0 0.6076388888888888 0.534375 0.059722222222222225 0.0234375
0 0.4798611111111111 0.44765625 0.059722222222222225 0.04375
0 0.36736111111111114 0.41953125 0.09027777777777778 0.0375
0 0.5263888888888889 0.37890625 0.030555555555555555 0.0125
0 0.6465277777777778 0.38125 0.05694444444444444 0.028125
0 0.2951388888888889 0.373046875 0.043055555555555555 0.01328125
0 0.7215277777777778 0.3640625 0.05416666666666667 0.0328125
0 0.40555555555555556 0.367578125 0.11388888888888889 0.06796875
0 0.5034722222222222 0.316796875 0.02638888888888889 0.02421875
0 0.5590277777777778 0.299609375 0.02361111111111111 0.03046875
0 0.65625 0.281640625 0.029166666666666667 0.01328125
0 0.59375 0.28359375 0.043055555555555555 0.03125
0 0.6583333333333333 0.252734375 0.041666666666666664 0.02421875
0 0.6166666666666667 0.24921875 0.041666666666666664 0.0265625
0 0.5298611111111111 0.2453125 0.05416666666666667 0.0296875
0 0.6055555555555555 0.21640625 0.058333333333333334 0.0328125
0 0.425 0.178125 0.03611111111111111 0.021875
0 0.56875 0.115625 0.07361111111111111 0.0609375
