0 0.525 0.7375 0.05 0.0328125
0 0.5763888888888888 0.717578125 0.027777777777777776 0.01796875
0 0.69375 0.665234375 0.02361111111111111 0.01171875
0 0.44583333333333336 0.651171875 0.016666666666666666 0.01640625
0 0.35138888888888886 0.631640625 0.011111111111111112 0.01484375
0 0.6236111111111111 0.632421875 0.041666666666666664 0.02265625
0 0.33611111111111114 0.615234375 0.027777777777777776 0.01484375
0 0.8229166666666666 0.6125 0.0375 0.0203125
0 0.46041666666666664 0.60859375 0.02638888888888889 0.0171875
0 0.7451388888888889 0.58984375 0.029166666666666667 0.01875
0 0.47152777777777777 0.58671875 0.043055555555555555 0.0203125
0 0.9256944444444445 0.575 0.03194444444444444 0.0140625
0 0.029861111111111113 0.563671875 0.04027777777777778 0.01796875
0 0.9506944444444444 0.56015625 0.029166666666666667 0.0171875
0 0.9763888888888889 0.54921875 0.016666666666666666 0.0078125
0 0.4479166666666667 0.55625 0.043055555555555555 0.0265625
0 0.14027777777777778 0.550390625 0.03611111111111111 0.02421875
0 0.5451388888888888 0.552734375 0.06527777777777778 0.03828125
0 0.3194444444444444 0.53515625 0.04722222222222222 0.028125
0 0.8375 0.52578125 0.03888888888888889 0.01875
0 0.3958333333333333 0.528125 0.044444444444444446 0.0234375
0 0.5645833333333333 0.522265625 0.043055555555555555 0.02421875
0 0.27291666666666664 0.5171875 0.029166666666666667 0.0203125
0 0.2125 0.517578125 0.041666666666666664 0.02421875
0 0.41597222222222224 0.503125 0.020833333333333332 0.0109375
0 0.9222222222222223 0.505859375 0.05555555555555555 0.04140625
0 0.33055555555555555 0.48671875 0.016666666666666666 0.0125
0 0.021527777777777778 0.483984375 0.0375 0.02109375
0 0.05486111111111111 0.477734375 0.043055555555555555 0.01796875
0 0.5805555555555556 0.47265625 0.027777777777777776 0.0109375
0 0.49375 0.4703125 0.02361111111111111 0.0125
0 0.10555555555555556 0.46484375 0.04722222222222222 0.0296875
0 0.39375 0.45390625 0.03194444444444444 0.0171875
0 0.25763888888888886 0.44921875 0.05138888888888889 0.028125
0 0.13819444444444445 0.426171875 0.03194444444444444 0.02734375
0 0.035416666666666666 0.4203125 0.05138888888888889 0.01875
0 0.21319444444444444 0.41953125 0.05694444444444444 0.0265625
0 0.07222222222222222 0.392578125 0.025 0.01796875
0 0.6972222222222222 0.3734375 0.03333333333333333 0.028125
0 0.6673611111111111 0.3578125 0.04027777777777778 0.028125
0 0.4041666666666667 0.337109375 0.03888888888888889 0.02109375
0 0.575 0.3453125 0.05 0.0390625
0 0.23194444444444445 0.31796875 0.03333333333333333 0.01875
0 0.3680555555555556 0.319140625 0.03888888888888889 0.02265625
0 0.12777777777777777 0.3046875 0.05277777777777778 0.0203125
0 0.6013888888888889 0.29609375 0.05277777777777778 0.0265625
0 0.3138888888888889 0.3015625 0.06388888888888888 0.0390625
0 0.17916666666666667 0.2953125 0.03888888888888889 0.0328125
0 0.08472222222222223 0.29296875 0.06944444444444445 0.0328125
0 0.6666666666666666 0.281640625 0.041666666666666664 0.02578125
0 0.9319444444444445 0.276171875 0.03333333333333333 0.01640625
0 0.36736111111111114 0.275 0.043055555555555555 0.021875
0 0.3215277777777778 0.269921875 0.04027777777777778 0.02265625
0 0.2423611111111111 0.26875 0.09027777777777778 0.03125
0 0.9715277777777778 0.264453125 0.04583333333333333 0.02734375
0 0.6666666666666666 0.255859375 0.03611111111111111 0.02265625
0 0.7069444444444445 0.253515625 0.041666666666666664 0.02265625
0 0.8715277777777778 0.225 0.02638888888888889 0.0078125
0 0.31527777777777777 0.231640625 0.041666666666666664 0.02265625
0 0.47708333333333336 0.228125 0.05138888888888889 0.034375
0 0.3909722222222222 0.2140625 0.04027777777777778 0.0234375
0 0.16458333333333333 0.20546875 0.029166666666666667 0.01875
0 0.29375 0.2171875 0.09305555555555556 0.0578125
0 0.8284722222222223 0.194140625 0.02638888888888889 0.01640625
0 0.19722222222222222 0.185546875 0.03333333333333333 0.01953125
0 0.6125 0.172265625 0.027777777777777776 0.01171875
0 0.26666666666666666 0.164453125 0.04722222222222222 0.01484375
0 0.16041666666666668 0.161328125 0.03194444444444444 0.01640625
0 0.5763888888888888 0.1625 0.03611111111111111 0.025
0 0.3784722222222222 0.153515625 0.018055555555555554 0.01328125
0 0.07361111111111111 0.15703125 0.1 0.03125
0 0.15555555555555556 0.1421875 0.030555555555555555 0.015625
0 0.12638888888888888 0.144140625 0.030555555555555555 0.02109375
0 0.5069444444444444 0.13515625 0.025 0.0125
0 0.3368055555555556 0.136328125 0.029166666666666667 0.01484375
0 0.45902777777777776 0.123046875 0.04861111111111111 0.03359375
0 0.44930555555555557 0.0953125 0.03194444444444444 0.01875
0 0.3625 0.08984375 0.027777777777777776 0.0171875
0 0.3076388888888889 0.076953125 0.03194444444444444 0.03359375
