0 0.5493055555555556 0.858984375 0.04583333333333333 0.03359375
0 0.6055555555555555 0.854296875 0.05 0.03046875
0 0.9409722222222222 0.8078125 0.05694444444444444 0.021875
0 0.49236111111111114 0.776953125 0.043055555555555555 0.03359375
0 0.38958333333333334 0.77109375 0.034722222222222224 0.025
0 0.46319444444444446 0.7296875 0.05416666666666667 0.0296875
0 0.5659722222222222 0.718359375 0.05416666666666667 0.03203125
0 0.4930555555555556 0.6421875 0.10555555555555556 0.04375
0 0.2743055555555556 0.61015625 0.034722222222222224 0.0203125
0 0.34305555555555556 0.5953125 0.041666666666666664 0.01875
0 0.20555555555555555 0.57578125 0.03333333333333333 0.021875
0 0.4895833333333333 0.570703125 0.043055555555555555 0.01640625
0 0.32222222222222224 0.575390625 0.05277777777777778 0.03203125
0 0.3763888888888889 0.564453125 0.044444444444444446 0.03671875
0 0.5201388888888889 0.546875 0.034722222222222224 0.0265625
0 0.5715277777777777 0.5296875 0.029166666666666667 0.015625
0 0.33611111111111114 0.52890625 0.03333333333333333 0.0203125
0 0.3013888888888889 0.509765625 0.05555555555555555 0.03203125
0 0.25 0.501171875 0.06111111111111111 0.02734375
0 0.5076388888888889 0.4953125 0.07083333333333333 0.040625
0 0.2777777777777778 0.469921875 0.05555555555555555 0.02109375
0 0.36736111111111114 0.442578125 0.04027777777777778 0.02578125
0 0.6819444444444445 0.439453125 0.03611111111111111 0.02265625
0 0.6166666666666667 0.436328125 0.07222222222222222 0.05078125
0 0.18680555555555556 0.37265625 0.043055555555555555 0.0171875
0 0.4548611111111111 0.376171875 0.04861111111111111 0.02578125
0 0.4840277777777778 0.35703125 0.020833333333333332 0.0171875
0 0.49375 0.33359375 0.07083333333333333 0.025
0 0.6701388888888888 0.326953125 0.05416666666666667 0.03515625
0 0.5111111111111111 0.31640625 0.05 0.015625
0 0.5930555555555556 0.292578125 0.03888888888888889 0.02578125
0 0.3236111111111111 0.28359375 0.06111111111111111 0.03125
0 0.49236111111111114 0.253515625 0.043055555555555555 0.02421875
0 0.3819444444444444 0.240234375 0.030555555555555555 0.02578125
0 0.51875 0.224609375 0.04027777777777778 0.01953125
0 0.3763888888888889 0.18203125 0.05 0.028125
0 0.46319444444444446 0.196875 0.10972222222222222 0.0640625
0 0.4284722222222222 0.165234375 0.0375 0.02265625
0 0.4326388888888889 0.123046875 0.12361111111111112 0.05859375
0 0.43194444444444446 0.090625 0.044444444444444446 0.025
0 0.48333333333333334 0.06640625 0.06944444444444445 0.053125
