0 0.1451388888888889 0.625390625 0.03194444444444444 0.01953125
0 0.10833333333333334 0.622265625 0.030555555555555555 0.02265625
0 0.8486111111111111 0.615625 0.03888888888888889 0.021875
0 0.75625 0.61328125 0.05416666666666667 0.0234375
0 0.015277777777777777 0.613671875 0.025 0.02578125
0 0.8201388888888889 0.605859375 0.034722222222222224 0.01484375
0 0.3763888888888889 0.608984375 0.058333333333333334 0.02890625
0 0.3055555555555556 0.57109375 0.04722222222222222 0.028125
0 0.08611111111111111 0.564453125 0.041666666666666664 0.01640625
0 0.43194444444444446 0.527734375 0.03611111111111111 0.02578125
0 0.6548611111111111 0.516015625 0.02361111111111111 0.01640625
0 0.32708333333333334 0.4828125 0.02638888888888889 0.0140625
0 0.49444444444444446 0.449609375 0.03611111111111111 0.02109375
0 0.45069444444444445 0.448828125 0.04027777777777778 0.01953125
0 0.64375 0.448046875 0.0375 0.02109375
0 0.5409722222222222 0.444140625 0.03194444444444444 0.02109375
0 0.33611111111111114 0.353125 0.030555555555555555 0.0140625
0 0.5708333333333333 0.351953125 0.05 0.02421875
0 0.5090277777777777 0.3234375 0.04027777777777778 0.0171875
0 0.7069444444444445 0.309765625 0.030555555555555555 0.01796875
