0 0.12638888888888888 0.84375 0.06111111111111111 0.0328125
0 0.06041666666666667 0.7609375 0.02638888888888889 0.0234375
0 0.11388888888888889 0.755859375 0.07222222222222222 0.04921875
0 0.14583333333333334 0.728515625 0.025 0.01015625
0 0.8840277777777777 0.59765625 0.07361111111111111 0.04375
0 0.011805555555555555 0.55234375 0.020833333333333332 0.0234375
0 0.018055555555555554 0.512109375 0.03333333333333333 0.02265625
0 0.7138888888888889 0.476953125 0.04722222222222222 0.02109375
0 0.008333333333333333 0.473046875 0.011111111111111112 0.01328125
0 0.8451388888888889 0.391796875 0.04583333333333333 0.01953125
0 0.8958333333333334 0.344921875 0.03888888888888889 0.02265625
