0 0.81875 0.726953125 0.029166666666666667 0.01953125
0 0.2743055555555556 0.725390625 0.04861111111111111 0.03828125
0 0.06805555555555555 0.717578125 0.03611111111111111 0.02421875
0 0.6173611111111111 0.682421875 0.034722222222222224 0.01796875
0 0.8798611111111111 0.680859375 0.0375 0.01796875
0 0.8805555555555555 0.664453125 0.03611111111111111 0.01171875
0 0.7277777777777777 0.655078125 0.03888888888888889 0.01640625
0 0.58125 0.652734375 0.029166666666666667 0.01640625
0 0.6965277777777777 0.649609375 0.020833333333333332 0.01484375
0 0.8111111111111111 0.644921875 0.03888888888888889 0.01640625
0 0.8979166666666667 0.636328125 0.02361111111111111 0.01953125
0 0.9756944444444444 0.627734375 0.04861111111111111 0.03359375
0 0.9048611111111111 0.607421875 0.07083333333333333 0.03671875
0 0.1527777777777778 0.59375 0.022222222222222223 0.0125
0 0.24027777777777778 0.6 0.030555555555555555 0.0296875
0 0.7277777777777777 0.591796875 0.03888888888888889 0.01796875
0 0.4986111111111111 0.5890625 0.05277777777777778 0.028125
0 0.41180555555555554 0.58203125 0.029166666666666667 0.021875
0 0.29444444444444445 0.58671875 0.06388888888888888 0.03125
0 0.9111111111111111 0.559375 0.05277777777777778 0.025
0 0.8736111111111111 0.55078125 0.041666666666666664 0.021875
0 0.17916666666666667 0.54140625 0.022222222222222223 0.0171875
0 0.21180555555555555 0.544921875 0.034722222222222224 0.02734375
0 0.3729166666666667 0.5015625 0.02638888888888889 0.0234375
0 0.19652777777777777 0.491015625 0.04583333333333333 0.02109375
0 0.9680555555555556 0.462109375 0.03333333333333333 0.01484375
0 0.8909722222222223 0.446875 0.020833333333333332 0.0125
0 0.8756944444444444 0.4484375 0.015277777777777777 0.015625
0 0.81875 0.446875 0.018055555555555554 0.0171875
0 0.91875 0.44296875 0.03194444444444444 0.0125
0 0.3388888888888889 0.4484375 0.06111111111111111 0.0234375
0 0.9458333333333333 0.43671875 0.027777777777777776 0.0171875
0 0.4597222222222222 0.43671875 0.04722222222222222 0.0265625
0 0.8840277777777777 0.428515625 0.018055555555555554 0.01328125
0 0.6104166666666667 0.425 0.034722222222222224 0.0234375
0 0.8708333333333333 0.418359375 0.022222222222222223 0.01171875
0 0.3909722222222222 0.421484375 0.0375 0.02578125
0 0.5347222222222222 0.4140625 0.041666666666666664 0.03125
0 0.7944444444444444 0.403125 0.03611111111111111 0.015625
0 0.18263888888888888 0.3890625 0.02361111111111111 0.0140625
0 0.5590277777777778 0.3796875 0.08194444444444444 0.034375
0 0.5388888888888889 0.35078125 0.030555555555555555 0.025
0 0.7520833333333333 0.35078125 0.05694444444444444 0.03125
0 0.09513888888888888 0.357421875 0.07916666666666666 0.04765625
0 0.8756944444444444 0.3296875 0.02361111111111111 0.0109375
0 0.6013888888888889 0.33046875 0.044444444444444446 0.0171875
0 0.13680555555555557 0.315625 0.04583333333333333 0.0296875
0 0.2111111111111111 0.30546875 0.041666666666666664 0.021875
0 0.7361111111111112 0.275390625 0.022222222222222223 0.01015625
0 0.6527777777777778 0.2828125 0.058333333333333334 0.034375
0 0.7972222222222223 0.26796875 0.03888888888888889 0.0140625
0 0.26458333333333334 0.26953125 0.04861111111111111 0.025
0 0.8277777777777777 0.255859375 0.027777777777777776 0.01953125
0 0.33958333333333335 0.25234375 0.03194444444444444 0.0171875
0 0.9493055555555555 0.24921875 0.043055555555555555 0.0234375
0 0.14652777777777778 0.249609375 0.04861111111111111 0.02421875
0 0.28402777777777777 0.2421875 0.04583333333333333 0.021875
0 0.7826388888888889 0.242578125 0.0763888888888889 0.02578125
0 0.3104166666666667 0.234375 0.015277777777777777 0.0109375
0 0.5034722222222222 0.229296875 0.043055555555555555 0.01796875
0 0.37916666666666665 0.2296875 0.03888888888888889 0.0203125
0 0.013194444444444444 0.21953125 0.02361111111111111 0.015625
0 0.6361111111111111 0.223046875 0.05 0.03046875
0 0.12708333333333333 0.20859375 0.029166666666666667 0.0140625
0 0.8194444444444444 0.200390625 0.022222222222222223 0.01796875
0 0.32013888888888886 0.1953125 0.02361111111111111 0.0140625
0 0.4305555555555556 0.194921875 0.05555555555555555 0.03046875
0 0.27708333333333335 0.1796875 0.029166666666666667 0.0140625
0 0.95625 0.1703125 0.043055555555555555 0.021875
0 0.1638888888888889 0.164453125 0.019444444444444445 0.01484375
0 0.29097222222222224 0.151171875 0.0375 0.02109375
0 0.009722222222222222 0.15078125 0.013888888888888888 0.0234375
0 0.18541666666666667 0.147265625 0.03194444444444444 0.01796875
0 0.4513888888888889 0.148828125 0.03888888888888889 0.02421875
0 0.5847222222222223 0.1484375 0.03611111111111111 0.025
0 0.3770833333333333 0.1375 0.0375 0.0234375
0 0.34444444444444444 0.133203125 0.019444444444444445 0.02109375
0 0.1486111111111111 0.126953125 0.019444444444444445 0.01484375
0 0.32083333333333336 0.120703125 0.030555555555555555 0.01640625
0 0.10902777777777778 0.136328125 0.07083333333333333 0.05078125
0 0.011805555555555555 0.1171875 0.02361111111111111 0.0203125
0 0.5645833333333333 0.122265625 0.04027777777777778 0.03515625
0 0.4534722222222222 0.119921875 0.07361111111111111 0.03203125
0 0.3923611111111111 0.113671875 0.034722222222222224 0.01953125
0 0.13819444444444445 0.103515625 0.02361111111111111 0.01328125
0 0.024305555555555556 0.10546875 0.020833333333333332 0.0171875
0 0.10486111111111111 0.09609375 0.04027777777777778 0.015625
0 0.2659722222222222 0.09140625 0.04027777777777778 0.01875
0 0.40555555555555556 0.08828125 0.03611111111111111 0.025
0 0.5006944444444444 0.080078125 0.029166666666666667 0.01640625
0 0.44166666666666665 0.08046875 0.05277777777777778 0.0265625
0 0.09305555555555556 0.07734375 0.03888888888888889 0.0234375
0 0.05138888888888889 0.07421875 0.041666666666666664 0.025
0 0.4444444444444444 0.053515625 0.025 0.02265625
