0 0.8263888888888888 0.816796875 0.03888888888888889 0.02265625
0 0.9826388888888888 0.77890625 0.034722222222222224 0.0328125
0 0.28958333333333336 0.74140625 0.1125 0.034375
0 0.22569444444444445 0.7109375 0.05138888888888889 0.03125
0 0.3715277777777778 0.6734375 0.04583333333333333 0.025
0 0.625 0.665234375 0.022222222222222223 0.01640625
0 0.7902777777777777 0.62890625 0.03333333333333333 0.0140625
0 0.3194444444444444 0.581640625 0.03888888888888889 0.02265625
0 0.6972222222222222 0.57109375 0.030555555555555555 0.015625
0 0.2798611111111111 0.5765625 0.0375 0.028125
0 0.6673611111111111 0.554296875 0.009722222222222222 0.01171875
0 0.6138888888888889 0.560546875 0.06944444444444445 0.02578125
0 0.6715277777777777 0.5359375 0.04583333333333333 0.0234375
0 0.6159722222222223 0.520703125 0.05138888888888889 0.05078125
0 0.3923611111111111 0.503515625 0.034722222222222224 0.01640625
0 0.5465277777777777 0.493359375 0.029166666666666667 0.01796875
0 0.4236111111111111 0.474609375 0.044444444444444446 0.02578125
0 0.6652777777777777 0.474609375 0.06111111111111111 0.03203125
0 0.40902777777777777 0.446875 0.029166666666666667 0.0109375
0 0.4666666666666667 0.450390625 0.05 0.02890625
0 0.6743055555555556 0.4296875 0.04861111111111111 0.028125
0 0.5840277777777778 0.422265625 0.043055555555555555 0.02109375
0 0.27152777777777776 0.4125 0.034722222222222224 0.0265625
0 0.7173611111111111 0.40546875 0.015277777777777777 0.0203125
0 0.6909722222222222 0.3859375 0.034722222222222224 0.0265625
0 0.41458333333333336 0.34765625 0.034722222222222224 0.0265625
0 0.6381944444444444 0.364453125 0.06527777777777778 0.07421875
0 0.46805555555555556 0.338671875 0.03611111111111111 0.02421875
0 0.3854166666666667 0.32265625 0.034722222222222224 0.0078125
0 0.4284722222222222 0.320703125 0.02361111111111111 0.00859375
0 0.5090277777777777 0.325390625 0.05138888888888889 0.03203125
0 0.4861111111111111 0.30390625 0.06666666666666667 0.01875
0 0.7201388888888889 0.27890625 0.04027777777777778 0.028125
0 0.6326388888888889 0.230859375 0.0375 0.02421875
0 0.4895833333333333 0.2546875 0.0875 0.071875
0 0.6041666666666666 0.2015625 0.027777777777777776 0.0140625
0 0.5479166666666667 0.12421875 0.05138888888888889 0.03125
0 0.5173611111111112 0.0640625 0.04861111111111111 0.0203125
