0 0.44375 0.82734375 0.07916666666666666 0.04375
0 0.8555555555555555 0.787109375 0.06111111111111111 0.03828125
0 0.8416666666666667 0.745703125 0.06111111111111111 0.03671875
0 0.25277777777777777 0.719140625 0.03611111111111111 0.01796875
0 0.23402777777777778 0.7 0.02361111111111111 0.01875
0 0.6347222222222222 0.700390625 0.04722222222222222 0.02265625
0 0.5861111111111111 0.682421875 0.03611111111111111 0.01484375
0 0.6125 0.657421875 0.07777777777777778 0.02265625
0 0.5534722222222223 0.653515625 0.02638888888888889 0.01484375
0 0.36875 0.653515625 0.0375 0.01640625
0 0.9013888888888889 0.64609375 0.03333333333333333 0.0140625
0 0.37083333333333335 0.58828125 0.027777777777777776 0.0328125
0 0.16041666666666668 0.558203125 0.02361111111111111 0.01796875
0 0.5541666666666667 0.558984375 0.044444444444444446 0.02578125
0 0.18541666666666667 0.551953125 0.029166666666666667 0.01953125
0 0.3715277777777778 0.562890625 0.10416666666666667 0.05546875
0 0.6048611111111111 0.534375 0.0375 0.01875
0 0.8069444444444445 0.524609375 0.05277777777777778 0.02421875
0 0.5423611111111111 0.51171875 0.03194444444444444 0.0109375
0 0.6333333333333333 0.51484375 0.044444444444444446 0.021875
0 0.2826388888888889 0.497265625 0.03194444444444444 0.01796875
0 0.4340277777777778 0.492578125 0.04027777777777778 0.03046875
0 0.3625 0.483984375 0.03888888888888889 0.02578125
0 0.5222222222222223 0.4734375 0.030555555555555555 0.025
0 0.6569444444444444 0.45234375 0.022222222222222223 0.021875
0 0.7131944444444445 0.44453125 0.02361111111111111 0.009375
0 0.40694444444444444 0.43515625 0.041666666666666664 0.01875
0 0.5194444444444445 0.422265625 0.019444444444444445 0.01328125
0 0.34791666666666665 0.416796875 0.04583333333333333 0.02734375
0 0.4548611111111111 0.3953125 0.034722222222222224 0.015625
0 0.4909722222222222 0.395703125 0.04583333333333333 0.02265625
0 0.4548611111111111 0.366796875 0.04861111111111111 0.03203125
0 0.6069444444444444 0.344921875 0.019444444444444445 0.01328125
0 0.37916666666666665 0.34296875 0.08055555555555556 0.0328125
0 0.47638888888888886 0.33671875 0.03888888888888889 0.0265625
0 0.5631944444444444 0.328515625 0.015277777777777777 0.01640625
0 0.5208333333333334 0.332421875 0.041666666666666664 0.03046875
0 0.5208333333333334 0.301953125 0.041666666666666664 0.03046875
0 0.33819444444444446 0.293359375 0.04583333333333333 0.01796875
0 0.46875 0.255859375 0.020833333333333332 0.02421875
0 0.4222222222222222 0.253515625 0.06111111111111111 0.02578125
0 0.5340277777777778 0.14765625 0.04861111111111111 0.028125
0 0.5763888888888888 0.0765625 0.03333333333333333 0.0203125
0 0.6208333333333333 0.067578125 0.05 0.03671875
0 0.5326388888888889 0.0515625 0.02638888888888889 0.0171875
0 0.5694444444444444 0.0390625 0.019444444444444445 0.0125
