0 0.4777777777777778 0.65703125 0.022222222222222223 0.0171875
0 0.14444444444444443 0.64140625 0.05 0.0265625
0 0.9916666666666667 0.632421875 0.016666666666666666 0.01171875
0 0.6430555555555556 0.634375 0.022222222222222223 0.015625
0 0.7875 0.621875 0.027777777777777776 0.0109375
0 0.7152777777777778 0.60625 0.03888888888888889 0.0171875
0 0.12013888888888889 0.6046875 0.05694444444444444 0.0234375
0 0.6618055555555555 0.596484375 0.018055555555555554 0.00859375
0 0.15347222222222223 0.58671875 0.03194444444444444 0.0171875
0 0.3659722222222222 0.581640625 0.009722222222222222 0.00859375
0 0.9513888888888888 0.573046875 0.03888888888888889 0.01796875
0 0.9881944444444445 0.560546875 0.020833333333333332 0.01640625
0 0.7486111111111111 0.533203125 0.013888888888888888 0.01015625
0 0.18055555555555555 0.5265625 0.016666666666666666 0.0109375
0 0.14166666666666666 0.5296875 0.06666666666666667 0.021875
0 0.9833333333333333 0.515625 0.013888888888888888 0.009375
0 0.9 0.505859375 0.019444444444444445 0.01328125
0 0.18472222222222223 0.444140625 0.041666666666666664 0.02109375
0 0.019444444444444445 0.432421875 0.013888888888888888 0.01015625
0 0.36180555555555555 0.43515625 0.04027777777777778 0.021875
0 0.08333333333333333 0.433203125 0.03333333333333333 0.02734375
0 0.4013888888888889 0.41640625 0.019444444444444445 0.009375
0 0.17083333333333334 0.412890625 0.044444444444444446 0.02578125
0 0.5576388888888889 0.406640625 0.04583333333333333 0.02578125
0 0.49166666666666664 0.388671875 0.027777777777777776 0.01640625
0 0.45902777777777776 0.376953125 0.02638888888888889 0.01953125
0 0.5104166666666666 0.373046875 0.034722222222222224 0.01953125
0 0.175 0.341796875 0.03611111111111111 0.01796875
0 0.13680555555555557 0.337109375 0.034722222222222224 0.02265625
0 0.8590277777777777 0.310546875 0.009722222222222222 0.00546875
0 0.8513888888888889 0.301953125 0.008333333333333333 0.00546875
0 0.6527777777777778 0.301171875 0.027777777777777776 0.00859375
0 0.8173611111111111 0.28984375 0.0125 0.0078125
0 0.6715277777777777 0.2875 0.018055555555555554 0.0078125
0 0.8048611111111111 0.282421875 0.009722222222222222 0.00546875
0 0.8145833333333333 0.272265625 0.009722222222222222 0.00546875
0 0.9805555555555555 0.274609375 0.03333333333333333 0.02265625
0 0.8145833333333333 0.250390625 0.0125 0.00859375
0 0.6548611111111111 0.2484375 0.009722222222222222 0.00625
0 0.9763888888888889 0.240625 0.013888888888888888 0.00625
0 0.8194444444444444 0.2375 0.011111111111111112 0.00625
0 0.9576388888888889 0.226953125 0.015277777777777777 0.01328125
0 0.34375 0.176171875 0.04583333333333333 0.02421875
