0 0.6881944444444444 0.706640625 0.09861111111111111 0.03515625
0 0.38055555555555554 0.69140625 0.044444444444444446 0.025
0 0.26180555555555557 0.6875 0.04583333333333333 0.0375
0 0.2986111111111111 0.6765625 0.058333333333333334 0.0328125
0 0.33819444444444446 0.66015625 0.0125 0.0109375
0 0.4576388888888889 0.651953125 0.018055555555555554 0.01796875
0 0.4930555555555556 0.634765625 0.027777777777777776 0.01640625
0 0.95625 0.61484375 0.03194444444444444 0.0234375
0 0.6534722222222222 0.577734375 0.06527777777777778 0.02109375
0 0.88125 0.541015625 0.034722222222222224 0.02578125
0 0.81875 0.5421875 0.08472222222222223 0.0296875
0 0.7576388888888889 0.53515625 0.04861111111111111 0.0234375
0 0.46458333333333335 0.52890625 0.04027777777777778 0.025
0 0.8472222222222222 0.519140625 0.019444444444444445 0.01015625
0 0.6 0.493359375 0.04722222222222222 0.02109375
0 0.48194444444444445 0.40625 0.08888888888888889 0.040625
0 0.5444444444444444 0.391796875 0.044444444444444446 0.02578125
0 0.5944444444444444 0.390625 0.05 0.0328125
