0 0.4888888888888889 0.692578125 0.06666666666666667 0.03671875
0 0.8784722222222222 0.6796875 0.09861111111111111 0.065625
0 0.5041666666666667 0.6421875 0.03888888888888889 0.0203125
0 0.6590277777777778 0.625390625 0.02638888888888889 0.02265625
0 0.8243055555555555 0.6203125 0.04583333333333333 0.0234375
0 0.5354166666666667 0.590234375 0.12361111111111112 0.03984375
0 0.8847222222222222 0.577734375 0.041666666666666664 0.02109375
0 0.6194444444444445 0.575390625 0.05 0.03984375
0 0.9388888888888889 0.55 0.022222222222222223 0.0140625
0 0.8222222222222222 0.543359375 0.041666666666666664 0.01484375
0 0.9819444444444444 0.53671875 0.03611111111111111 0.021875
0 0.5215277777777778 0.539453125 0.07083333333333333 0.03984375
0 0.5708333333333333 0.526171875 0.025 0.01484375
0 0.26875 0.5125 0.029166666666666667 0.0203125
0 0.9701388888888889 0.508203125 0.034722222222222224 0.01640625
0 0.14027777777777778 0.488671875 0.019444444444444445 0.01484375
0 0.6027777777777777 0.48046875 0.04722222222222222 0.021875
0 0.07916666666666666 0.4796875 0.03611111111111111 0.0203125
0 0.9895833333333334 0.47578125 0.020833333333333332 0.025
0 0.6173611111111111 0.458984375 0.04027777777777778 0.01953125
0 0.7895833333333333 0.43828125 0.029166666666666667 0.015625
0 0.7444444444444445 0.41953125 0.03333333333333333 0.0171875
0 0.5902777777777778 0.4203125 0.03888888888888889 0.021875
0 0.8152777777777778 0.418359375 0.03611111111111111 0.02421875
0 0.8520833333333333 0.4140625 0.029166666666666667 0.0203125
0 0.4548611111111111 0.40234375 0.018055555555555554 0.015625
0 0.20555555555555555 0.399609375 0.03333333333333333 0.01796875
0 0.2298611111111111 0.3828125 0.034722222222222224 0.015625
0 0.11458333333333333 0.38203125 0.034722222222222224 0.0171875
0 0.15694444444444444 0.372265625 0.041666666666666664 0.01328125
0 0.008333333333333333 0.34375 0.013888888888888888 0.015625
0 0.3701388888888889 0.340625 0.03194444444444444 0.0125
0 0.12152777777777778 0.33359375 0.07916666666666666 0.046875
0 0.1909722222222222 0.289453125 0.06805555555555555 0.02578125
0 0.99375 0.246875 0.0125 0.0171875
0 0.07222222222222222 0.242578125 0.03611111111111111 0.02109375
0 0.9888888888888889 0.225 0.022222222222222223 0.025
0 0.02638888888888889 0.208203125 0.041666666666666664 0.02109375
0 0.8756944444444444 0.1953125 0.043055555555555555 0.0265625
0 0.9340277777777778 0.1828125 0.04583333333333333 0.021875
0 0.027777777777777776 0.163671875 0.03611111111111111 0.02109375
0 0.9770833333333333 0.153125 0.0375 0.0203125
0 0.015277777777777777 0.133984375 0.030555555555555555 0.02109375
0 0.9784722222222222 0.125390625 0.043055555555555555 0.03203125
0 0.9861111111111112 0.09140625 0.027777777777777776 0.0296875
0 0.9888888888888889 0.049609375 0.022222222222222223 0.02734375
0 0.9555555555555556 0.044140625 0.041666666666666664 0.02109375
