0 0.5590277777777778 0.815625 0.04583333333333333 0.0203125
0 0.7923611111111111 0.805078125 0.043055555555555555 0.02109375
0 0.20972222222222223 0.794921875 0.05277777777777778 0.03203125
0 0.3638888888888889 0.791015625 0.03333333333333333 0.02578125
0 0.6180555555555556 0.787890625 0.044444444444444446 0.02578125
0 0.7534722222222222 0.7578125 0.05138888888888889 0.0421875
0 0.15 0.746875 0.06111111111111111 0.03125
0 0.8604166666666667 0.716796875 0.09305555555555556 0.03515625
0 0.4513888888888889 0.70625 0.041666666666666664 0.0171875
0 0.41041666666666665 0.701953125 0.04027777777777778 0.02421875
0 0.5416666666666666 0.697265625 0.03611111111111111 0.02421875
0 0.3451388888888889 0.645703125 0.015277777777777777 0.01328125
0 0.6944444444444444 0.615234375 0.06111111111111111 0.03515625
0 0.24513888888888888 0.5921875 0.034722222222222224 0.015625
0 0.4548611111111111 0.5921875 0.04027777777777778 0.0265625
0 0.5465277777777777 0.584375 0.04027777777777778 0.021875
0 0.2013888888888889 0.562890625 0.027777777777777776 0.01640625
0 0.9541666666666667 0.559375 0.027777777777777776 0.0171875
0 0.8868055555555555 0.56171875 0.04583333333333333 0.025
0 0.6930555555555555 0.54453125 0.022222222222222223 0.0140625
0 0.9173611111111111 0.531640625 0.029166666666666667 0.01171875
0 0.23541666666666666 0.51484375 0.034722222222222224 0.0171875
0 0.024305555555555556 0.5125 0.04861111111111111 0.0265625
0 0.8618055555555556 0.508984375 0.05416666666666667 0.02265625
0 0.9076388888888889 0.503515625 0.04583333333333333 0.01953125
0 0.7451388888888889 0.496875 0.04583333333333333 0.021875
0 0.22569444444444445 0.4875 0.04027777777777778 0.021875
0 0.019444444444444445 0.448828125 0.03888888888888889 0.01328125
0 0.8166666666666667 0.446875 0.041666666666666664 0.01875
0 0.7166666666666667 0.441796875 0.04722222222222222 0.02890625
0 0.44583333333333336 0.430078125 0.022222222222222223 0.01640625
0 0.8270833333333333 0.4125 0.05138888888888889 0.01875
0 0.55 0.410546875 0.07222222222222222 0.05390625
0 0.6548611111111111 0.368359375 0.0375 0.01328125
0 0.6444444444444445 0.336328125 0.05277777777777778 0.02265625
0 0.5701388888888889 0.30390625 0.043055555555555555 0.028125
0 0.7034722222222223 0.301171875 0.05694444444444444 0.04140625
0 0.14166666666666666 0.297265625 0.07222222222222222 0.04140625
0 0.5375 0.25546875 0.05277777777777778 0.028125
0 0.5861111111111111 0.245703125 0.05277777777777778 0.02890625
0 0.7729166666666667 0.19140625 0.0875 0.0421875
0 0.5763888888888888 0.18515625 0.06944444444444445 0.0375
