0 0.9569444444444445 0.705859375 0.027777777777777776 0.01328125
0 0.6965277777777777 0.683203125 0.07083333333333333 0.04140625
0 0.9777777777777777 0.66640625 0.027777777777777776 0.01875
0 0.10833333333333334 0.65546875 0.025 0.0171875
0 0.28958333333333336 0.655078125 0.09861111111111111 0.03046875
0 0.013888888888888888 0.651171875 0.027777777777777776 0.02890625
0 0.22083333333333333 0.644140625 0.044444444444444446 0.02421875
0 0.24444444444444444 0.627734375 0.03888888888888889 0.01328125
0 0.33958333333333335 0.633984375 0.043055555555555555 0.02734375
0 0.8972222222222223 0.62265625 0.030555555555555555 0.01875
0 0.041666666666666664 0.614453125 0.07222222222222222 0.02734375
0 0.8236111111111111 0.609765625 0.03888888888888889 0.02421875
0 0.7222222222222222 0.6046875 0.044444444444444446 0.0296875
0 0.5083333333333333 0.600390625 0.04722222222222222 0.03046875
0 0.7576388888888889 0.5859375 0.02638888888888889 0.0109375
0 0.9388888888888889 0.578125 0.016666666666666666 0.0109375
0 0.9888888888888889 0.57734375 0.019444444444444445 0.0203125
0 0.4597222222222222 0.5625 0.041666666666666664 0.021875
0 0.8909722222222223 0.561328125 0.043055555555555555 0.02421875
0 0.9833333333333333 0.548046875 0.025 0.01484375
0 0.9444444444444444 0.527734375 0.030555555555555555 0.02109375
0 0.7729166666666667 0.5171875 0.03194444444444444 0.01875
0 0.16319444444444445 0.5078125 0.029166666666666667 0.009375
0 0.8486111111111111 0.507421875 0.044444444444444446 0.01953125
0 0.45416666666666666 0.5015625 0.019444444444444445 0.0140625
0 0.4152777777777778 0.496484375 0.025 0.01640625
0 0.1736111111111111 0.494921875 0.06666666666666667 0.01953125
0 0.3590277777777778 0.479296875 0.0125 0.01171875
0 0.03888888888888889 0.46875 0.027777777777777776 0.0171875
0 0.3763888888888889 0.466796875 0.025 0.01796875
0 0.5604166666666667 0.44921875 0.0125 0.0140625
0 0.5006944444444444 0.453515625 0.03194444444444444 0.02578125
0 0.5583333333333333 0.432421875 0.016666666666666666 0.01640625
0 0.4076388888888889 0.42890625 0.02638888888888889 0.015625
0 0.07361111111111111 0.430859375 0.03611111111111111 0.01953125
0 0.09791666666666667 0.4265625 0.018055555555555554 0.015625
0 0.027777777777777776 0.42734375 0.05 0.0328125
0 0.8 0.4171875 0.06111111111111111 0.0234375
0 0.8930555555555556 0.40625 0.041666666666666664 0.021875
0 0.01875 0.401171875 0.03194444444444444 0.01796875
0 0.05694444444444444 0.3984375 0.027777777777777776 0.0171875
0 0.8159722222222222 0.39453125 0.02638888888888889 0.0171875
0 0.6576388888888889 0.39140625 0.02638888888888889 0.0171875
0 0.7451388888888889 0.391015625 0.018055555555555554 0.02109375
0 0.1423611111111111 0.382421875 0.03194444444444444 0.01796875
0 0.034722222222222224 0.381640625 0.03611111111111111 0.02109375
0 0.9465277777777777 0.390625 0.09861111111111111 0.0453125
0 0.5986111111111111 0.352734375 0.027777777777777776 0.01640625
0 0.2659722222222222 0.3453125 0.02361111111111111 0.0109375
0 0.7701388888888889 0.35078125 0.12083333333333333 0.03125
0 0.29583333333333334 0.345703125 0.030555555555555555 0.02109375
0 0.6208333333333333 0.33984375 0.03611111111111111 0.0171875
0 0.10625 0.32265625 0.02638888888888889 0.0125
0 0.6951388888888889 0.3265625 0.04861111111111111 0.0234375
0 0.2972222222222222 0.321875 0.03888888888888889 0.021875
0 0.36527777777777776 0.31796875 0.03333333333333333 0.01875
0 0.7013888888888888 0.2984375 0.03888888888888889 0.01875
0 0.75 0.29296875 0.016666666666666666 0.0171875
0 0.6493055555555556 0.2890625 0.04027777777777778 0.021875
0 0.5847222222222223 0.29375 0.06111111111111111 0.0359375
0 0.20833333333333334 0.28125 0.03611111111111111 0.015625
0 0.2423611111111111 0.2796875 0.029166666666666667 0.0171875
0 0.2951388888888889 0.276953125 0.02361111111111111 0.01796875
0 0.7173611111111111 0.273828125 0.020833333333333332 0.01953125
0 0.6048611111111111 0.260546875 0.0375 0.03046875
0 0.3701388888888889 0.255078125 0.0375 0.01953125
0 0.19722222222222222 0.250390625 0.025 0.01484375
0 0.6395833333333333 0.2453125 0.03194444444444444 0.01875
0 0.4340277777777778 0.2328125 0.043055555555555555 0.021875
0 0.4201388888888889 0.1984375 0.04861111111111111 0.0296875
0 0.2465277777777778 0.18984375 0.029166666666666667 0.0140625
0 0.2125 0.190625 0.03611111111111111 0.021875
0 0.15069444444444444 0.184375 0.10138888888888889 0.071875
0 0.2791666666666667 0.15546875 0.044444444444444446 0.0234375
0 0.3416666666666667 0.14921875 0.041666666666666664 0.0171875
0 0.3972222222222222 0.137109375 0.025 0.01953125
0 0.1951388888888889 0.1125 0.0375 0.0265625
0 0.13194444444444445 0.11328125 0.05277777777777778 0.0421875
0 0.2673611111111111 0.092578125 0.04027777777777778 0.02734375
0 0.3138888888888889 0.090625 0.041666666666666664 0.025
0 0.017361111111111112 0.091796875 0.03194444444444444 0.02890625
0 0.0625 0.08359375 0.05555555555555555 0.0328125
0 0.16597222222222222 0.061328125 0.07083333333333333 0.03828125
0 0.07916666666666666 0.04296875 0.05555555555555555 0.0375
0 0.11875 0.009375 0.0375 0.0140625
0 0.05625 0.012890625 0.0375 0.02421875
