0 0.6194444444444445 0.72578125 0.041666666666666664 0.0203125
0 0.008333333333333333 0.6546875 0.016666666666666666 0.0109375
0 0.04513888888888889 0.654296875 0.034722222222222224 0.01484375
0 0.33055555555555555 0.648828125 0.058333333333333334 0.03515625
0 0.15902777777777777 0.63671875 0.05694444444444444 0.05
0 0.8888888888888888 0.6015625 0.03333333333333333 0.015625
0 0.2298611111111111 0.5796875 0.04861111111111111 0.0140625
0 0.6409722222222223 0.57734375 0.04027777777777778 0.021875
0 0.8756944444444444 0.55546875 0.034722222222222224 0.015625
0 0.5041666666666667 0.5578125 0.044444444444444446 0.0265625
0 0.8909722222222223 0.537109375 0.029166666666666667 0.01328125
0 0.4395833333333333 0.543359375 0.04861111111111111 0.02890625
0 0.3347222222222222 0.508203125 0.03888888888888889 0.02421875
0 0.4888888888888889 0.498828125 0.044444444444444446 0.01796875
0 0.41041666666666665 0.49453125 0.02638888888888889 0.0125
0 0.6222222222222222 0.458984375 0.05 0.01953125
0 0.7166666666666667 0.433203125 0.022222222222222223 0.01640625
0 0.39791666666666664 0.42890625 0.02638888888888889 0.0140625
0 0.8215277777777777 0.4171875 0.03194444444444444 0.0203125
0 0.5319444444444444 0.416796875 0.04722222222222222 0.01953125
0 0.9125 0.405859375 0.03333333333333333 0.02109375
0 0.25833333333333336 0.39921875 0.025 0.015625
0 0.09097222222222222 0.396484375 0.02638888888888889 0.02265625
0 0.6479166666666667 0.38046875 0.034722222222222224 0.015625
0 0.7645833333333333 0.382421875 0.04027777777777778 0.02109375
0 0.6048611111111111 0.3671875 0.04027777777777778 0.025
0 0.925 0.369921875 0.044444444444444446 0.03359375
0 0.16875 0.365625 0.05416666666666667 0.0265625
0 0.7104166666666667 0.360546875 0.02361111111111111 0.01796875
0 0.24791666666666667 0.351171875 0.043055555555555555 0.01953125
0 0.8777777777777778 0.355078125 0.05277777777777778 0.03203125
0 0.5833333333333334 0.3375 0.025 0.0171875
0 0.6243055555555556 0.323046875 0.02638888888888889 0.01171875
0 0.8534722222222222 0.29140625 0.05416666666666667 0.03125
0 0.4638888888888889 0.2984375 0.07222222222222222 0.05
0 0.4361111111111111 0.255078125 0.019444444444444445 0.01484375
0 0.6840277777777778 0.25390625 0.0375 0.01875
0 0.8465277777777778 0.208984375 0.034722222222222224 0.01953125
0 0.8090277777777778 0.19765625 0.03194444444444444 0.025
0 0.47847222222222224 0.195703125 0.05138888888888889 0.03046875
0 0.5958333333333333 0.1890625 0.030555555555555555 0.025
0 0.6756944444444445 0.194921875 0.09305555555555556 0.05234375
0 0.5048611111111111 0.14609375 0.020833333333333332 0.0140625
0 0.8548611111111111 0.153125 0.059722222222222225 0.0328125
0 0.5645833333333333 0.158203125 0.05416666666666667 0.04765625
0 0.55625 0.114453125 0.04027777777777778 0.02890625
0 0.8159722222222222 0.111328125 0.05138888888888889 0.03359375
0 0.7583333333333333 0.108203125 0.04722222222222222 0.02890625
0 0.6819444444444445 0.087890625 0.075 0.04921875
0 0.5 0.0765625 0.08888888888888889 0.065625
0 0.49444444444444446 0.021875 0.03333333333333333 0.0125
0 0.5256944444444445 0.01640625 0.04861111111111111 0.015625
0 0.5805555555555556 0.005859375 0.04722222222222222 0.01015625
0 0.5048611111111111 0.00234375 0.02638888888888889 0.0046875
