0 0.39444444444444443 0.74765625 0.03611111111111111 0.015625
0 0.3819444444444444 0.733203125 0.025 0.02109375
0 0.4388888888888889 0.71875 0.027777777777777776 0.01875
0 0.90625 0.677734375 0.043055555555555555 0.01953125
0 0.5590277777777778 0.671875 0.018055555555555554 0.0125
0 0.5263888888888889 0.663671875 0.03888888888888889 0.01171875
0 0.3229166666666667 0.658984375 0.018055555555555554 0.01484375
0 0.7534722222222222 0.64140625 0.04583333333333333 0.0125
0 0.22777777777777777 0.636328125 0.016666666666666666 0.01484375
0 0.4777777777777778 0.63515625 0.041666666666666664 0.0203125
0 0.9423611111111111 0.622265625 0.04027777777777778 0.02109375
0 0.6854166666666667 0.62109375 0.03194444444444444 0.0203125
0 0.20416666666666666 0.61640625 0.03333333333333333 0.015625
0 0.6402777777777777 0.612890625 0.011111111111111112 0.01796875
0 0.3263888888888889 0.611328125 0.016666666666666666 0.01953125
0 0.5986111111111111 0.59609375 0.027777777777777776 0.0171875
0 0.33819444444444446 0.589453125 0.043055555555555555 0.01953125
0 0.7659722222222223 0.5859375 0.034722222222222224 0.015625
0 0.7916666666666666 0.569921875 0.03333333333333333 0.01796875
0 0.8354166666666667 0.5625 0.03194444444444444 0.0140625
0 0.30486111111111114 0.559375 0.04583333333333333 0.0203125
0 0.01875 0.55078125 0.0375 0.021875
0 0.3993055555555556 0.55625 0.06527777777777778 0.034375
0 0.8840277777777777 0.532421875 0.02638888888888889 0.00859375
0 0.6875 0.537890625 0.03611111111111111 0.02265625
0 0.1763888888888889 0.53515625 0.05 0.0265625
0 0.25625 0.530859375 0.04583333333333333 0.02265625
0 0.7777777777777778 0.527734375 0.041666666666666664 0.01953125
0 0.41805555555555557 0.528515625 0.041666666666666664 0.02265625
0 0.13125 0.518359375 0.03194444444444444 0.01640625
0 0.06944444444444445 0.51796875 0.044444444444444446 0.021875
0 0.7631944444444444 0.50859375 0.04583333333333333 0.0234375
0 0.18611111111111112 0.490234375 0.022222222222222223 0.01328125
0 0.3861111111111111 0.4796875 0.030555555555555555 0.0109375
0 0.26180555555555557 0.45859375 0.03194444444444444 0.021875
0 0.10902777777777778 0.451171875 0.05694444444444444 0.02734375
0 0.06736111111111111 0.42265625 0.05138888888888889 0.0234375
0 0.6118055555555556 0.38828125 0.029166666666666667 0.0234375
0 0.28194444444444444 0.375 0.03333333333333333 0.0140625
0 0.5395833333333333 0.3734375 0.05416666666666667 0.025
0 0.2833333333333333 0.34921875 0.03888888888888889 0.0203125
0 0.4388888888888889 0.357421875 0.04722222222222222 0.03984375
0 0.65625 0.34296875 0.03194444444444444 0.015625
0 0.12013888888888889 0.32890625 0.034722222222222224 0.0171875
0 0.25972222222222224 0.323828125 0.05 0.03203125
0 0.4652777777777778 0.311328125 0.04722222222222222 0.02890625
0 0.19791666666666666 0.31484375 0.05694444444444444 0.0375
0 0.8888888888888888 0.30390625 0.06111111111111111 0.0234375
0 0.8020833333333334 0.3 0.029166666666666667 0.0171875
0 0.04513888888888889 0.307421875 0.09027777777777778 0.03359375
0 0.5333333333333333 0.300390625 0.041666666666666664 0.02578125
0 0.007638888888888889 0.29453125 0.015277777777777777 0.025
0 0.8395833333333333 0.2890625 0.043055555555555555 0.021875
0 0.21736111111111112 0.287890625 0.08194444444444444 0.03203125
0 0.1423611111111111 0.281640625 0.04027777777777778 0.02890625
0 0.5354166666666667 0.27578125 0.0375 0.0203125
0 0.5715277777777777 0.27265625 0.04027777777777778 0.0171875
0 0.09861111111111111 0.276953125 0.041666666666666664 0.02578125
0 0.8763888888888889 0.272265625 0.03333333333333333 0.02265625
0 0.13125 0.2484375 0.018055555555555554 0.028125
0 0.3527777777777778 0.24609375 0.05 0.03125
0 0.2652777777777778 0.2296875 0.027777777777777776 0.021875
0 0.7222222222222222 0.221875 0.027777777777777776 0.015625
0 0.07430555555555556 0.219921875 0.03194444444444444 0.01796875
0 0.17222222222222222 0.232421875 0.08611111111111111 0.05078125
0 0.6430555555555556 0.212890625 0.027777777777777776 0.01796875
0 0.10416666666666667 0.198828125 0.03611111111111111 0.01796875
0 0.4847222222222222 0.187890625 0.027777777777777776 0.02109375
0 0.24097222222222223 0.186328125 0.029166666666666667 0.01796875
0 0.15625 0.18359375 0.04861111111111111 0.021875
0 0.022916666666666665 0.18046875 0.02361111111111111 0.0171875
0 0.00625 0.172265625 0.0125 0.01484375
0 0.2951388888888889 0.16953125 0.02361111111111111 0.015625
0 0.0798611111111111 0.17109375 0.05138888888888889 0.0375
0 0.2465277777777778 0.156640625 0.03194444444444444 0.01484375
0 0.03194444444444444 0.157421875 0.041666666666666664 0.02578125
0 0.36180555555555555 0.13828125 0.04861111111111111 0.0515625
0 0.2708333333333333 0.11171875 0.030555555555555555 0.0171875
0 0.22083333333333333 0.0984375 0.027777777777777776 0.0296875
