0 0.20416666666666666 0.63515625 0.06388888888888888 0.0265625
0 0.49027777777777776 0.63046875 0.07222222222222222 0.0328125
0 0.46944444444444444 0.57265625 0.030555555555555555 0.021875
0 0.26875 0.573828125 0.07083333333333333 0.03359375
0 0.030555555555555555 0.559375 0.027777777777777776 0.01875
0 0.6173611111111111 0.542578125 0.07083333333333333 0.02578125
0 0.5229166666666667 0.52109375 0.034722222222222224 0.0140625
0 0.45555555555555555 0.51875 0.03333333333333333 0.01875
0 0.29375 0.51328125 0.043055555555555555 0.0265625
0 0.7361111111111112 0.50625 0.03888888888888889 0.0140625
0 0.04027777777777778 0.502734375 0.03611111111111111 0.01796875
0 0.7368055555555556 0.4734375 0.0375 0.0203125
0 0.17847222222222223 0.39765625 0.034722222222222224 0.021875
0 0.36875 0.38671875 0.05416666666666667 0.0296875
0 0.23541666666666666 0.378515625 0.034722222222222224 0.02109375
0 0.03680555555555556 0.358984375 0.02361111111111111 0.01796875
0 0.011805555555555555 0.35859375 0.020833333333333332 0.0171875
0 0.15069444444444444 0.340625 0.034722222222222224 0.01875
0 0.1909722222222222 0.338671875 0.02638888888888889 0.02421875
0 0.36041666666666666 0.292578125 0.043055555555555555 0.02109375
0 0.4201388888888889 0.1828125 0.059722222222222225 0.028125
