0 0.45416666666666666 0.754296875 0.041666666666666664 0.03046875
0 0.5055555555555555 0.733203125 0.030555555555555555 0.01796875
0 0.6215277777777778 0.68203125 0.02361111111111111 0.009375
0 0.9361111111111111 0.681640625 0.027777777777777776 0.01015625
0 0.9729166666666667 0.6828125 0.029166666666666667 0.0140625
0 0.37777777777777777 0.67109375 0.022222222222222223 0.015625
0 0.2847222222222222 0.65078125 0.016666666666666666 0.015625
0 0.5472222222222223 0.648046875 0.041666666666666664 0.02265625
0 0.2638888888888889 0.633203125 0.027777777777777776 0.01953125
0 0.7472222222222222 0.62890625 0.03611111111111111 0.0203125
0 0.3909722222222222 0.6265625 0.02361111111111111 0.015625
0 0.9888888888888889 0.621875 0.022222222222222223 0.0234375
0 0.6701388888888888 0.605859375 0.03194444444444444 0.01953125
0 0.40069444444444446 0.6046875 0.04027777777777778 0.021875
0 0.8402777777777778 0.594140625 0.03333333333333333 0.01953125
0 0.8652777777777778 0.576171875 0.030555555555555555 0.01640625
0 0.8965277777777778 0.566796875 0.018055555555555554 0.00859375
0 0.3701388888888889 0.574609375 0.04027777777777778 0.02421875
0 0.06944444444444445 0.56796875 0.03888888888888889 0.021875
0 0.4701388888888889 0.5703125 0.0625 0.0359375
0 0.24375 0.555078125 0.04861111111111111 0.02734375
0 0.3236111111111111 0.547265625 0.04722222222222222 0.02421875
0 0.7569444444444444 0.544921875 0.03611111111111111 0.02109375
0 0.4888888888888889 0.540625 0.041666666666666664 0.021875
0 0.1909722222222222 0.5359375 0.034722222222222224 0.0171875
0 0.1388888888888889 0.537109375 0.041666666666666664 0.02265625
0 0.34305555555555556 0.523046875 0.022222222222222223 0.01328125
0 0.8381944444444445 0.5234375 0.05416666666666667 0.0421875
0 0.25416666666666665 0.50703125 0.013888888888888888 0.0140625
0 0.42916666666666664 0.488671875 0.027777777777777776 0.01328125
0 0.1284722222222222 0.4859375 0.034722222222222224 0.021875
0 0.030555555555555555 0.485546875 0.05 0.02890625
0 0.31875 0.473046875 0.034722222222222224 0.01796875
0 0.17916666666666667 0.469921875 0.05277777777777778 0.02890625
0 0.9909722222222223 0.459375 0.018055555555555554 0.0140625
0 0.4125 0.45625 0.027777777777777776 0.015625
0 0.06944444444444445 0.446875 0.03611111111111111 0.025
0 0.1388888888888889 0.440625 0.05555555555555555 0.0265625
0 0.6673611111111111 0.3921875 0.03194444444444444 0.021875
0 0.5888888888888889 0.3796875 0.041666666666666664 0.028125
0 0.33194444444444443 0.358203125 0.03611111111111111 0.02109375
0 0.4979166666666667 0.364453125 0.04861111111111111 0.03984375
0 0.9618055555555556 0.339453125 0.018055555555555554 0.01953125
0 0.15902777777777777 0.337890625 0.034722222222222224 0.01796875
0 0.30416666666666664 0.33515625 0.058333333333333334 0.028125
0 0.24722222222222223 0.324609375 0.05555555555555555 0.03828125
0 0.5243055555555556 0.317578125 0.04583333333333333 0.02578125
0 0.1111111111111111 0.316796875 0.041666666666666664 0.03046875
0 0.044444444444444446 0.318359375 0.08611111111111111 0.03671875
0 0.9527777777777777 0.304296875 0.03333333333333333 0.01640625
0 0.5881944444444445 0.30625 0.04861111111111111 0.0265625
0 0.8506944444444444 0.299609375 0.03194444444444444 0.01640625
0 0.29097222222222224 0.2984375 0.043055555555555555 0.0203125
0 0.24722222222222223 0.293359375 0.03888888888888889 0.02265625
0 0.16875 0.291796875 0.0875 0.03046875
0 0.8881944444444444 0.2875 0.043055555555555555 0.025
0 0.5861111111111111 0.280078125 0.03611111111111111 0.02265625
0 0.6263888888888889 0.2765625 0.03888888888888889 0.0203125
0 0.925 0.2703125 0.03333333333333333 0.0203125
0 0.40069444444444446 0.252734375 0.05694444444444444 0.03359375
0 0.31180555555555556 0.23828125 0.034722222222222224 0.025
0 0.2 0.23671875 0.041666666666666664 0.0296875
0 0.09930555555555555 0.229296875 0.03194444444444444 0.01796875
0 0.24097222222222223 0.240625 0.04861111111111111 0.053125
0 0.7555555555555555 0.2203125 0.030555555555555555 0.015625
0 0.9458333333333333 0.215234375 0.030555555555555555 0.01171875
0 0.12986111111111112 0.20859375 0.03194444444444444 0.0203125
0 0.5416666666666666 0.19296875 0.025 0.0234375
0 0.19236111111111112 0.190234375 0.04861111111111111 0.01796875
0 0.5083333333333333 0.18828125 0.030555555555555555 0.021875
0 0.10277777777777777 0.18671875 0.05 0.0203125
0 0.030555555555555555 0.183984375 0.06111111111111111 0.02578125
0 0.09375 0.1671875 0.03194444444444444 0.015625
0 0.2673611111111111 0.160546875 0.03194444444444444 0.01328125
0 0.049305555555555554 0.16640625 0.04861111111111111 0.025
0 0.4354166666666667 0.15859375 0.029166666666666667 0.0171875
0 0.3972222222222222 0.15546875 0.030555555555555555 0.0203125
0 0.3819444444444444 0.141796875 0.03611111111111111 0.02109375
0 0.11597222222222223 0.13828125 0.02361111111111111 0.0140625
0 0.38125 0.121484375 0.034722222222222224 0.01484375
0 0.2916666666666667 0.115625 0.027777777777777776 0.015625
0 0.23958333333333334 0.103125 0.029166666666666667 0.0328125
