0 0.44375 0.70078125 0.04027777777777778 0.0125
0 0.9784722222222222 0.6421875 0.02361111111111111 0.0171875
0 0.5638888888888889 0.640625 0.016666666666666666 0.01875
0 0.8666666666666667 0.637109375 0.016666666666666666 0.01484375
0 0.7256944444444444 0.62578125 0.02638888888888889 0.0203125
0 0.21736111111111112 0.627734375 0.043055555555555555 0.02421875
0 0.85625 0.615234375 0.04861111111111111 0.01484375
0 0.7930555555555555 0.593359375 0.041666666666666664 0.01328125
0 0.7409722222222223 0.5828125 0.015277777777777777 0.009375
0 0.20972222222222223 0.584375 0.08611111111111111 0.0390625
0 0.8284722222222223 0.520703125 0.03194444444444444 0.01484375
0 0.19375 0.518359375 0.03194444444444444 0.01484375
0 0.23333333333333334 0.51875 0.05555555555555555 0.01875
0 0.8916666666666667 0.506640625 0.016666666666666666 0.00859375
0 0.022916666666666665 0.512890625 0.034722222222222224 0.03828125
0 0.9743055555555555 0.494140625 0.02638888888888889 0.01171875
0 0.027777777777777776 0.476171875 0.03333333333333333 0.02890625
0 0.24930555555555556 0.430078125 0.0375 0.01953125
0 0.42777777777777776 0.4203125 0.044444444444444446 0.0234375
0 0.08541666666666667 0.4171875 0.029166666666666667 0.0171875
0 0.15347222222222223 0.417578125 0.03194444444444444 0.02109375
0 0.46944444444444444 0.40234375 0.022222222222222223 0.0109375
0 0.2375 0.398828125 0.041666666666666664 0.02421875
0 0.6319444444444444 0.394140625 0.03888888888888889 0.02578125
0 0.5659722222222222 0.375390625 0.03194444444444444 0.01328125
0 0.5326388888888889 0.365625 0.029166666666666667 0.0234375
0 0.5791666666666667 0.358984375 0.030555555555555555 0.01953125
0 0.22291666666666668 0.326171875 0.06805555555555555 0.02265625
0 0.5090277777777777 0.3140625 0.029166666666666667 0.0171875
0 0.47847222222222224 0.284765625 0.018055555555555554 0.01015625
0 0.41944444444444445 0.16171875 0.04722222222222222 0.0265625
