0 0.6298611111111111 0.640625 0.04583333333333333 0.0234375
0 0.49444444444444446 0.62890625 0.05 0.0265625
0 0.3527777777777778 0.61640625 0.05555555555555555 0.03125
0 0.36944444444444446 0.586328125 0.025 0.01328125
0 0.71875 0.553515625 0.05416666666666667 0.02578125
0 0.3729166666666667 0.546875 0.04861111111111111 0.0296875
0 0.3236111111111111 0.52578125 0.030555555555555555 0.0203125
0 0.6298611111111111 0.52734375 0.07361111111111111 0.0390625
0 0.5236111111111111 0.52109375 0.075 0.0328125
0 0.7111111111111111 0.503515625 0.03611111111111111 0.02890625
0 0.05694444444444444 0.49609375 0.041666666666666664 0.025
0 0.25972222222222224 0.4671875 0.025 0.015625
0 0.7888888888888889 0.46875 0.044444444444444446 0.0296875
0 0.6777777777777778 0.45703125 0.030555555555555555 0.0140625
0 0.23472222222222222 0.451171875 0.03333333333333333 0.01953125
0 0.6006944444444444 0.427734375 0.020833333333333332 0.00859375
0 0.6472222222222223 0.351953125 0.03611111111111111 0.01171875
0 0.6493055555555556 0.291796875 0.05694444444444444 0.03671875
0 0.4847222222222222 0.149609375 0.06111111111111111 0.03984375
