0 0.3527777777777778 0.7015625 0.019444444444444445 0.021875
0 0.02361111111111111 0.691015625 0.04722222222222222 0.02578125
0 0.5145833333333333 0.67421875 0.018055555555555554 0.0125
0 0.85625 0.6609375 0.02638888888888889 0.0203125
0 0.010416666666666666 0.65390625 0.018055555555555554 0.0265625
0 0.5972222222222222 0.644921875 0.03333333333333333 0.01328125
0 0.24861111111111112 0.64140625 0.03611111111111111 0.01875
0 0.5402777777777777 0.641015625 0.027777777777777776 0.01953125
0 0.030555555555555555 0.637890625 0.03333333333333333 0.01796875
0 0.8770833333333333 0.633203125 0.018055555555555554 0.02109375
0 0.4111111111111111 0.6328125 0.019444444444444445 0.025
0 0.5180555555555556 0.615625 0.03611111111111111 0.009375
0 0.8138888888888889 0.6078125 0.019444444444444445 0.01875
0 0.03819444444444445 0.57890625 0.029166666666666667 0.0109375
0 0.94375 0.581640625 0.02361111111111111 0.01796875
0 0.008333333333333333 0.578125 0.013888888888888888 0.0234375
0 0.9555555555555556 0.566796875 0.025 0.01015625
0 0.8333333333333334 0.555078125 0.008333333333333333 0.00859375
0 0.7006944444444444 0.558984375 0.02638888888888889 0.01640625
0 0.9951388888888889 0.546484375 0.009722222222222222 0.01015625
0 0.9819444444444444 0.523046875 0.03611111111111111 0.01796875
0 0.06388888888888888 0.49296875 0.03611111111111111 0.0171875
0 0.9909722222222223 0.490234375 0.018055555555555554 0.01796875
0 0.9590277777777778 0.47890625 0.015277777777777777 0.015625
0 0.25069444444444444 0.480078125 0.034722222222222224 0.01953125
0 0.2791666666666667 0.4625 0.016666666666666666 0.009375
0 0.052083333333333336 0.462890625 0.04583333333333333 0.02578125
0 0.42916666666666664 0.45234375 0.03888888888888889 0.028125
0 0.3701388888888889 0.43359375 0.020833333333333332 0.0171875
0 0.33958333333333335 0.42265625 0.02638888888888889 0.0203125
0 0.3909722222222222 0.4171875 0.029166666666666667 0.0171875
0 0.05416666666666667 0.39375 0.030555555555555555 0.0171875
0 0.01875 0.390234375 0.03194444444444444 0.01953125
0 0.9076388888888889 0.345703125 0.03194444444444444 0.01640625
0 0.8798611111111111 0.340625 0.02361111111111111 0.015625
0 0.9270833333333334 0.329296875 0.029166666666666667 0.01640625
0 0.8513888888888889 0.31796875 0.030555555555555555 0.021875
0 0.21388888888888888 0.231640625 0.03888888888888889 0.02421875
