0 0.6277777777777778 0.566015625 0.11388888888888889 0.03359375
0 0.48680555555555555 0.54921875 0.029166666666666667 0.01875
0 0.6861111111111111 0.536328125 0.05277777777777778 0.02421875
0 0.4986111111111111 0.525390625 0.025 0.01328125
0 0.7694444444444445 0.509375 0.04722222222222222 0.021875
0 0.4673611111111111 0.507421875 0.029166666666666667 0.01953125
0 0.4847222222222222 0.48046875 0.03333333333333333 0.01875
0 0.6590277777777778 0.464453125 0.02361111111111111 0.01640625
0 0.21875 0.475390625 0.09861111111111111 0.04296875
0 0.011805555555555555 0.45703125 0.020833333333333332 0.0171875
0 0.7881944444444444 0.45234375 0.03194444444444444 0.0140625
0 0.29444444444444445 0.45078125 0.041666666666666664 0.0203125
0 0.4048611111111111 0.449609375 0.0375 0.02109375
0 0.6909722222222222 0.437890625 0.034722222222222224 0.01796875
0 0.08055555555555556 0.433984375 0.03333333333333333 0.01796875
0 0.8541666666666666 0.4359375 0.058333333333333334 0.03125
0 0.10625 0.419921875 0.02638888888888889 0.01171875
0 0.21944444444444444 0.41328125 0.04722222222222222 0.028125
0 0.7451388888888889 0.410546875 0.05138888888888889 0.03359375
0 0.5652777777777778 0.393359375 0.025 0.02109375
0 0.8479166666666667 0.381640625 0.05694444444444444 0.03046875
0 0.6513888888888889 0.361328125 0.03333333333333333 0.02578125
0 0.6763888888888889 0.3484375 0.03611111111111111 0.0203125
0 0.9243055555555556 0.35078125 0.0375 0.0359375
0 0.8194444444444444 0.3203125 0.041666666666666664 0.0140625
0 0.49444444444444446 0.311328125 0.03611111111111111 0.01796875
0 0.013194444444444444 0.3015625 0.020833333333333332 0.015625
0 0.7472222222222222 0.3140625 0.06944444444444445 0.04375
0 0.3861111111111111 0.303125 0.075 0.0265625
0 0.30972222222222223 0.296484375 0.058333333333333334 0.02109375
0 0.9854166666666667 0.287109375 0.029166666666666667 0.02890625
0 0.6368055555555555 0.271875 0.0375 0.01875
0 0.6666666666666666 0.2625 0.027777777777777776 0.0203125
0 0.9201388888888888 0.25859375 0.03194444444444444 0.021875
0 0.6368055555555555 0.252734375 0.02638888888888889 0.01796875
0 0.43472222222222223 0.247265625 0.027777777777777776 0.01953125
0 0.9479166666666666 0.230859375 0.04027777777777778 0.01953125
0 0.8854166666666666 0.218359375 0.03194444444444444 0.01328125
0 0.99375 0.219921875 0.0125 0.01796875
0 0.5138888888888888 0.216015625 0.03888888888888889 0.01953125
0 0.69375 0.222265625 0.04861111111111111 0.03984375
0 0.46944444444444444 0.2140625 0.027777777777777776 0.025
0 0.6104166666666667 0.212109375 0.04027777777777778 0.02421875
0 0.8652777777777778 0.205859375 0.03333333333333333 0.01640625
0 0.6541666666666667 0.206640625 0.041666666666666664 0.01796875
0 0.48680555555555555 0.196484375 0.03194444444444444 0.01484375
0 0.2548611111111111 0.195703125 0.06527777777777778 0.02109375
0 0.66875 0.1859375 0.043055555555555555 0.025
0 0.45416666666666666 0.180078125 0.025 0.01328125
0 0.8597222222222223 0.176953125 0.03888888888888889 0.02265625
0 0.5506944444444445 0.183984375 0.11805555555555555 0.04609375
0 0.41805555555555557 0.171875 0.03888888888888889 0.021875
0 0.7333333333333333 0.17109375 0.04722222222222222 0.0234375
0 0.6208333333333333 0.16796875 0.041666666666666664 0.028125
0 0.4534722222222222 0.158203125 0.04027777777777778 0.02421875
0 0.5083333333333333 0.1515625 0.03888888888888889 0.01875
0 0.8076388888888889 0.15078125 0.0625 0.028125
0 0.7020833333333333 0.139453125 0.034722222222222224 0.02109375
0 0.7402777777777778 0.1328125 0.03611111111111111 0.0140625
0 0.5930555555555556 0.126171875 0.030555555555555555 0.01640625
0 0.6229166666666667 0.117578125 0.04027777777777778 0.02421875
0 0.4930555555555556 0.11484375 0.03888888888888889 0.021875
