0 0.02847222222222222 0.730078125 0.02361111111111111 0.01484375
0 0.12986111111111112 0.70546875 0.034722222222222224 0.0265625
0 0.7722222222222223 0.648828125 0.03611111111111111 0.01171875
0 0.9208333333333333 0.5796875 0.041666666666666664 0.021875
0 0.8993055555555556 0.526953125 0.03194444444444444 0.00859375
0 0.9520833333333333 0.5171875 0.020833333333333332 0.0171875
0 0.9125 0.4875 0.04722222222222222 0.01875
0 0.3736111111111111 0.4859375 0.05277777777777778 0.0203125
0 0.9645833333333333 0.4890625 0.0625 0.0359375
0 0.2986111111111111 0.4546875 0.022222222222222223 0.0078125
0 0.8416666666666667 0.42734375 0.030555555555555555 0.015625
0 0.9888888888888889 0.4265625 0.019444444444444445 0.015625
0 0.9201388888888888 0.42734375 0.05416666666666667 0.0171875
0 0.9326388888888889 0.410546875 0.034722222222222224 0.01328125
0 0.9368055555555556 0.3578125 0.09583333333333334 0.0421875
0 0.9555555555555556 0.2859375 0.08333333333333333 0.0578125
0 0.41180555555555554 0.2640625 0.07916666666666666 0.03125
0 0.9111111111111111 0.227734375 0.04722222222222222 0.02578125
0 0.3715277777777778 0.192578125 0.029166666666666667 0.02421875
0 0.9805555555555555 0.18046875 0.03611111111111111 0.0296875
0 0.18958333333333333 0.176953125 0.043055555555555555 0.02421875
0 0.17916666666666667 0.1359375 0.09722222222222222 0.040625
0 0.15347222222222223 0.11796875 0.034722222222222224 0.0203125
