0 0.9743055555555555 0.896484375 0.04583333333333333 0.03671875
0 0.6131944444444445 0.879296875 0.0625 0.05390625
0 0.7097222222222223 0.864453125 0.05555555555555555 0.04453125
0 0.7833333333333333 0.771484375 0.03333333333333333 0.02734375
0 0.5194444444444445 0.765234375 0.15833333333333333 0.05703125
0 0.19027777777777777 0.67421875 0.07222222222222222 0.0453125
0 0.9756944444444444 0.64296875 0.04583333333333333 0.053125
0 0.6638888888888889 0.631640625 0.16944444444444445 0.07578125
0 0.7368055555555556 0.58515625 0.020833333333333332 0.01875
0 0.07291666666666667 0.519921875 0.04583333333333333 0.02421875
0 0.04513888888888889 0.48515625 0.043055555555555555 0.015625
0 0.014583333333333334 0.479296875 0.02638888888888889 0.01796875
0 0.21458333333333332 0.464453125 0.04027777777777778 0.01484375
0 0.25625 0.45390625 0.03194444444444444 0.0140625
0 0.7368055555555556 0.445703125 0.05138888888888889 0.02109375
0 0.3368055555555556 0.41953125 0.0375 0.0140625
0 0.20069444444444445 0.409765625 0.04027777777777778 0.02578125
0 0.59375 0.4046875 0.0375 0.0171875
0 0.6680555555555555 0.4078125 0.05 0.025
0 0.33402777777777776 0.405078125 0.0875 0.02890625
0 0.4284722222222222 0.3984375 0.03194444444444444 0.0265625
0 0.009722222222222222 0.3828125 0.019444444444444445 0.009375
0 0.45555555555555555 0.372265625 0.044444444444444446 0.02578125
0 0.4125 0.369140625 0.03611111111111111 0.02109375
0 0.8451388888888889 0.35234375 0.04583333333333333 0.0203125
0 0.08472222222222223 0.34921875 0.03611111111111111 0.0140625
0 0.20347222222222222 0.318359375 0.02638888888888889 0.01328125
0 0.69375 0.32265625 0.03194444444444444 0.025
0 0.6180555555555556 0.30859375 0.058333333333333334 0.03125
0 0.8652777777777778 0.28828125 0.058333333333333334 0.0296875
0 0.6875 0.284765625 0.05 0.02265625
0 0.6576388888888889 0.266015625 0.0375 0.01328125
0 0.42916666666666664 0.27265625 0.05 0.0296875
0 0.9763888888888889 0.25546875 0.044444444444444446 0.040625
0 0.6243055555555556 0.19375 0.08472222222222223 0.0390625
0 0.5763888888888888 0.121875 0.08333333333333333 0.0421875
0 0.88125 0.097265625 0.02638888888888889 0.01328125
0 0.3145833333333333 0.098046875 0.06527777777777778 0.04921875
0 0.44583333333333336 0.088671875 0.08611111111111111 0.06484375
0 0.86875 0.071875 0.05694444444444444 0.034375
0 0.9763888888888889 0.06015625 0.03888888888888889 0.021875
0 0.9340277777777778 0.0484375 0.05138888888888889 0.0265625
0 0.7888888888888889 0.038671875 0.04722222222222222 0.02890625
0 0.41180555555555554 0.03671875 0.04861111111111111 0.025
0 0.36736111111111114 0.064453125 0.08194444444444444 0.08828125
0 0.39861111111111114 0.009765625 0.08333333333333333 0.01796875
0 0.9291666666666667 0.0125 0.058333333333333334 0.025
