0 0.18819444444444444 0.7234375 0.0375 0.025
0 0.3576388888888889 0.68984375 0.0375 0.021875
0 0.1701388888888889 0.6328125 0.02361111111111111 0.021875
0 0.075 0.502734375 0.03333333333333333 0.01640625
0 0.009722222222222222 0.48515625 0.016666666666666666 0.0125
0 0.01597222222222222 0.466015625 0.03194444444444444 0.02265625
0 0.6340277777777777 0.458984375 0.034722222222222224 0.01640625
0 0.6118055555555556 0.451171875 0.018055555555555554 0.00859375
0 0.10416666666666667 0.405859375 0.030555555555555555 0.01796875
0 0.009722222222222222 0.371484375 0.019444444444444445 0.01640625
0 0.10138888888888889 0.358203125 0.022222222222222223 0.01640625
0 0.04722222222222222 0.33984375 0.07777777777777778 0.0328125
0 0.0875 0.326953125 0.03888888888888889 0.02890625
0 0.02013888888888889 0.283984375 0.0375 0.03828125
0 0.6284722222222222 0.229296875 0.0875 0.03984375
0 0.08888888888888889 0.217578125 0.041666666666666664 0.02421875
0 0.011805555555555555 0.171484375 0.018055555555555554 0.02578125
0 0.5979166666666667 0.151953125 0.03194444444444444 0.02109375
0 0.43194444444444446 0.130859375 0.03888888888888889 0.02265625
0 0.4270833333333333 0.087890625 0.11805555555555555 0.04453125
0 0.4027777777777778 0.06953125 0.04722222222222222 0.021875
