0 0.9215277777777777 0.71953125 0.034722222222222224 0.0171875
0 0.9333333333333333 0.697265625 0.041666666666666664 0.01484375
0 0.7326388888888888 0.61484375 0.05694444444444444 0.0328125
0 0.4479166666666667 0.584765625 0.043055555555555555 0.03984375
0 0.5159722222222223 0.584765625 0.09027777777777778 0.05390625
0 0.9875 0.527734375 0.025 0.02734375
0 0.575 0.5203125 0.04722222222222222 0.0390625
0 0.8888888888888888 0.483984375 0.041666666666666664 0.03515625
0 0.6861111111111111 0.41796875 0.03333333333333333 0.0171875
0 0.625 0.4015625 0.002777777777777778 0.0015625
0 0.6777777777777778 0.39921875 0.030555555555555555 0.009375
0 0.41458333333333336 0.401953125 0.03194444444444444 0.02421875
0 0.9701388888888889 0.33125 0.04583333333333333 0.0171875
0 0.2298611111111111 0.32890625 0.043055555555555555 0.0359375
0 0.4583333333333333 0.313671875 0.06111111111111111 0.03046875
0 0.4534722222222222 0.287890625 0.029166666666666667 0.01640625
0 0.49166666666666664 0.284375 0.027777777777777776 0.01875
0 0.6576388888888889 0.28203125 0.05138888888888889 0.0234375
0 0.4756944444444444 0.265234375 0.0375 0.02109375
0 0.5201388888888889 0.264453125 0.034722222222222224 0.02421875
0 0.6868055555555556 0.247265625 0.029166666666666667 0.01640625
0 0.6368055555555555 0.249609375 0.04027777777777778 0.02109375
0 0.7458333333333333 0.25078125 0.06388888888888888 0.025
0 0.5979166666666667 0.216015625 0.07083333333333333 0.03046875
0 0.41805555555555557 0.190234375 0.058333333333333334 0.02890625
0 0.55625 0.10703125 0.05416666666666667 0.04375
