0 0.94375 0.963671875 0.029166666666666667 0.02421875
0 0.8805555555555555 0.9640625 0.05 0.0328125
0 0.08333333333333333 0.9375 0.058333333333333334 0.0296875
0 0.6361111111111111 0.915234375 0.03333333333333333 0.02109375
0 0.5736111111111111 0.89765625 0.041666666666666664 0.015625
0 0.5222222222222223 0.890625 0.030555555555555555 0.0171875
0 0.48125 0.862109375 0.0375 0.03046875
0 0.30833333333333335 0.8546875 0.022222222222222223 0.01875
0 0.40069444444444446 0.843359375 0.04861111111111111 0.01953125
0 0.1284722222222222 0.827734375 0.07361111111111111 0.03984375
0 0.38125 0.819140625 0.059722222222222225 0.02734375
0 0.5 0.813671875 0.05555555555555555 0.02734375
0 0.5222222222222223 0.79140625 0.022222222222222223 0.0140625
0 0.4513888888888889 0.799609375 0.05 0.03359375
0 0.2791666666666667 0.784375 0.06111111111111111 0.0375
0 0.5541666666666667 0.74609375 0.044444444444444446 0.0296875
0 0.6034722222222222 0.741015625 0.04027777777777778 0.02421875
0 0.6701388888888888 0.739453125 0.043055555555555555 0.02421875
0 0.4895833333333333 0.735546875 0.059722222222222225 0.02890625
0 0.39375 0.725390625 0.059722222222222225 0.02265625
0 0.5444444444444444 0.7109375 0.03333333333333333 0.025
0 0.3548611111111111 0.7015625 0.05694444444444444 0.0296875
0 0.575 0.6921875 0.041666666666666664 0.0203125
0 0.4909722222222222 0.6828125 0.0625 0.0265625
0 0.41388888888888886 0.6671875 0.03611111111111111 0.0171875
0 0.3701388888888889 0.653515625 0.0375 0.02109375
0 0.6673611111111111 0.621875 0.0375 0.0203125
0 0.6145833333333334 0.619140625 0.04861111111111111 0.01640625
0 0.3770833333333333 0.6171875 0.04583333333333333 0.0265625
0 0.53125 0.61640625 0.05694444444444444 0.03125
0 0.25555555555555554 0.519140625 0.06111111111111111 0.03359375
0 0.26180555555555557 0.4828125 0.020833333333333332 0.021875
0 0.49375 0.473828125 0.04027777777777778 0.02265625
0 0.26319444444444445 0.412109375 0.05694444444444444 0.03046875
0 0.4125 0.358203125 0.05277777777777778 0.02578125
0 0.35 0.355078125 0.044444444444444446 0.02421875
0 0.3138888888888889 0.339453125 0.030555555555555555 0.01484375
0 0.35694444444444445 0.323828125 0.05 0.02421875
