0 0.7229166666666667 0.7890625 0.034722222222222224 0.0203125
0 0.6743055555555556 0.77734375 0.02638888888888889 0.0171875
0 0.8875 0.769140625 0.03333333333333333 0.01640625
0 0.7715277777777778 0.7578125 0.018055555555555554 0.015625
0 0.71875 0.762109375 0.043055555555555555 0.02421875
0 0.04861111111111111 0.74921875 0.03333333333333333 0.0234375
0 0.6548611111111111 0.732421875 0.0375 0.01484375
0 0.7201388888888889 0.73203125 0.02638888888888889 0.015625
0 0.5895833333333333 0.726953125 0.020833333333333332 0.01015625
0 0.5673611111111111 0.721484375 0.018055555555555554 0.01484375
0 0.06944444444444445 0.71640625 0.03611111111111111 0.015625
0 0.6236111111111111 0.7140625 0.019444444444444445 0.0140625
0 0.022222222222222223 0.69375 0.016666666666666666 0.009375
0 0.6111111111111112 0.69609375 0.030555555555555555 0.015625
0 0.5972222222222222 0.68359375 0.019444444444444445 0.00625
0 0.8354166666666667 0.680859375 0.02638888888888889 0.01171875
0 0.24861111111111112 0.67890625 0.05277777777777778 0.028125
0 0.30277777777777776 0.66328125 0.03333333333333333 0.0171875
0 0.7895833333333333 0.656640625 0.015277777777777777 0.01015625
0 0.8097222222222222 0.63125 0.011111111111111112 0.0078125
0 0.5305555555555556 0.63359375 0.019444444444444445 0.015625
0 0.5076388888888889 0.629296875 0.009722222222222222 0.01171875
0 0.48541666666666666 0.623828125 0.029166666666666667 0.01328125
0 0.6847222222222222 0.621484375 0.019444444444444445 0.01484375
0 0.4361111111111111 0.619140625 0.025 0.02734375
0 0.5520833333333334 0.601171875 0.02361111111111111 0.01640625
0 0.31875 0.594921875 0.018055555555555554 0.01484375
0 0.2375 0.583203125 0.019444444444444445 0.00703125
0 0.07291666666666667 0.57578125 0.015277777777777777 0.0109375
0 0.5923611111111111 0.5703125 0.02361111111111111 0.0140625
0 0.4909722222222222 0.561328125 0.015277777777777777 0.00703125
0 0.2611111111111111 0.55546875 0.011111111111111112 0.009375
0 0.24444444444444444 0.540234375 0.013888888888888888 0.01015625
0 0.5597222222222222 0.51484375 0.025 0.0140625
0 0.33194444444444443 0.48828125 0.03333333333333333 0.0109375
0 0.3576388888888889 0.48046875 0.020833333333333332 0.0109375
0 0.7319444444444444 0.4765625 0.013888888888888888 0.0078125
0 0.34444444444444444 0.466796875 0.013888888888888888 0.01015625
0 0.6868055555555556 0.452734375 0.020833333333333332 0.01015625
0 0.5958333333333333 0.46171875 0.04722222222222222 0.0296875
0 0.7472222222222222 0.449609375 0.016666666666666666 0.00859375
0 0.36736111111111114 0.442578125 0.02361111111111111 0.01015625
0 0.27361111111111114 0.4234375 0.027777777777777776 0.01875
0 0.39166666666666666 0.419921875 0.022222222222222223 0.01484375
0 0.48333333333333334 0.415234375 0.016666666666666666 0.01171875
0 0.16527777777777777 0.41015625 0.03333333333333333 0.01875
0 0.1388888888888889 0.4046875 0.025 0.0109375
0 0.6020833333333333 0.4046875 0.02638888888888889 0.0125
0 0.9965277777777778 0.394140625 0.006944444444444444 0.00546875
0 0.17847222222222223 0.390234375 0.02361111111111111 0.02109375
0 0.32083333333333336 0.3765625 0.030555555555555555 0.015625
0 0.6798611111111111 0.370703125 0.020833333333333332 0.01484375
0 0.6597222222222222 0.351953125 0.016666666666666666 0.01171875
0 0.39652777777777776 0.335546875 0.015277777777777777 0.00859375
0 0.5416666666666666 0.328125 0.013888888888888888 0.0109375
0 0.5215277777777778 0.312109375 0.0125 0.01328125
0 0.5743055555555555 0.3 0.02638888888888889 0.0171875
0 0.6027777777777777 0.295703125 0.025 0.01328125
0 0.55 0.28125 0.027777777777777776 0.015625
0 0.3958333333333333 0.28125 0.05277777777777778 0.0171875
0 0.6381944444444444 0.2734375 0.018055555555555554 0.0125
0 0.47291666666666665 0.281640625 0.034722222222222224 0.02890625
0 0.49583333333333335 0.269140625 0.030555555555555555 0.01640625
0 0.3972222222222222 0.26484375 0.013888888888888888 0.0109375
0 0.5861111111111111 0.2703125 0.03611111111111111 0.0234375
0 0.46041666666666664 0.25703125 0.018055555555555554 0.0125
0 0.5597222222222222 0.24296875 0.022222222222222223 0.0140625
0 0.4756944444444444 0.233984375 0.015277777777777777 0.01171875
0 0.44375 0.206640625 0.02638888888888889 0.01484375
0 0.5055555555555555 0.20390625 0.013888888888888888 0.0109375
