0 0.034027777777777775 0.486328125 0.015277777777777777 0.01171875
0 0.013194444444444444 0.47421875 0.02361111111111111 0.0140625
0 0.6916666666666667 0.459375 0.030555555555555555 0.0234375
0 0.7215277777777778 0.447265625 0.03194444444444444 0.01796875
0 0.1076388888888889 0.4046875 0.04027777777777778 0.015625
0 0.5555555555555556 0.38671875 0.013888888888888888 0.015625
0 0.6180555555555556 0.376171875 0.03888888888888889 0.02265625
0 0.5861111111111111 0.3640625 0.03333333333333333 0.0203125
0 0.21875 0.3421875 0.043055555555555555 0.0203125
0 0.23055555555555557 0.323828125 0.030555555555555555 0.01796875
