0 0.6201388888888889 0.7015625 0.02361111111111111 0.01875
0 0.6881944444444444 0.67734375 0.029166666666666667 0.01875
0 0.6291666666666667 0.674609375 0.025 0.01328125
0 0.20277777777777778 0.65078125 0.041666666666666664 0.021875
0 0.6486111111111111 0.632421875 0.041666666666666664 0.02578125
0 0.7243055555555555 0.62421875 0.03194444444444444 0.015625
0 0.7708333333333334 0.625390625 0.03888888888888889 0.02109375
0 0.6069444444444444 0.6234375 0.011111111111111112 0.01875
0 0.4847222222222222 0.619921875 0.030555555555555555 0.01796875
0 0.5451388888888888 0.616796875 0.029166666666666667 0.01796875
0 0.06458333333333334 0.63046875 0.08472222222222223 0.05625
0 0.8430555555555556 0.60546875 0.03888888888888889 0.0203125
0 0.8840277777777777 0.603515625 0.0375 0.02265625
0 0.49027777777777776 0.57890625 0.041666666666666664 0.0234375
0 0.10208333333333333 0.55703125 0.04583333333333333 0.021875
0 0.5534722222222223 0.547265625 0.0375 0.01171875
0 0.8777777777777778 0.544921875 0.03333333333333333 0.03046875
0 0.05347222222222222 0.53515625 0.05138888888888889 0.025
0 0.6472222222222223 0.5265625 0.05 0.025
0 0.1076388888888889 0.5171875 0.034722222222222224 0.01875
0 0.13125 0.521875 0.04583333333333333 0.0328125
0 0.6986111111111111 0.485546875 0.04722222222222222 0.02890625
0 0.65625 0.484765625 0.05138888888888889 0.04609375
0 0.5569444444444445 0.468359375 0.05277777777777778 0.03828125
0 0.9881944444444445 0.448046875 0.020833333333333332 0.01171875
0 0.6395833333333333 0.44921875 0.05138888888888889 0.03125
0 0.5805555555555556 0.4390625 0.05 0.028125
0 0.0798611111111111 0.43046875 0.034722222222222224 0.0265625
0 0.7104166666666667 0.430078125 0.05694444444444444 0.03046875
0 0.021527777777777778 0.425 0.02638888888888889 0.021875
0 0.9805555555555555 0.415625 0.030555555555555555 0.015625
0 0.7881944444444444 0.410546875 0.02638888888888889 0.00703125
0 0.8590277777777777 0.3859375 0.05138888888888889 0.0265625
0 0.8840277777777777 0.351171875 0.07916666666666666 0.02890625
0 0.7222222222222222 0.32421875 0.06111111111111111 0.046875
0 0.9034722222222222 0.30234375 0.020833333333333332 0.0125
0 0.6388888888888888 0.283203125 0.022222222222222223 0.01015625
0 0.7097222222222223 0.263671875 0.03888888888888889 0.02734375
0 0.9673611111111111 0.250390625 0.059722222222222225 0.03828125
0 0.7201388888888889 0.23515625 0.04861111111111111 0.028125
0 0.9215277777777777 0.2265625 0.04583333333333333 0.0265625
0 0.9909722222222223 0.209765625 0.015277777777777777 0.02421875
0 0.9444444444444444 0.18515625 0.030555555555555555 0.0171875
0 0.9020833333333333 0.164453125 0.05694444444444444 0.02890625
0 0.8083333333333333 0.166015625 0.05277777777777778 0.03359375
0 0.7631944444444444 0.147265625 0.0375 0.01953125
0 0.9361111111111111 0.12734375 0.05 0.0234375
0 0.8840277777777777 0.129296875 0.04583333333333333 0.03046875
0 0.8076388888888889 0.11875 0.08472222222222223 0.034375
0 0.8798611111111111 0.093359375 0.03194444444444444 0.02265625
0 0.7090277777777778 0.095703125 0.043055555555555555 0.02890625
0 0.8166666666666667 0.040234375 0.05 0.03046875
0 0.6986111111111111 0.0265625 0.03333333333333333 0.015625
