0 0.9791666666666666 0.972265625 0.041666666666666664 0.03515625
0 0.8833333333333333 0.96328125 0.03611111111111111 0.0171875
0 0.04097222222222222 0.85625 0.07361111111111111 0.0453125
0 0.4395833333333333 0.8234375 0.05416666666666667 0.0328125
0 0.5020833333333333 0.8140625 0.05694444444444444 0.0328125
0 0.1361111111111111 0.773828125 0.04722222222222222 0.02421875
0 0.22291666666666668 0.719140625 0.0625 0.03671875
0 0.9847222222222223 0.6828125 0.022222222222222223 0.021875
0 0.9486111111111111 0.67734375 0.03611111111111111 0.021875
0 0.86875 0.66796875 0.05138888888888889 0.025
0 0.39375 0.66015625 0.043055555555555555 0.0265625
0 0.1673611111111111 0.640625 0.034722222222222224 0.01875
0 0.6131944444444445 0.630078125 0.04583333333333333 0.03203125
0 0.5993055555555555 0.59296875 0.043055555555555555 0.0140625
0 0.43819444444444444 0.588671875 0.043055555555555555 0.01953125
0 0.14930555555555555 0.580078125 0.059722222222222225 0.02578125
0 0.33958333333333335 0.581640625 0.043055555555555555 0.03359375
0 0.5736111111111111 0.5640625 0.03888888888888889 0.01875
0 0.6506944444444445 0.493359375 0.05138888888888889 0.02109375
0 0.9854166666666667 0.483984375 0.029166666666666667 0.01328125
0 0.7604166666666666 0.484375 0.043055555555555555 0.01875
0 0.40694444444444444 0.4859375 0.06944444444444445 0.0375
0 0.48819444444444443 0.451171875 0.08472222222222223 0.04453125
0 0.9833333333333333 0.4390625 0.03333333333333333 0.028125
0 0.6208333333333333 0.426953125 0.030555555555555555 0.02578125
0 0.6708333333333333 0.42578125 0.058333333333333334 0.0296875
0 0.5506944444444445 0.426171875 0.05416666666666667 0.03046875
0 0.12222222222222222 0.327734375 0.06111111111111111 0.02890625
0 0.5381944444444444 0.33359375 0.14305555555555555 0.0640625
0 0.18194444444444444 0.308984375 0.06111111111111111 0.03359375
0 0.6319444444444444 0.304296875 0.09166666666666666 0.06015625
0 0.5222222222222223 0.263671875 0.06666666666666667 0.03359375
0 0.47291666666666665 0.231640625 0.029166666666666667 0.02734375
0 0.3902777777777778 0.2328125 0.10555555555555556 0.0421875
0 0.5326388888888889 0.189453125 0.08194444444444444 0.03203125
0 0.3770833333333333 0.169140625 0.06527777777777778 0.03828125
0 0.39791666666666664 0.123046875 0.018055555555555554 0.03046875
0 0.4736111111111111 0.098046875 0.10277777777777777 0.09921875
