0 0.23819444444444443 0.459375 0.06805555555555555 0.0421875
0 0.9659722222222222 0.401171875 0.06805555555555555 0.02734375
0 0.10277777777777777 0.343359375 0.044444444444444446 0.01796875
0 0.049305555555555554 0.2546875 0.03194444444444444 0.0234375
0 0.01597222222222222 0.259765625 0.029166666666666667 0.03359375
0 0.020833333333333332 0.174609375 0.03888888888888889 0.02421875
0 0.5465277777777777 0.15625 0.034722222222222224 0.028125
0 0.6111111111111112 0.137109375 0.027777777777777776 0.03203125
0 0.7534722222222222 0.07890625 0.043055555555555555 0.0171875
0 0.6104166666666667 0.05703125 0.04861111111111111 0.034375
0 0.7555555555555555 0.040234375 0.09444444444444444 0.03046875
