0 0.15138888888888888 0.866015625 0.05277777777777778 0.02578125
0 0.0763888888888889 0.849609375 0.041666666666666664 0.02421875
0 0.6930555555555555 0.8203125 0.04722222222222222 0.0234375
0 0.5472222222222223 0.784375 0.044444444444444446 0.01875
0 0.6270833333333333 0.791796875 0.0375 0.03515625
0 0.9618055555555556 0.7703125 0.043055555555555555 0.0234375
0 0.5 0.758984375 0.044444444444444446 0.02734375
0 0.7090277777777778 0.7515625 0.04861111111111111 0.0265625
0 0.42569444444444443 0.7375 0.034722222222222224 0.025
0 0.5555555555555556 0.723828125 0.05555555555555555 0.02890625
0 0.6222222222222222 0.653125 0.041666666666666664 0.0171875
0 0.22361111111111112 0.65703125 0.03888888888888889 0.0328125
0 0.16875 0.640625 0.0375 0.0203125
0 0.5861111111111111 0.63515625 0.041666666666666664 0.0203125
0 0.5868055555555556 0.592578125 0.029166666666666667 0.02265625
0 0.5277777777777778 0.592578125 0.05277777777777778 0.02265625
0 0.6472222222222223 0.5921875 0.044444444444444446 0.0265625
0 0.15486111111111112 0.586328125 0.043055555555555555 0.01953125
0 0.2388888888888889 0.569140625 0.05277777777777778 0.02890625
0 0.3111111111111111 0.560546875 0.06944444444444445 0.03046875
0 0.5986111111111111 0.551953125 0.058333333333333334 0.02109375
0 0.18611111111111112 0.545703125 0.04722222222222222 0.02421875
0 0.37222222222222223 0.5328125 0.05277777777777778 0.025
0 0.5972222222222222 0.515234375 0.05 0.03046875
0 0.20555555555555555 0.497265625 0.027777777777777776 0.02421875
0 0.33125 0.505078125 0.05138888888888889 0.05234375
0 0.2513888888888889 0.48828125 0.041666666666666664 0.0234375
0 0.2847222222222222 0.487109375 0.025 0.02421875
0 0.5055555555555555 0.46640625 0.04722222222222222 0.0109375
0 0.6256944444444444 0.46875 0.04861111111111111 0.028125
0 0.5576388888888889 0.463671875 0.05694444444444444 0.02890625
0 0.18472222222222223 0.4546875 0.03611111111111111 0.0125
0 0.32013888888888886 0.4484375 0.04027777777777778 0.01875
0 0.23194444444444445 0.439453125 0.030555555555555555 0.02265625
0 0.3159722222222222 0.37890625 0.04027777777777778 0.0203125
0 0.16666666666666666 0.378125 0.030555555555555555 0.0234375
0 0.25555555555555554 0.363671875 0.05 0.02734375
0 0.32430555555555557 0.347265625 0.05138888888888889 0.02109375
0 0.26180555555555557 0.333984375 0.04861111111111111 0.02578125
0 0.4673611111111111 0.30390625 0.043055555555555555 0.028125
0 0.34791666666666665 0.276953125 0.07916666666666666 0.05703125
0 0.4465277777777778 0.240625 0.04027777777777778 0.0203125
0 0.4875 0.2375 0.041666666666666664 0.015625
0 0.3840277777777778 0.2125 0.02638888888888889 0.0171875
0 0.3527777777777778 0.2265625 0.05 0.0453125
0 0.5479166666666667 0.19140625 0.05694444444444444 0.0328125
0 0.3840277777777778 0.185546875 0.05138888888888889 0.03359375
0 0.5930555555555556 0.127734375 0.06388888888888888 0.03515625
0 0.48333333333333334 0.094921875 0.05 0.02578125
