0 0.3763888888888889 0.72578125 0.09444444444444444 0.0375
0 0.7944444444444444 0.6890625 0.06388888888888888 0.0359375
0 0.9875 0.675 0.025 0.0296875
0 0.7930555555555555 0.648046875 0.06111111111111111 0.03515625
0 0.9479166666666666 0.611328125 0.043055555555555555 0.01484375
0 0.1951388888888889 0.61796875 0.06527777777777778 0.040625
0 0.5861111111111111 0.6125 0.044444444444444446 0.0328125
0 0.5416666666666666 0.583203125 0.044444444444444446 0.04140625
0 0.5833333333333334 0.565625 0.03888888888888889 0.021875
0 0.33194444444444443 0.563671875 0.05277777777777778 0.02578125
0 0.8555555555555555 0.551953125 0.04722222222222222 0.02421875
0 0.9909722222222223 0.529296875 0.018055555555555554 0.01640625
0 0.3138888888888889 0.495703125 0.025 0.02578125
0 0.9402777777777778 0.470703125 0.030555555555555555 0.01953125
0 0.50625 0.46875 0.04583333333333333 0.025
0 0.12916666666666668 0.46953125 0.06944444444444445 0.028125
0 0.32013888888888886 0.47265625 0.10694444444444444 0.059375
0 0.5618055555555556 0.441796875 0.04583333333333333 0.02421875
0 0.5895833333333333 0.4234375 0.043055555555555555 0.0296875
0 0.5069444444444444 0.419140625 0.05277777777777778 0.02265625
0 0.23472222222222222 0.40625 0.05 0.0203125
0 0.38680555555555557 0.4 0.04583333333333333 0.0328125
0 0.48055555555555557 0.382421875 0.03888888888888889 0.02421875
0 0.3194444444444444 0.3828125 0.044444444444444446 0.028125
0 0.34930555555555554 0.340625 0.034722222222222224 0.021875
0 0.4708333333333333 0.329296875 0.03333333333333333 0.02265625
0 0.29097222222222224 0.324609375 0.05138888888888889 0.02890625
0 0.4270833333333333 0.304296875 0.07361111111111111 0.02578125
0 0.40347222222222223 0.27109375 0.04861111111111111 0.0296875
0 0.5680555555555555 0.2515625 0.022222222222222223 0.015625
0 0.3194444444444444 0.24609375 0.08611111111111111 0.0359375
0 0.5180555555555556 0.233984375 0.030555555555555555 0.02109375
0 0.4548611111111111 0.23828125 0.09027777777777778 0.0359375
0 0.47152777777777777 0.1984375 0.034722222222222224 0.0203125
0 0.27708333333333335 0.198828125 0.05138888888888889 0.02734375
0 0.43472222222222223 0.15703125 0.041666666666666664 0.0265625
0 0.3736111111111111 0.15390625 0.07777777777777778 0.028125
0 0.4930555555555556 0.040234375 0.05555555555555555 0.03203125
