0 0.6493055555555556 0.961328125 0.034722222222222224 0.03046875
0 0.5083333333333333 0.96171875 0.05277777777777778 0.0453125
0 0.4708333333333333 0.951953125 0.05277777777777778 0.03984375
0 0.9479166666666666 0.9140625 0.029166666666666667 0.021875
0 0.8722222222222222 0.915234375 0.075 0.02890625
0 0.06944444444444445 0.884375 0.06111111111111111 0.0328125
0 0.6131944444444445 0.8625 0.029166666666666667 0.015625
0 0.5354166666666667 0.846875 0.04861111111111111 0.0140625
0 0.4708333333333333 0.837109375 0.044444444444444446 0.01171875
0 0.02013888888888889 0.80859375 0.029166666666666667 0.015625
0 0.45902777777777776 0.80859375 0.034722222222222224 0.0234375
0 0.3 0.798828125 0.03611111111111111 0.02265625
0 0.4076388888888889 0.792578125 0.04583333333333333 0.02109375
0 0.11041666666666666 0.771875 0.05416666666666667 0.028125
0 0.3784722222222222 0.765625 0.04583333333333333 0.0234375
0 0.4861111111111111 0.75703125 0.03888888888888889 0.0171875
0 0.5027777777777778 0.741015625 0.022222222222222223 0.01328125
0 0.44375 0.748828125 0.0625 0.03515625
0 0.3854166666666667 0.726171875 0.03194444444444444 0.01640625
0 0.2659722222222222 0.73515625 0.0625 0.040625
0 0.38472222222222224 0.701171875 0.022222222222222223 0.01640625
0 0.58125 0.69296875 0.034722222222222224 0.0203125
0 0.6520833333333333 0.68671875 0.029166666666666667 0.0203125
0 0.5125 0.68984375 0.07222222222222222 0.040625
0 0.3888888888888889 0.67421875 0.03611111111111111 0.01875
0 0.5347222222222222 0.660546875 0.027777777777777776 0.01796875
0 0.35 0.653125 0.06666666666666667 0.028125
0 0.5763888888888888 0.63828125 0.027777777777777776 0.028125
0 0.4652777777777778 0.633984375 0.06944444444444445 0.03359375
0 0.40555555555555556 0.611328125 0.027777777777777776 0.01953125
0 0.3729166666666667 0.60703125 0.034722222222222224 0.0234375
0 0.6736111111111112 0.572265625 0.022222222222222223 0.01171875
0 0.36944444444444446 0.565625 0.030555555555555555 0.028125
0 0.6222222222222222 0.563671875 0.04722222222222222 0.02578125
0 0.5034722222222222 0.562109375 0.059722222222222225 0.03359375
0 0.2534722222222222 0.464453125 0.07916666666666666 0.03359375
0 0.25555555555555554 0.43125 0.019444444444444445 0.021875
0 0.48819444444444443 0.415625 0.05694444444444444 0.0234375
0 0.23819444444444443 0.357421875 0.05694444444444444 0.03359375
0 0.39791666666666664 0.300390625 0.05694444444444444 0.02578125
0 0.3375 0.29765625 0.06111111111111111 0.0265625
0 0.3013888888888889 0.28046875 0.022222222222222223 0.0109375
0 0.3402777777777778 0.265625 0.05555555555555555 0.0234375
