0 0.07708333333333334 0.7109375 0.02361111111111111 0.015625
0 0.08055555555555556 0.644140625 0.07777777777777778 0.05390625
0 0.0375 0.623046875 0.05 0.02890625
0 0.7020833333333333 0.59921875 0.02361111111111111 0.0140625
0 0.0763888888888889 0.59921875 0.05555555555555555 0.028125
0 0.96875 0.561328125 0.034722222222222224 0.01640625
0 0.6208333333333333 0.469140625 0.019444444444444445 0.01640625
0 0.12569444444444444 0.469140625 0.034722222222222224 0.01953125
0 0.6875 0.405078125 0.03888888888888889 0.01953125
0 0.5791666666666667 0.392578125 0.022222222222222223 0.01796875
0 0.9465277777777777 0.375 0.015277777777777777 0.0203125
0 0.9826388888888888 0.330078125 0.034722222222222224 0.01953125
0 0.9944444444444445 0.31015625 0.011111111111111112 0.0140625
0 0.8902777777777777 0.305078125 0.05277777777777778 0.03359375
