0 0.28194444444444444 0.704296875 0.08055555555555556 0.04296875
0 0.6708333333333333 0.6328125 0.041666666666666664 0.0203125
0 0.3034722222222222 0.631640625 0.07361111111111111 0.03984375
0 0.5465277777777777 0.609375 0.04861111111111111 0.025
0 0.5583333333333333 0.58125 0.04722222222222222 0.021875
0 0.23680555555555555 0.546875 0.04861111111111111 0.028125
0 0.7645833333333333 0.530078125 0.0875 0.02578125
0 0.8180555555555555 0.515625 0.05555555555555555 0.0359375
0 0.3013888888888889 0.497265625 0.06111111111111111 0.03203125
0 0.025 0.472265625 0.04722222222222222 0.02265625
0 0.5666666666666667 0.44296875 0.03888888888888889 0.025
0 0.2923611111111111 0.43125 0.0763888888888889 0.015625
0 0.0763888888888889 0.404296875 0.044444444444444446 0.02265625
0 0.1527777777777778 0.4015625 0.03611111111111111 0.0234375
0 0.6659722222222222 0.3984375 0.043055555555555555 0.021875
0 0.4375 0.38671875 0.044444444444444446 0.01875
0 0.7618055555555555 0.37578125 0.05138888888888889 0.0296875
0 0.10972222222222222 0.363671875 0.041666666666666664 0.02421875
0 0.6979166666666666 0.358984375 0.05416666666666667 0.02734375
0 0.36736111111111114 0.33984375 0.0375 0.025
0 0.2520833333333333 0.337109375 0.043055555555555555 0.02265625
0 0.48819444444444443 0.334375 0.0375 0.01875
0 0.2111111111111111 0.33359375 0.05277777777777778 0.046875
0 0.7347222222222223 0.327734375 0.08055555555555556 0.04296875
0 0.4326388888888889 0.31875 0.05694444444444444 0.028125
0 0.08958333333333333 0.308203125 0.034722222222222224 0.02578125
0 0.075 0.2703125 0.06111111111111111 0.034375
0 0.12986111111111112 0.259765625 0.07083333333333333 0.03671875
0 0.42291666666666666 0.25546875 0.05694444444444444 0.03125
0 0.019444444444444445 0.24765625 0.03611111111111111 0.028125
0 0.3388888888888889 0.219921875 0.05277777777777778 0.02109375
0 0.0375 0.216015625 0.05 0.03046875
0 0.9361111111111111 0.203125 0.03611111111111111 0.034375
0 0.34375 0.163671875 0.04583333333333333 0.02109375
0 0.09722222222222222 0.168359375 0.05277777777777778 0.03515625
0 0.25416666666666665 0.166015625 0.08333333333333333 0.05390625
0 0.18958333333333333 0.1515625 0.06527777777777778 0.046875
0 0.4152777777777778 0.1203125 0.05555555555555555 0.0328125
0 0.3173611111111111 0.080859375 0.04583333333333333 0.03046875
0 0.37777777777777777 0.0828125 0.05555555555555555 0.0359375
0 0.16111111111111112 0.069140625 0.030555555555555555 0.02421875
0 0.11527777777777778 0.069921875 0.05277777777777778 0.03046875
0 0.07708333333333334 0.044921875 0.04583333333333333 0.03203125
0 0.17291666666666666 0.042578125 0.04861111111111111 0.02890625
0 0.28194444444444444 0.080078125 0.08888888888888889 0.10703125
0 0.2604166666666667 0.012890625 0.04027777777777778 0.02265625
0 0.18125 0.012109375 0.07916666666666666 0.02421875
