0 0.19791666666666666 0.716796875 0.07083333333333333 0.02265625
0 0.15902777777777777 0.690625 0.05138888888888889 0.0328125
0 0.08194444444444444 0.68671875 0.044444444444444446 0.0265625
0 0.1284722222222222 0.67890625 0.018055555555555554 0.0125
0 0.22916666666666666 0.669140625 0.05555555555555555 0.01953125
0 0.5027777777777778 0.659375 0.027777777777777776 0.0140625
0 0.027777777777777776 0.66640625 0.05555555555555555 0.034375
0 0.5284722222222222 0.656640625 0.02361111111111111 0.01953125
0 0.9256944444444445 0.64921875 0.04027777777777778 0.0171875
0 0.6451388888888889 0.647265625 0.043055555555555555 0.01953125
0 0.8381944444444445 0.6421875 0.0375 0.021875
0 0.5201388888888889 0.63359375 0.03194444444444444 0.0140625
0 0.10277777777777777 0.6328125 0.05555555555555555 0.0265625
0 0.5590277777777778 0.629296875 0.04583333333333333 0.03359375
0 0.7340277777777777 0.6171875 0.034722222222222224 0.015625
0 0.8333333333333334 0.61796875 0.07777777777777778 0.034375
0 0.6416666666666667 0.58828125 0.044444444444444446 0.0171875
0 0.7527777777777778 0.576171875 0.025 0.01328125
0 0.7215277777777778 0.583984375 0.04861111111111111 0.04765625
0 0.8555555555555555 0.55703125 0.04722222222222222 0.021875
0 0.03194444444444444 0.55546875 0.06111111111111111 0.040625
0 0.8229166666666666 0.5375 0.03194444444444444 0.0234375
0 0.8763888888888889 0.521484375 0.030555555555555555 0.01640625
0 0.029166666666666667 0.521484375 0.058333333333333334 0.02734375
0 0.7506944444444444 0.50234375 0.020833333333333332 0.01875
0 0.02361111111111111 0.48046875 0.041666666666666664 0.0265625
0 0.7006944444444444 0.454296875 0.07083333333333333 0.03515625
0 0.8173611111111111 0.439453125 0.020833333333333332 0.01640625
0 0.7715277777777778 0.434375 0.020833333333333332 0.0125
