0 0.5104166666666666 0.853515625 0.10694444444444444 0.04609375
0 0.06111111111111111 0.81015625 0.11944444444444445 0.0515625
0 0.19444444444444445 0.776171875 0.058333333333333334 0.03515625
0 0.43819444444444444 0.65859375 0.05694444444444444 0.0390625
0 0.49375 0.653125 0.04861111111111111 0.0296875
0 0.6868055555555556 0.5953125 0.034722222222222224 0.0234375
0 0.38958333333333334 0.586328125 0.05694444444444444 0.02578125
0 0.8222222222222222 0.548828125 0.044444444444444446 0.02421875
0 0.4486111111111111 0.53125 0.04722222222222222 0.021875
0 0.07222222222222222 0.5296875 0.04722222222222222 0.025
0 0.9006944444444445 0.53359375 0.09583333333333334 0.0359375
0 0.6784722222222223 0.538671875 0.0763888888888889 0.04921875
0 0.75625 0.51875 0.03194444444444444 0.0234375
0 0.5277777777777778 0.52109375 0.06666666666666667 0.0375
0 0.6402777777777777 0.477734375 0.058333333333333334 0.03203125
0 0.5506944444444445 0.465625 0.034722222222222224 0.0109375
0 0.8354166666666667 0.463671875 0.06805555555555555 0.03515625
0 0.64375 0.4359375 0.0625 0.028125
0 0.4125 0.426171875 0.044444444444444446 0.01953125
0 0.7361111111111112 0.40546875 0.06666666666666667 0.0421875
0 0.7152777777777778 0.3625 0.07777777777777778 0.046875
0 0.9583333333333334 0.3359375 0.08333333333333333 0.03125
0 0.5909722222222222 0.355078125 0.12638888888888888 0.09453125
0 0.7986111111111112 0.315234375 0.058333333333333334 0.01953125
0 0.18888888888888888 0.306640625 0.044444444444444446 0.02890625
0 0.8909722222222223 0.30078125 0.09027777777777778 0.0515625
0 0.2638888888888889 0.287109375 0.05 0.03203125
0 0.14444444444444443 0.269921875 0.03611111111111111 0.02265625
0 0.5048611111111111 0.284375 0.17916666666666667 0.0671875
0 0.33541666666666664 0.242578125 0.06805555555555555 0.03984375
0 0.08194444444444444 0.23984375 0.1111111111111111 0.0453125
0 0.8020833333333334 0.2296875 0.0375 0.028125
0 0.425 0.232421875 0.075 0.03671875
0 0.24583333333333332 0.216796875 0.025 0.01953125
0 0.6708333333333333 0.20546875 0.03888888888888889 0.0171875
0 0.19375 0.230859375 0.07083333333333333 0.07109375
0 0.7409722222222223 0.2078125 0.0375 0.0265625
0 0.03333333333333333 0.187109375 0.05555555555555555 0.03515625
0 0.3326388888888889 0.164453125 0.15416666666666667 0.04921875
0 0.03611111111111111 0.134375 0.03611111111111111 0.0203125
0 0.32222222222222224 0.126171875 0.041666666666666664 0.02421875
0 0.1361111111111111 0.113671875 0.019444444444444445 0.01640625
0 0.625 0.11875 0.058333333333333334 0.0390625
0 0.0875 0.09609375 0.04722222222222222 0.025
0 0.22777777777777777 0.09296875 0.05277777777777778 0.0328125
0 0.029166666666666667 0.093359375 0.058333333333333334 0.04296875
0 0.37777777777777777 0.087109375 0.08611111111111111 0.03359375
0 0.5847222222222223 0.090625 0.09722222222222222 0.0578125
0 0.18888888888888888 0.06953125 0.03333333333333333 0.015625
0 0.2972222222222222 0.059375 0.041666666666666664 0.015625
0 0.45208333333333334 0.06953125 0.0625 0.0546875
0 0.8701388888888889 0.07265625 0.17916666666666667 0.0765625
0 0.2326388888888889 0.05078125 0.05416666666666667 0.034375
0 0.6826388888888889 0.035546875 0.04583333333333333 0.02421875
0 0.5604166666666667 0.01953125 0.059722222222222225 0.0375
0 0.40902777777777777 0.016796875 0.07083333333333333 0.03203125
0 0.6368055555555555 0.00546875 0.034722222222222224 0.0109375
