0 0.6965277777777777 0.671875 0.05138888888888889 0.025
0 0.45416666666666666 0.659375 0.027777777777777776 0.01875
0 0.7597222222222222 0.623828125 0.03888888888888889 0.01953125
0 0.5131944444444444 0.617578125 0.029166666666666667 0.01484375
0 0.3 0.61484375 0.030555555555555555 0.015625
0 0.6506944444444445 0.614453125 0.05138888888888889 0.03203125
0 0.3902777777777778 0.591015625 0.030555555555555555 0.01484375
0 0.2625 0.590234375 0.030555555555555555 0.01484375
0 0.4638888888888889 0.585546875 0.03333333333333333 0.01484375
0 0.6618055555555555 0.585546875 0.043055555555555555 0.02578125
0 0.3875 0.572265625 0.03611111111111111 0.01640625
0 0.86875 0.56015625 0.015277777777777777 0.0078125
0 0.44305555555555554 0.564453125 0.04722222222222222 0.02265625
0 0.7916666666666666 0.55703125 0.03888888888888889 0.0203125
0 0.5277777777777778 0.558984375 0.05 0.02578125
0 0.37083333333333335 0.5484375 0.044444444444444446 0.0203125
0 0.7333333333333333 0.544140625 0.05555555555555555 0.03203125
0 0.23680555555555555 0.523046875 0.015277777777777777 0.00703125
0 0.5986111111111111 0.530078125 0.041666666666666664 0.02265625
0 0.6555555555555556 0.523828125 0.03333333333333333 0.01484375
0 0.005555555555555556 0.521484375 0.008333333333333333 0.01796875
0 0.7951388888888888 0.516015625 0.0375 0.02109375
0 0.39652777777777776 0.504296875 0.04583333333333333 0.02109375
0 0.8916666666666667 0.5 0.03611111111111111 0.0171875
0 0.7590277777777777 0.483203125 0.029166666666666667 0.01171875
0 0.8923611111111112 0.473828125 0.04583333333333333 0.02421875
0 0.1111111111111111 0.46796875 0.03888888888888889 0.01875
0 0.7645833333333333 0.466015625 0.020833333333333332 0.01796875
0 0.7118055555555556 0.468359375 0.043055555555555555 0.02265625
0 0.6416666666666667 0.4640625 0.041666666666666664 0.0265625
0 0.8375 0.449609375 0.03611111111111111 0.05078125
0 0.6763888888888889 0.421484375 0.013888888888888888 0.01015625
0 0.6138888888888889 0.40546875 0.025 0.0140625
0 0.4791666666666667 0.40234375 0.022222222222222223 0.0125
0 0.6444444444444445 0.40390625 0.03333333333333333 0.0171875
0 0.875 0.387109375 0.013888888888888888 0.00859375
0 0.10277777777777777 0.389453125 0.041666666666666664 0.02109375
0 0.6034722222222222 0.376953125 0.018055555555555554 0.01328125
0 0.13472222222222222 0.37421875 0.03888888888888889 0.025
0 0.7868055555555555 0.36328125 0.029166666666666667 0.0140625
0 0.4465277777777778 0.36015625 0.02638888888888889 0.015625
0 0.5493055555555556 0.354296875 0.015277777777777777 0.00703125
0 0.22916666666666666 0.351953125 0.025 0.01640625
0 0.5375 0.343359375 0.022222222222222223 0.00703125
0 0.4986111111111111 0.34140625 0.019444444444444445 0.0109375
0 0.34652777777777777 0.34375 0.05138888888888889 0.0296875
0 0.01597222222222222 0.33515625 0.029166666666666667 0.0234375
0 0.16319444444444445 0.325390625 0.029166666666666667 0.01171875
0 0.8916666666666667 0.322265625 0.025 0.01328125
0 0.31805555555555554 0.322265625 0.03611111111111111 0.01328125
0 0.0625 0.3125 0.019444444444444445 0.0125
0 0.28125 0.3109375 0.04861111111111111 0.028125
0 0.9798611111111111 0.30390625 0.0375 0.0171875
0 0.11527777777777778 0.3 0.041666666666666664 0.0265625
0 0.8784722222222222 0.291796875 0.020833333333333332 0.01171875
0 0.4701388888888889 0.290625 0.034722222222222224 0.015625
0 0.9673611111111111 0.28828125 0.029166666666666667 0.015625
0 0.37430555555555556 0.27265625 0.02638888888888889 0.0125
0 0.9673611111111111 0.271484375 0.034722222222222224 0.01640625
0 0.8340277777777778 0.265625 0.02638888888888889 0.015625
0 0.89375 0.253125 0.06527777777777778 0.0296875
0 0.16875 0.250390625 0.04861111111111111 0.02421875
0 0.35833333333333334 0.248046875 0.03333333333333333 0.02734375
0 0.2847222222222222 0.23984375 0.03611111111111111 0.01875
0 0.41388888888888886 0.237109375 0.03333333333333333 0.02109375
0 0.5722222222222222 0.23125 0.025 0.01875
0 0.8881944444444444 0.225390625 0.02638888888888889 0.01171875
0 0.9381944444444444 0.226953125 0.03194444444444444 0.02421875
0 0.44722222222222224 0.2234375 0.022222222222222223 0.0171875
0 0.5194444444444445 0.219921875 0.03611111111111111 0.01796875
0 0.7118055555555556 0.215234375 0.03194444444444444 0.01640625
0 0.34375 0.215234375 0.03194444444444444 0.01640625
0 0.4173611111111111 0.21328125 0.02638888888888889 0.021875
0 0.6444444444444445 0.210546875 0.030555555555555555 0.01796875
0 0.30833333333333335 0.2078125 0.03333333333333333 0.0140625
0 0.3819444444444444 0.209375 0.03888888888888889 0.0234375
0 0.006944444444444444 0.196484375 0.011111111111111112 0.01484375
0 0.7541666666666667 0.198828125 0.03611111111111111 0.02109375
0 0.7145833333333333 0.1921875 0.029166666666666667 0.015625
0 0.05625 0.191015625 0.029166666666666667 0.01640625
0 0.14930555555555555 0.194921875 0.04861111111111111 0.02890625
0 0.8027777777777778 0.187890625 0.03333333333333333 0.02265625
0 0.7305555555555555 0.17734375 0.03611111111111111 0.015625
0 0.6819444444444445 0.180078125 0.03611111111111111 0.02421875
0 0.9243055555555556 0.171875 0.02361111111111111 0.0109375
0 0.44166666666666665 0.16875 0.022222222222222223 0.0140625
0 0.7680555555555556 0.170703125 0.027777777777777776 0.01953125
0 0.5597222222222222 0.171484375 0.025 0.02265625
0 0.019444444444444445 0.16171875 0.027777777777777776 0.0109375
0 0.7368055555555556 0.162109375 0.0375 0.02265625
0 0.09166666666666666 0.16015625 0.03333333333333333 0.01875
0 0.8618055555555556 0.158984375 0.03194444444444444 0.01796875
0 0.6305555555555555 0.162890625 0.027777777777777776 0.02578125
0 0.81875 0.159375 0.0375 0.0203125
0 0.8923611111111112 0.147265625 0.043055555555555555 0.01796875
0 0.5298611111111111 0.144921875 0.034722222222222224 0.02109375
0 0.8583333333333333 0.1375 0.03333333333333333 0.025
0 0.6131944444444445 0.125390625 0.04027777777777778 0.02109375
0 0.18333333333333332 0.122265625 0.03888888888888889 0.02265625
0 0.15069444444444444 0.0984375 0.06527777777777778 0.03125
0 0.016666666666666666 0.0953125 0.03333333333333333 0.025
0 0.09305555555555556 0.074609375 0.025 0.01640625
0 0.1625 0.07578125 0.025 0.021875
0 0.07013888888888889 0.06171875 0.034722222222222224 0.01875
0 0.011805555555555555 0.061328125 0.02361111111111111 0.02421875
