0 0.06736111111111111 0.86953125 0.09027777777777778 0.05
0 0.48819444444444443 0.834765625 0.05416666666666667 0.03203125
0 0.5541666666666667 0.826953125 0.058333333333333334 0.03515625
0 0.20277777777777778 0.779296875 0.07222222222222222 0.02265625
0 0.26180555555555557 0.730078125 0.04861111111111111 0.02890625
0 0.9020833333333333 0.681640625 0.04861111111111111 0.02578125
0 0.46805555555555556 0.671875 0.044444444444444446 0.0203125
0 0.21180555555555555 0.646875 0.05416666666666667 0.025
0 0.64375 0.63671875 0.02638888888888889 0.025
0 0.49027777777777776 0.59453125 0.041666666666666664 0.0234375
0 0.20277777777777778 0.587890625 0.05277777777777778 0.02421875
0 0.3770833333333333 0.58828125 0.04583333333333333 0.034375
0 0.6173611111111111 0.57578125 0.05138888888888889 0.01875
0 0.6944444444444444 0.50625 0.05277777777777778 0.021875
0 0.8041666666666667 0.491015625 0.03611111111111111 0.01484375
0 0.44305555555555554 0.492578125 0.08888888888888889 0.03515625
0 0.46805555555555556 0.466015625 0.025 0.01796875
0 0.5402777777777777 0.45859375 0.07777777777777778 0.05
0 0.6569444444444444 0.43984375 0.05277777777777778 0.025
0 0.6041666666666666 0.43671875 0.05277777777777778 0.0296875
0 0.7243055555555555 0.433984375 0.05694444444444444 0.02734375
0 0.17152777777777778 0.334765625 0.059722222222222225 0.02890625
0 0.6861111111111111 0.327734375 0.09166666666666666 0.02890625
0 0.5965277777777778 0.342578125 0.13472222222222222 0.06640625
0 0.2361111111111111 0.316015625 0.06111111111111111 0.03203125
0 0.6847222222222222 0.296875 0.06666666666666667 0.0328125
0 0.5486111111111112 0.27109375 0.09722222222222222 0.0328125
0 0.5215277777777778 0.2375 0.04027777777777778 0.0234375
0 0.44375 0.2359375 0.10138888888888889 0.0390625
0 0.44722222222222224 0.21171875 0.030555555555555555 0.01875
0 0.5895833333333333 0.198828125 0.08194444444444444 0.03359375
0 0.43333333333333335 0.175 0.058333333333333334 0.0375
0 0.5326388888888889 0.13671875 0.09027777777777778 0.0375
0 0.4625 0.1296875 0.05277777777777778 0.0296875
0 0.5229166666666667 0.08515625 0.0625 0.065625
