0 0.7743055555555556 0.77890625 0.029166666666666667 0.01875
0 0.8222222222222222 0.766015625 0.027777777777777776 0.01796875
0 0.6638888888888889 0.737890625 0.030555555555555555 0.01953125
0 0.7201388888888889 0.734765625 0.02361111111111111 0.01953125
0 0.8451388888888889 0.726953125 0.034722222222222224 0.01171875
0 0.7694444444444445 0.7265625 0.044444444444444446 0.0171875
0 0.66875 0.704296875 0.02361111111111111 0.01015625
0 0.8763888888888889 0.69765625 0.027777777777777776 0.0109375
0 0.5909722222222222 0.69765625 0.015277777777777777 0.0109375
0 0.5270833333333333 0.693359375 0.02361111111111111 0.01328125
0 0.5083333333333333 0.68671875 0.016666666666666666 0.0125
0 0.9006944444444445 0.6828125 0.020833333333333332 0.0125
0 0.5548611111111111 0.681640625 0.0125 0.01171875
0 0.8597222222222223 0.68125 0.013888888888888888 0.0125
0 0.7 0.68359375 0.011111111111111112 0.0203125
0 0.9263888888888889 0.66953125 0.016666666666666666 0.0140625
0 0.5923611111111111 0.655078125 0.018055555555555554 0.00703125
0 0.5458333333333333 0.66015625 0.030555555555555555 0.025
0 0.16875 0.634765625 0.020833333333333332 0.01484375
0 0.5402777777777777 0.621484375 0.030555555555555555 0.01484375
0 0.55 0.607421875 0.011111111111111112 0.01171875
0 0.44930555555555557 0.60078125 0.018055555555555554 0.015625
0 0.6020833333333333 0.59375 0.009722222222222222 0.009375
0 0.6291666666666667 0.594140625 0.025 0.01171875
0 0.4152777777777778 0.591796875 0.03888888888888889 0.01796875
0 0.2152777777777778 0.58359375 0.03333333333333333 0.015625
0 0.30416666666666664 0.580859375 0.013888888888888888 0.01171875
0 0.2826388888888889 0.580859375 0.020833333333333332 0.01328125
0 0.3326388888888889 0.58125 0.02361111111111111 0.0234375
0 0.475 0.56484375 0.022222222222222223 0.0109375
0 0.23125 0.5640625 0.02638888888888889 0.0109375
0 0.5972222222222222 0.56015625 0.011111111111111112 0.009375
0 0.5604166666666667 0.540625 0.04027777777777778 0.0125
0 0.3263888888888889 0.53828125 0.030555555555555555 0.0234375
0 0.35 0.5265625 0.022222222222222223 0.0125
0 0.4486111111111111 0.459375 0.013888888888888888 0.0140625
0 0.23680555555555555 0.453515625 0.018055555555555554 0.01328125
0 0.8486111111111111 0.450390625 0.016666666666666666 0.00859375
0 0.6006944444444444 0.440625 0.018055555555555554 0.0109375
0 0.5583333333333333 0.440625 0.027777777777777776 0.015625
0 0.6569444444444444 0.434765625 0.016666666666666666 0.01015625
0 0.8347222222222223 0.425390625 0.03888888888888889 0.01796875
0 0.8152777777777778 0.416796875 0.019444444444444445 0.00859375
0 0.5527777777777778 0.419140625 0.025 0.02109375
0 0.3625 0.40703125 0.016666666666666666 0.0046875
0 0.1388888888888889 0.396875 0.022222222222222223 0.021875
0 0.7819444444444444 0.387109375 0.011111111111111112 0.00859375
0 0.24305555555555555 0.387109375 0.030555555555555555 0.01796875
0 0.38125 0.38203125 0.020833333333333332 0.015625
0 0.5027777777777778 0.37578125 0.011111111111111112 0.0140625
0 0.12708333333333333 0.3671875 0.05416666666666667 0.0171875
0 0.27361111111111114 0.356640625 0.011111111111111112 0.00703125
0 0.1527777777777778 0.355078125 0.019444444444444445 0.01640625
0 0.22708333333333333 0.345703125 0.02361111111111111 0.01015625
0 0.31180555555555556 0.341015625 0.018055555555555554 0.01171875
0 0.6520833333333333 0.34140625 0.029166666666666667 0.015625
0 0.17708333333333334 0.337109375 0.018055555555555554 0.01015625
0 0.6263888888888889 0.321484375 0.019444444444444445 0.01015625
0 0.050694444444444445 0.29609375 0.018055555555555554 0.0078125
0 0.5395833333333333 0.295703125 0.02361111111111111 0.01328125
0 0.5326388888888889 0.276953125 0.009722222222222222 0.00703125
0 0.5569444444444445 0.2671875 0.027777777777777776 0.0171875
0 0.5854166666666667 0.26484375 0.02638888888888889 0.015625
0 0.5354166666666667 0.25078125 0.03194444444444444 0.0171875
0 0.3923611111111111 0.24609375 0.05694444444444444 0.0203125
0 0.6118055555555556 0.24140625 0.015277777777777777 0.0140625
0 0.45694444444444443 0.23984375 0.025 0.015625
0 0.4840277777777778 0.234375 0.02361111111111111 0.0140625
0 0.39305555555555555 0.2296875 0.016666666666666666 0.009375
0 0.45625 0.223828125 0.02361111111111111 0.01328125
0 0.5395833333333333 0.209375 0.02361111111111111 0.0109375
0 0.4722222222222222 0.190625 0.008333333333333333 0.0125
0 0.5020833333333333 0.18671875 0.0125 0.0109375
0 0.54375 0.1703125 0.02361111111111111 0.0125
0 0.43333333333333335 0.172265625 0.025 0.01640625
0 0.5083333333333333 0.16875 0.041666666666666664 0.0109375
0 0.5215277777777778 0.14609375 0.02361111111111111 0.009375
