0 0.07847222222222222 0.70234375 0.04027777777777778 0.03125
0 0.15902777777777777 0.68828125 0.015277777777777777 0.0171875
0 0.4215277777777778 0.668359375 0.02361111111111111 0.01484375
0 0.6604166666666667 0.64296875 0.029166666666666667 0.021875
0 0.06388888888888888 0.628515625 0.025 0.01796875
0 0.3576388888888889 0.628515625 0.02638888888888889 0.02265625
0 0.7270833333333333 0.626953125 0.04861111111111111 0.02265625
0 0.7923611111111111 0.621484375 0.043055555555555555 0.01640625
0 0.21875 0.61953125 0.043055555555555555 0.021875
0 0.6840277777777778 0.614453125 0.02361111111111111 0.01328125
0 0.35 0.60390625 0.016666666666666666 0.009375
0 0.1527777777777778 0.592578125 0.03888888888888889 0.01328125
0 0.6222222222222222 0.590625 0.016666666666666666 0.015625
0 0.9215277777777777 0.58515625 0.015277777777777777 0.0078125
0 0.8555555555555555 0.59296875 0.05277777777777778 0.03125
0 0.7784722222222222 0.56640625 0.020833333333333332 0.0109375
0 0.47708333333333336 0.55859375 0.02638888888888889 0.0125
0 0.7680555555555556 0.55234375 0.030555555555555555 0.0140625
0 0.5340277777777778 0.545703125 0.02361111111111111 0.01015625
0 0.6375 0.53828125 0.011111111111111112 0.0078125
0 0.8013888888888889 0.52734375 0.030555555555555555 0.0203125
0 0.7923611111111111 0.50703125 0.03194444444444444 0.015625
0 0.8243055555555555 0.50234375 0.015277777777777777 0.009375
0 0.5298611111111111 0.490234375 0.0125 0.01171875
0 0.8868055555555555 0.47421875 0.0125 0.009375
0 0.7993055555555556 0.47421875 0.02638888888888889 0.0171875
0 0.07569444444444444 0.468359375 0.04861111111111111 0.02265625
0 0.9104166666666667 0.458203125 0.020833333333333332 0.01171875
0 0.24097222222222223 0.438671875 0.03194444444444444 0.02421875
0 0.19236111111111112 0.42421875 0.02638888888888889 0.0171875
0 0.9201388888888888 0.418359375 0.02638888888888889 0.01953125
0 0.125 0.409765625 0.022222222222222223 0.00703125
0 0.9743055555555555 0.4109375 0.034722222222222224 0.0171875
0 0.15902777777777777 0.41328125 0.02361111111111111 0.021875
0 0.8444444444444444 0.40703125 0.027777777777777776 0.015625
0 0.21180555555555555 0.407421875 0.034722222222222224 0.01953125
0 0.8861111111111111 0.384375 0.030555555555555555 0.015625
0 0.725 0.368359375 0.022222222222222223 0.01484375
0 0.9493055555555555 0.352734375 0.018055555555555554 0.01484375
0 0.8256944444444444 0.35390625 0.029166666666666667 0.01875
0 0.7222222222222222 0.336328125 0.027777777777777776 0.01484375
0 0.9340277777777778 0.33203125 0.020833333333333332 0.009375
0 0.6951388888888889 0.330078125 0.018055555555555554 0.01640625
0 0.7402777777777778 0.319921875 0.030555555555555555 0.01640625
0 0.9152777777777777 0.31015625 0.025 0.0140625
0 0.8430555555555556 0.309765625 0.027777777777777776 0.01640625
0 0.6736111111111112 0.304296875 0.016666666666666666 0.01328125
0 0.02013888888888889 0.21875 0.04027777777777778 0.021875
0 0.9444444444444444 0.216015625 0.058333333333333334 0.02265625
0 0.9430555555555555 0.198046875 0.013888888888888888 0.01015625
