0 0.013194444444444444 0.72421875 0.02361111111111111 0.0203125
0 0.06111111111111111 0.720703125 0.044444444444444446 0.02890625
0 0.8083333333333333 0.707421875 0.06111111111111111 0.03046875
0 0.044444444444444446 0.592578125 0.08611111111111111 0.03828125
0 0.33194444444444443 0.58515625 0.05277777777777778 0.0359375
0 0.7472222222222222 0.533984375 0.08333333333333333 0.03359375
0 0.4701388888888889 0.54140625 0.06527777777777778 0.05
0 0.3701388888888889 0.447265625 0.04583333333333333 0.02109375
0 0.46111111111111114 0.403515625 0.05277777777777778 0.02734375
0 0.4875 0.31015625 0.06388888888888888 0.0765625
