0 0.9277777777777778 0.839453125 0.075 0.04609375
0 0.1625 0.7859375 0.027777777777777776 0.0171875
0 0.029861111111111113 0.786328125 0.029166666666666667 0.01953125
0 0.4173611111111111 0.734765625 0.04861111111111111 0.03515625
0 0.08958333333333333 0.72265625 0.043055555555555555 0.028125
0 0.5583333333333333 0.678515625 0.13333333333333333 0.04453125
0 0.3861111111111111 0.660546875 0.03333333333333333 0.01484375
0 0.5791666666666667 0.640234375 0.075 0.02890625
0 0.1798611111111111 0.616015625 0.034722222222222224 0.01953125
0 0.6958333333333333 0.6203125 0.075 0.0390625
0 0.3277777777777778 0.610546875 0.027777777777777776 0.02109375
0 0.4201388888888889 0.603515625 0.05694444444444444 0.02578125
0 0.5104166666666666 0.6015625 0.059722222222222225 0.034375
0 0.029861111111111113 0.587109375 0.04861111111111111 0.03203125
0 0.7868055555555555 0.58671875 0.06805555555555555 0.0390625
0 0.7173611111111111 0.565234375 0.059722222222222225 0.02734375
0 0.4041666666666667 0.558984375 0.027777777777777776 0.02578125
0 0.33611111111111114 0.55703125 0.05277777777777778 0.0265625
0 0.049305555555555554 0.539453125 0.05138888888888889 0.02578125
0 0.1076388888888889 0.534765625 0.04583333333333333 0.03359375
0 0.8347222222222223 0.519140625 0.05277777777777778 0.01328125
0 0.14722222222222223 0.508203125 0.09166666666666666 0.04921875
0 0.7513888888888889 0.47890625 0.03333333333333333 0.0375
0 0.5736111111111111 0.406640625 0.04722222222222222 0.03515625
0 0.4625 0.33984375 0.044444444444444446 0.0203125
0 0.5291666666666667 0.33828125 0.030555555555555555 0.025
0 0.6465277777777778 0.323046875 0.043055555555555555 0.02109375
0 0.90625 0.313671875 0.0625 0.03203125
0 0.4263888888888889 0.30859375 0.05277777777777778 0.0234375
0 0.36875 0.30390625 0.04861111111111111 0.025
0 0.8409722222222222 0.29765625 0.06527777777777778 0.03125
0 0.5125 0.254296875 0.05 0.01171875
0 0.5993055555555555 0.221484375 0.17083333333333334 0.05078125
0 0.48680555555555555 0.176953125 0.08472222222222223 0.03203125
0 0.5861111111111111 0.16640625 0.11388888888888889 0.0359375
0 0.5229166666666667 0.1078125 0.0625 0.0359375
0 0.5930555555555556 0.07890625 0.10833333333333334 0.05
0 0.5611111111111111 0.036328125 0.08055555555555556 0.06015625
