0 0.875 0.701171875 0.075 0.02890625
0 0.86875 0.659765625 0.07083333333333333 0.03359375
0 0.01875 0.616015625 0.034722222222222224 0.01953125
0 0.04375 0.597265625 0.034722222222222224 0.01796875
0 0.8611111111111112 0.587890625 0.06666666666666667 0.03671875
0 0.9368055555555556 0.602734375 0.11527777777777778 0.08203125
0 0.6472222222222223 0.5453125 0.04722222222222222 0.0203125
0 0.8972222222222223 0.54140625 0.075 0.040625
0 0.7236111111111111 0.523828125 0.019444444444444445 0.01171875
0 0.034027777777777775 0.523046875 0.05416666666666667 0.03203125
0 0.38680555555555557 0.510546875 0.0375 0.02265625
0 0.7881944444444444 0.473828125 0.029166666666666667 0.00859375
0 0.18888888888888888 0.47890625 0.05 0.0265625
0 0.9625 0.463671875 0.030555555555555555 0.01484375
0 0.31319444444444444 0.457421875 0.034722222222222224 0.01328125
0 0.8020833333333334 0.451953125 0.034722222222222224 0.01953125
0 0.7534722222222222 0.45 0.04861111111111111 0.0265625
0 0.9236111111111112 0.4359375 0.025 0.015625
0 0.8743055555555556 0.428125 0.03194444444444444 0.0125
0 0.8381944444444445 0.40625 0.0375 0.0140625
0 0.9104166666666667 0.407421875 0.034722222222222224 0.02265625
0 0.7069444444444445 0.405859375 0.03611111111111111 0.01953125
0 0.9444444444444444 0.403125 0.03611111111111111 0.021875
0 0.5208333333333334 0.393359375 0.025 0.01171875
0 0.2326388888888889 0.393359375 0.029166666666666667 0.01796875
0 0.32430555555555557 0.4 0.04027777777777778 0.0390625
0 0.1840277777777778 0.378125 0.034722222222222224 0.01875
0 0.2534722222222222 0.35859375 0.0375 0.0203125
0 0.12708333333333333 0.33046875 0.009722222222222222 0.0140625
0 0.0125 0.33203125 0.022222222222222223 0.0171875
0 0.4173611111111111 0.33125 0.034722222222222224 0.01875
0 0.2125 0.321484375 0.08888888888888889 0.05078125
0 0.26666666666666666 0.27734375 0.03611111111111111 0.01875
0 0.21597222222222223 0.27578125 0.04861111111111111 0.021875
0 0.16666666666666666 0.2671875 0.03611111111111111 0.021875
0 0.10833333333333334 0.248046875 0.027777777777777776 0.01640625
0 0.15555555555555556 0.226953125 0.03888888888888889 0.02109375
0 0.03333333333333333 0.214453125 0.05555555555555555 0.03046875
0 0.05416666666666667 0.1984375 0.022222222222222223 0.0203125
0 0.10625 0.18828125 0.043055555555555555 0.021875
0 0.04236111111111111 0.152734375 0.029166666666666667 0.02265625
0 0.008333333333333333 0.15 0.016666666666666666 0.025
0 0.08611111111111111 0.140625 0.030555555555555555 0.0203125
0 0.04791666666666667 0.107421875 0.0763888888888889 0.02734375
