0 0.9861111111111112 0.73046875 0.027777777777777776 0.0296875
0 0.029166666666666667 0.68046875 0.044444444444444446 0.021875
0 0.2743055555555556 0.684375 0.05694444444444444 0.0328125
0 0.8236111111111111 0.678515625 0.11666666666666667 0.07734375
0 0.9868055555555556 0.652734375 0.02361111111111111 0.03828125
0 0.3263888888888889 0.637109375 0.044444444444444446 0.02734375
0 0.4048611111111111 0.590625 0.03194444444444444 0.01875
0 0.5972222222222222 0.58515625 0.05277777777777778 0.028125
0 0.7215277777777778 0.56875 0.0625 0.0296875
0 0.35 0.5140625 0.04722222222222222 0.0234375
0 0.24305555555555555 0.48359375 0.044444444444444446 0.0265625
0 0.4708333333333333 0.468359375 0.030555555555555555 0.01953125
0 0.22916666666666666 0.455859375 0.041666666666666664 0.01640625
0 0.9868055555555556 0.45703125 0.02638888888888889 0.0453125
0 0.5243055555555556 0.439453125 0.05694444444444444 0.03046875
0 0.2465277777777778 0.423828125 0.04027777777777778 0.01953125
0 0.9319444444444445 0.404296875 0.03611111111111111 0.02109375
0 0.1527777777777778 0.39453125 0.03611111111111111 0.021875
0 0.08402777777777778 0.34765625 0.02361111111111111 0.025
0 0.38125 0.337109375 0.043055555555555555 0.02578125
0 0.02638888888888889 0.3234375 0.03611111111111111 0.0203125
0 0.1125 0.307421875 0.05277777777777778 0.02734375
0 0.7541666666666667 0.31875 0.1361111111111111 0.0546875
0 0.03888888888888889 0.294921875 0.044444444444444446 0.01484375
0 0.8520833333333333 0.2765625 0.059722222222222225 0.0328125
0 0.09166666666666666 0.273828125 0.041666666666666664 0.03046875
0 0.94375 0.273046875 0.05416666666666667 0.03203125
0 0.9743055555555555 0.24140625 0.05138888888888889 0.0359375
0 0.5444444444444444 0.227734375 0.058333333333333334 0.02890625
0 0.19791666666666666 0.22734375 0.12083333333333333 0.059375
0 0.8451388888888889 0.194140625 0.043055555555555555 0.02265625
0 0.28958333333333336 0.197265625 0.04861111111111111 0.04140625
0 0.48125 0.18984375 0.0625 0.0296875
0 0.14027777777777778 0.17421875 0.06944444444444445 0.0328125
0 0.925 0.179296875 0.07222222222222222 0.05703125
0 0.3611111111111111 0.18046875 0.09444444444444444 0.0671875
0 0.01597222222222222 0.14765625 0.029166666666666667 0.01875
0 0.3125 0.136328125 0.06111111111111111 0.01953125
0 0.5347222222222222 0.138671875 0.08611111111111111 0.04921875
0 0.9159722222222222 0.11796875 0.04861111111111111 0.0265625
0 0.4361111111111111 0.1234375 0.08333333333333333 0.0609375
0 0.5763888888888888 0.10234375 0.06944444444444445 0.0421875
0 0.36527777777777776 0.08671875 0.058333333333333334 0.0265625
0 0.27708333333333335 0.080859375 0.04583333333333333 0.01484375
0 0.6743055555555556 0.0890625 0.06805555555555555 0.034375
0 0.03611111111111111 0.092578125 0.06111111111111111 0.05078125
0 0.09444444444444444 0.076171875 0.05555555555555555 0.03203125
0 0.9673611111111111 0.081640625 0.06527777777777778 0.05234375
0 0.9951388888888889 0.051953125 0.009722222222222222 0.01796875
0 0.12986111111111112 0.047265625 0.03194444444444444 0.01484375
0 0.8902777777777777 0.04609375 0.027777777777777776 0.015625
0 0.3375 0.041796875 0.03888888888888889 0.01796875
0 0.4625 0.0578125 0.125 0.0671875
0 0.35138888888888886 0.022265625 0.03333333333333333 0.02578125
0 0.7 0.029296875 0.075 0.04140625
0 0.9541666666666667 0.025390625 0.06944444444444445 0.04453125
