0 0.7159722222222222 0.958203125 0.06527777777777778 0.03671875
0 0.3145833333333333 0.876171875 0.059722222222222225 0.03515625
0 0.10972222222222222 0.866015625 0.041666666666666664 0.02109375
0 0.45902777777777776 0.862109375 0.0375 0.01796875
0 0.6638888888888889 0.7859375 0.06388888888888888 0.040625
0 0.28194444444444444 0.769921875 0.044444444444444446 0.01953125
0 0.31805555555555554 0.764453125 0.030555555555555555 0.01796875
0 0.59375 0.70703125 0.04027777777777778 0.025
0 0.9881944444444445 0.674609375 0.020833333333333332 0.01640625
0 0.6381944444444444 0.673046875 0.04583333333333333 0.02578125
0 0.5916666666666667 0.66328125 0.03611111111111111 0.021875
0 0.5013888888888889 0.655078125 0.03888888888888889 0.02578125
0 0.7097222222222223 0.622265625 0.041666666666666664 0.01953125
0 0.5333333333333333 0.627734375 0.06944444444444445 0.03359375
0 0.6659722222222222 0.61953125 0.043055555555555555 0.0203125
0 0.3854166666666667 0.609375 0.04027777777777778 0.0203125
0 0.43819444444444444 0.6 0.04583333333333333 0.0140625
0 0.6125 0.603515625 0.09444444444444444 0.04609375
0 0.5618055555555556 0.579296875 0.06805555555555555 0.03671875
0 0.3548611111111111 0.561328125 0.04583333333333333 0.03046875
0 0.6298611111111111 0.505078125 0.043055555555555555 0.02734375
0 0.7159722222222222 0.491796875 0.059722222222222225 0.02578125
0 0.5368055555555555 0.487109375 0.10416666666666667 0.03984375
0 0.46805555555555556 0.438671875 0.025 0.01953125
0 0.6847222222222222 0.423828125 0.05277777777777778 0.03203125
0 0.4284722222222222 0.385546875 0.0763888888888889 0.04921875
0 0.5104166666666666 0.34609375 0.0625 0.0375
0 0.6444444444444445 0.321484375 0.022222222222222223 0.01328125
0 0.5715277777777777 0.321875 0.0763888888888889 0.0421875
0 0.6361111111111111 0.301953125 0.03611111111111111 0.02734375
0 0.5041666666666667 0.15859375 0.1388888888888889 0.0515625
0 0.4305555555555556 0.128125 0.044444444444444446 0.0265625
0 0.5319444444444444 0.03984375 0.05 0.03125
