0 0.4861111111111111 0.97265625 0.06666666666666667 0.0359375
0 0.7048611111111112 0.940234375 0.07083333333333333 0.04765625
0 0.31180555555555556 0.865234375 0.059722222222222225 0.03515625
0 0.1125 0.849609375 0.041666666666666664 0.02109375
0 0.4527777777777778 0.84765625 0.05277777777777778 0.0234375
0 0.6618055555555555 0.7734375 0.05694444444444444 0.0375
0 0.29305555555555557 0.754296875 0.06111111111111111 0.02109375
0 0.42777777777777776 0.749609375 0.030555555555555555 0.01796875
0 0.6041666666666666 0.69375 0.06111111111111111 0.0296875
0 0.9881944444444445 0.674609375 0.020833333333333332 0.01640625
0 0.6375 0.664453125 0.05 0.03046875
0 0.5902777777777778 0.65390625 0.03611111111111111 0.021875
0 0.5 0.644140625 0.03888888888888889 0.02265625
0 0.7166666666666667 0.613671875 0.03888888888888889 0.01796875
0 0.6645833333333333 0.61015625 0.043055555555555555 0.0203125
0 0.38263888888888886 0.5984375 0.04027777777777778 0.0203125
0 0.4395833333333333 0.5890625 0.04583333333333333 0.0140625
0 0.5791666666666667 0.601953125 0.16111111111111112 0.06171875
0 0.5618055555555556 0.569921875 0.06805555555555555 0.03671875
0 0.34791666666666665 0.548828125 0.04583333333333333 0.03046875
0 0.6305555555555555 0.491796875 0.05277777777777778 0.02734375
0 0.7465277777777778 0.48203125 0.020833333333333332 0.0203125
0 0.7145833333333333 0.484375 0.043055555555555555 0.025
0 0.5375 0.475 0.10833333333333334 0.0421875
0 0.6923611111111111 0.415234375 0.05138888888888889 0.03046875
0 0.4951388888888889 0.38984375 0.02361111111111111 0.0203125
0 0.42916666666666664 0.37421875 0.07777777777777778 0.0484375
0 0.5159722222222223 0.340625 0.0625 0.0375
0 0.5618055555555556 0.32109375 0.02361111111111111 0.0140625
0 0.6583333333333333 0.311328125 0.030555555555555555 0.02421875
0 0.59375 0.29921875 0.015277777777777777 0.0109375
0 0.6548611111111111 0.283984375 0.02638888888888889 0.01328125
0 0.5895833333333333 0.25703125 0.0375 0.01875
0 0.5194444444444445 0.14609375 0.1361111111111111 0.0515625
0 0.4444444444444444 0.11796875 0.044444444444444446 0.0265625
0 0.5458333333333333 0.02890625 0.05 0.03125
