0 0.6430555555555556 0.66328125 0.06388888888888888 0.0328125
0 0.6131944444444445 0.64453125 0.02361111111111111 0.0140625
0 0.6888888888888889 0.62265625 0.027777777777777776 0.021875
0 0.9194444444444444 0.603125 0.044444444444444446 0.0203125
0 0.8944444444444445 0.5828125 0.03888888888888889 0.0203125
0 0.6458333333333334 0.566796875 0.03888888888888889 0.02421875
0 0.9736111111111111 0.55390625 0.044444444444444446 0.0265625
0 0.58125 0.5484375 0.05138888888888889 0.0234375
0 0.8368055555555556 0.53515625 0.05416666666666667 0.028125
0 0.78125 0.540234375 0.0625 0.04453125
0 0.2375 0.518359375 0.027777777777777776 0.01484375
0 0.49166666666666664 0.516015625 0.04722222222222222 0.02109375
0 0.022916666666666665 0.51328125 0.04027777777777778 0.015625
0 0.3506944444444444 0.49921875 0.02638888888888889 0.015625
0 0.16666666666666666 0.499609375 0.06111111111111111 0.02890625
0 0.4861111111111111 0.4875 0.03888888888888889 0.0140625
0 0.5590277777777778 0.489453125 0.0625 0.02109375
0 0.37430555555555556 0.48359375 0.029166666666666667 0.0140625
0 0.7 0.47890625 0.03333333333333333 0.0203125
0 0.25763888888888886 0.488671875 0.06527777777777778 0.05859375
0 0.28888888888888886 0.464453125 0.027777777777777776 0.01484375
0 0.9298611111111111 0.462109375 0.03194444444444444 0.01953125
0 0.04861111111111111 0.4578125 0.044444444444444446 0.0203125
0 0.4 0.45703125 0.025 0.021875
0 0.9 0.45 0.03611111111111111 0.021875
0 0.09652777777777778 0.45 0.03194444444444444 0.0234375
0 0.31319444444444444 0.4484375 0.029166666666666667 0.021875
0 0.9930555555555556 0.44375 0.013888888888888888 0.015625
0 0.13472222222222222 0.44453125 0.019444444444444445 0.0171875
0 0.3819444444444444 0.443359375 0.030555555555555555 0.02265625
0 0.15069444444444444 0.461328125 0.10416666666666667 0.05859375
0 0.4173611111111111 0.434375 0.04027777777777778 0.015625
0 0.7402777777777778 0.431640625 0.027777777777777776 0.01484375
0 0.26180555555555557 0.436328125 0.043055555555555555 0.02578125
0 0.8236111111111111 0.42421875 0.027777777777777776 0.009375
0 0.7708333333333334 0.423046875 0.03333333333333333 0.01640625
0 0.4361111111111111 0.4046875 0.027777777777777776 0.0109375
0 0.9604166666666667 0.402734375 0.02638888888888889 0.01484375
0 0.2152777777777778 0.39140625 0.025 0.0125
0 0.07777777777777778 0.3921875 0.022222222222222223 0.0140625
0 0.41944444444444445 0.39140625 0.030555555555555555 0.015625
0 0.76875 0.38984375 0.04583333333333333 0.03125
0 0.5902777777777778 0.387109375 0.06666666666666667 0.03203125
0 0.8715277777777778 0.378515625 0.029166666666666667 0.01796875
0 0.26180555555555557 0.375 0.02361111111111111 0.0109375
0 0.38819444444444445 0.362109375 0.029166666666666667 0.01171875
0 0.6 0.3609375 0.030555555555555555 0.0171875
0 0.7930555555555555 0.359375 0.030555555555555555 0.0171875
0 0.7229166666666667 0.358203125 0.034722222222222224 0.01796875
0 0.9625 0.355078125 0.03333333333333333 0.01796875
0 0.6826388888888889 0.35 0.02361111111111111 0.0125
0 0.5951388888888889 0.341015625 0.04027777777777778 0.02421875
0 0.24166666666666667 0.33984375 0.030555555555555555 0.021875
0 0.3784722222222222 0.321484375 0.020833333333333332 0.01640625
0 0.1840277777777778 0.312890625 0.018055555555555554 0.01171875
0 0.059722222222222225 0.31328125 0.027777777777777776 0.0125
0 0.28055555555555556 0.312890625 0.030555555555555555 0.01796875
0 0.76875 0.30703125 0.0375 0.0203125
0 0.46805555555555556 0.295703125 0.030555555555555555 0.01484375
0 0.16180555555555556 0.290234375 0.03194444444444444 0.01640625
0 0.5875 0.2875 0.03333333333333333 0.01875
0 0.3861111111111111 0.283984375 0.03888888888888889 0.02109375
0 0.29097222222222224 0.276953125 0.05416666666666667 0.02265625
0 0.21736111111111112 0.26953125 0.02638888888888889 0.0171875
0 0.5263888888888889 0.270703125 0.030555555555555555 0.02109375
0 0.8958333333333334 0.26640625 0.041666666666666664 0.0203125
0 0.7152777777777778 0.261328125 0.03888888888888889 0.01796875
0 0.5777777777777777 0.251171875 0.022222222222222223 0.01640625
0 0.8944444444444445 0.2375 0.016666666666666666 0.0171875
0 0.5097222222222222 0.234375 0.025 0.0125
0 0.24375 0.238671875 0.05694444444444444 0.03359375
0 0.8340277777777778 0.222265625 0.04027777777777778 0.01328125
0 0.3659722222222222 0.21640625 0.029166666666666667 0.015625
0 0.2423611111111111 0.20703125 0.02638888888888889 0.0109375
0 0.50625 0.2078125 0.03194444444444444 0.015625
0 0.8319444444444445 0.2046875 0.027777777777777776 0.01875
0 0.3375 0.1875 0.06666666666666667 0.021875
0 0.9201388888888888 0.173046875 0.04027777777777778 0.02578125
0 0.6083333333333333 0.1640625 0.027777777777777776 0.0203125
0 0.42569444444444443 0.162109375 0.029166666666666667 0.01640625
0 0.5701388888888889 0.15234375 0.03194444444444444 0.021875
0 0.4486111111111111 0.146484375 0.03888888888888889 0.01796875
0 0.6743055555555556 0.14140625 0.029166666666666667 0.0140625
0 0.6381944444444444 0.139453125 0.034722222222222224 0.01796875
0 0.39375 0.133203125 0.029166666666666667 0.01796875
0 0.7451388888888889 0.123828125 0.02361111111111111 0.01484375
0 0.7104166666666667 0.12578125 0.03194444444444444 0.01875
0 0.37916666666666665 0.11640625 0.027777777777777776 0.0171875
0 0.43680555555555556 0.109765625 0.029166666666666667 0.02265625
0 0.47708333333333336 0.105859375 0.04583333333333333 0.02578125
0 0.5 0.0953125 0.016666666666666666 0.0140625
0 0.37222222222222223 0.062890625 0.044444444444444446 0.02890625
