0 0.175 0.52578125 0.05277777777777778 0.0390625
0 0.2048611111111111 0.491796875 0.034722222222222224 0.02578125
0 0.47638888888888886 0.478515625 0.019444444444444445 0.01328125
0 0.19166666666666668 0.478515625 0.022222222222222223 0.01484375
0 0.5652777777777778 0.45859375 0.03333333333333333 0.0140625
0 0.5236111111111111 0.451953125 0.030555555555555555 0.01171875
0 0.6256944444444444 0.43359375 0.018055555555555554 0.0078125
0 0.5472222222222223 0.433203125 0.022222222222222223 0.01171875
0 0.04652777777777778 0.416015625 0.02361111111111111 0.01171875
0 0.6569444444444444 0.397265625 0.027777777777777776 0.01640625
0 0.2881944444444444 0.393359375 0.029166666666666667 0.01171875
0 0.07152777777777777 0.37578125 0.02638888888888889 0.0203125
0 0.11319444444444444 0.368359375 0.02361111111111111 0.01328125
0 0.5111111111111111 0.3703125 0.027777777777777776 0.01875
0 0.4097222222222222 0.366015625 0.03333333333333333 0.01953125
0 0.36736111111111114 0.35859375 0.0375 0.015625
0 0.04583333333333333 0.349609375 0.022222222222222223 0.01484375
0 0.28680555555555554 0.340234375 0.02638888888888889 0.01328125
0 0.4236111111111111 0.342578125 0.03333333333333333 0.02109375
0 0.36736111111111114 0.340234375 0.03194444444444444 0.01796875
0 0.04583333333333333 0.3296875 0.03333333333333333 0.0171875
0 0.34375 0.316796875 0.034722222222222224 0.01484375
0 0.40208333333333335 0.3015625 0.034722222222222224 0.0109375
0 0.12013888888888889 0.2953125 0.04861111111111111 0.0203125
0 0.10138888888888889 0.278125 0.025 0.0140625
0 0.01875 0.273046875 0.02361111111111111 0.01328125
0 0.2708333333333333 0.27265625 0.022222222222222223 0.0140625
0 0.31527777777777777 0.23671875 0.03611111111111111 0.0125
0 0.2013888888888889 0.21875 0.03888888888888889 0.0203125
0 0.06944444444444445 0.194140625 0.05555555555555555 0.02109375
