0 0.5784722222222223 0.63125 0.043055555555555555 0.0203125
0 0.3145833333333333 0.63046875 0.043055555555555555 0.0234375
0 0.4756944444444444 0.6234375 0.05138888888888889 0.0203125
0 0.20902777777777778 0.626953125 0.0875 0.06015625
0 0.9722222222222222 0.60390625 0.013888888888888888 0.01875
0 0.8368055555555556 0.60234375 0.03194444444444444 0.01875
0 0.8868055555555555 0.596484375 0.03194444444444444 0.01796875
0 0.46597222222222223 0.600390625 0.07083333333333333 0.02578125
0 0.3840277777777778 0.59140625 0.0375 0.0375
0 0.2972222222222222 0.572265625 0.03888888888888889 0.01796875
0 0.8368055555555556 0.560546875 0.04027777777777778 0.02109375
0 0.39305555555555555 0.558984375 0.06666666666666667 0.02421875
0 0.49375 0.542578125 0.059722222222222225 0.02109375
0 0.9131944444444444 0.527734375 0.02638888888888889 0.01328125
0 0.45416666666666666 0.521484375 0.03611111111111111 0.01953125
0 0.5125 0.5046875 0.05555555555555555 0.021875
0 0.39305555555555555 0.485546875 0.025 0.02265625
0 0.35347222222222224 0.4390625 0.0625 0.034375
0 0.9923611111111111 0.433203125 0.015277777777777777 0.02578125
0 0.9402777777777778 0.44296875 0.07777777777777778 0.0609375
0 0.41597222222222224 0.418359375 0.02638888888888889 0.01171875
0 0.4666666666666667 0.4234375 0.027777777777777776 0.025
0 0.9083333333333333 0.384765625 0.019444444444444445 0.01484375
