0 0.8152777777777778 0.81484375 0.03333333333333333 0.0234375
0 0.75625 0.80546875 0.02361111111111111 0.021875
0 0.6729166666666667 0.777734375 0.029166666666666667 0.01484375
0 0.7680555555555556 0.772265625 0.016666666666666666 0.01640625
0 0.7166666666666667 0.77109375 0.03611111111111111 0.0203125
0 0.0375 0.755078125 0.030555555555555555 0.02265625
0 0.7194444444444444 0.7421875 0.025 0.0125
0 0.6520833333333333 0.739453125 0.018055555555555554 0.01328125
0 0.5819444444444445 0.737890625 0.022222222222222223 0.01171875
0 0.5618055555555556 0.73203125 0.020833333333333332 0.0140625
0 0.6180555555555556 0.726171875 0.016666666666666666 0.01640625
0 0.059027777777777776 0.7234375 0.03194444444444444 0.0171875
0 0.6826388888888889 0.715625 0.009722222222222222 0.0078125
0 0.013194444444444444 0.702734375 0.018055555555555554 0.00859375
0 0.33819444444444446 0.706640625 0.034722222222222224 0.02421875
0 0.6381944444444444 0.6953125 0.02361111111111111 0.0046875
0 0.5993055555555555 0.702734375 0.0375 0.02421875
0 0.24791666666666667 0.6953125 0.029166666666666667 0.0125
0 0.8409722222222222 0.693359375 0.02638888888888889 0.01640625
0 0.22569444444444445 0.682421875 0.0375 0.01484375
0 0.28958333333333336 0.6734375 0.02638888888888889 0.0203125
0 0.7916666666666666 0.667578125 0.022222222222222223 0.01484375
0 0.55625 0.65078125 0.0125 0.01875
0 0.8138888888888889 0.643359375 0.011111111111111112 0.00703125
0 0.5104166666666666 0.643359375 0.04027777777777778 0.02421875
0 0.48125 0.63125 0.029166666666666667 0.0078125
0 0.6416666666666667 0.6328125 0.025 0.0125
0 0.6777777777777778 0.632421875 0.027777777777777776 0.01640625
0 0.4173611111111111 0.630078125 0.02361111111111111 0.01796875
0 0.3333333333333333 0.62734375 0.013888888888888888 0.0171875
0 0.3194444444444444 0.613671875 0.011111111111111112 0.00859375
0 0.54375 0.6109375 0.02638888888888889 0.0171875
0 0.30416666666666664 0.601171875 0.016666666666666666 0.01015625
0 0.3611111111111111 0.587890625 0.011111111111111112 0.01328125
0 0.5881944444444445 0.579296875 0.034722222222222224 0.01171875
0 0.46319444444444446 0.575390625 0.009722222222222222 0.01015625
0 0.2604166666666667 0.562890625 0.009722222222222222 0.01015625
0 0.3145833333333333 0.498828125 0.029166666666666667 0.01171875
0 0.7625 0.486328125 0.013888888888888888 0.00703125
0 0.34444444444444444 0.48984375 0.025 0.0140625
0 0.5840277777777778 0.4828125 0.0375 0.015625
0 0.6125 0.478515625 0.022222222222222223 0.01328125
0 0.35347222222222224 0.475 0.015277777777777777 0.0125
0 0.6652777777777777 0.47265625 0.03333333333333333 0.01875
0 0.6881944444444444 0.464453125 0.009722222222222222 0.01015625
0 0.7736111111111111 0.461328125 0.013888888888888888 0.00859375
0 0.7444444444444445 0.45390625 0.016666666666666666 0.0109375
0 0.3784722222222222 0.448046875 0.020833333333333332 0.01015625
0 0.16944444444444445 0.447265625 0.011111111111111112 0.01015625
0 0.2763888888888889 0.433203125 0.027777777777777776 0.01796875
0 0.45625 0.4328125 0.0375 0.0234375
0 0.39305555555555555 0.426953125 0.016666666666666666 0.01171875
0 0.5895833333333333 0.422265625 0.009722222222222222 0.00859375
0 0.17291666666666666 0.416015625 0.029166666666666667 0.01484375
0 0.14444444444444443 0.412890625 0.022222222222222223 0.01171875
0 0.48541666666666666 0.406640625 0.0125 0.01015625
0 0.2798611111111111 0.400390625 0.029166666666666667 0.01328125
0 0.18888888888888888 0.401171875 0.022222222222222223 0.01796875
0 0.2326388888888889 0.39296875 0.020833333333333332 0.009375
0 0.41597222222222224 0.38515625 0.0125 0.009375
0 0.18541666666666667 0.380078125 0.02361111111111111 0.00390625
0 0.3298611111111111 0.384765625 0.029166666666666667 0.01484375
0 0.6763888888888889 0.380078125 0.022222222222222223 0.01796875
0 0.6388888888888888 0.370703125 0.03333333333333333 0.01171875
0 0.6590277777777778 0.3609375 0.018055555555555554 0.0140625
0 0.4076388888888889 0.34765625 0.009722222222222222 0.009375
0 0.5486111111111112 0.33671875 0.013888888888888888 0.0109375
0 0.6083333333333333 0.307421875 0.022222222222222223 0.01171875
0 0.5763888888888888 0.309375 0.027777777777777776 0.0171875
0 0.4847222222222222 0.298828125 0.019444444444444445 0.01796875
0 0.41875 0.29140625 0.02638888888888889 0.0171875
0 0.5513888888888889 0.28984375 0.025 0.015625
0 0.3923611111111111 0.289453125 0.02361111111111111 0.01640625
0 0.4708333333333333 0.28359375 0.013888888888888888 0.0125
0 0.6361111111111111 0.282421875 0.016666666666666666 0.01171875
0 0.5895833333333333 0.2828125 0.0125 0.0125
0 0.4979166666666667 0.27890625 0.029166666666666667 0.0171875
0 0.4048611111111111 0.2734375 0.0125 0.0078125
0 0.5756944444444444 0.276171875 0.015277777777777777 0.01484375
0 0.4673611111111111 0.26875 0.020833333333333332 0.0109375
0 0.5611111111111111 0.25390625 0.022222222222222223 0.0125
0 0.44722222222222224 0.216796875 0.027777777777777776 0.01171875
0 0.5104166666666666 0.212109375 0.020833333333333332 0.01015625
