0 0.9618055555555556 0.68828125 0.043055555555555555 0.0234375
0 0.15069444444444444 0.63125 0.034722222222222224 0.0171875
0 0.3993055555555556 0.62890625 0.04027777777777778 0.01875
0 0.36736111111111114 0.622265625 0.029166666666666667 0.01640625
0 0.28125 0.62421875 0.04861111111111111 0.0328125
0 0.7958333333333333 0.6140625 0.027777777777777776 0.0171875
0 0.7631944444444444 0.613671875 0.029166666666666667 0.02265625
0 0.7263888888888889 0.603515625 0.03888888888888889 0.02109375
0 0.6527777777777778 0.590625 0.041666666666666664 0.0171875
0 0.6104166666666667 0.5921875 0.029166666666666667 0.021875
0 0.28194444444444444 0.590234375 0.041666666666666664 0.01953125
0 0.4111111111111111 0.5953125 0.030555555555555555 0.034375
0 0.5368055555555555 0.573046875 0.02638888888888889 0.01328125
0 0.5041666666666667 0.574609375 0.03333333333333333 0.01953125
0 0.28055555555555556 0.5671875 0.03333333333333333 0.0203125
0 0.6263888888888889 0.56640625 0.03888888888888889 0.0234375
0 0.7020833333333333 0.55859375 0.03194444444444444 0.0203125
0 0.59375 0.55859375 0.020833333333333332 0.0203125
0 0.7388888888888889 0.5484375 0.027777777777777776 0.015625
0 0.3111111111111111 0.547265625 0.030555555555555555 0.01640625
0 0.058333333333333334 0.545703125 0.022222222222222223 0.01640625
0 0.5166666666666667 0.533984375 0.08055555555555556 0.03046875
0 0.45625 0.49296875 0.034722222222222224 0.015625
0 0.33541666666666664 0.491015625 0.02361111111111111 0.02109375
0 0.39652777777777776 0.488671875 0.04027777777777778 0.02734375
0 0.26875 0.472265625 0.03194444444444444 0.01953125
0 0.18263888888888888 0.466796875 0.02638888888888889 0.01796875
0 0.5798611111111112 0.4640625 0.04027777777777778 0.025
0 0.6159722222222223 0.4609375 0.029166666666666667 0.0234375
0 0.022222222222222223 0.454296875 0.03611111111111111 0.02578125
0 0.3590277777777778 0.41953125 0.029166666666666667 0.01875
0 0.39166666666666666 0.297265625 0.027777777777777776 0.01171875
0 0.39444444444444443 0.269921875 0.03333333333333333 0.02734375
