0 0.33402777777777776 0.6546875 0.05416666666666667 0.03125
0 0.24305555555555555 0.56953125 0.05555555555555555 0.0296875
0 0.6319444444444444 0.569140625 0.10277777777777777 0.07109375
0 0.3055555555555556 0.538671875 0.05555555555555555 0.02265625
0 0.9493055555555555 0.540234375 0.06527777777777778 0.03515625
0 0.6930555555555555 0.51484375 0.05277777777777778 0.025
0 0.20694444444444443 0.503515625 0.07777777777777778 0.03984375
0 0.24722222222222223 0.485546875 0.05 0.03515625
0 0.29583333333333334 0.480078125 0.05555555555555555 0.02890625
0 0.1840277777777778 0.464453125 0.05694444444444444 0.03203125
0 0.6298611111111111 0.47109375 0.10694444444444444 0.0484375
0 0.2375 0.440625 0.06111111111111111 0.0296875
0 0.1840277777777778 0.37421875 0.0625 0.034375
0 0.14722222222222223 0.27890625 0.07777777777777778 0.05625
0 0.3784722222222222 0.096484375 0.06805555555555555 0.04609375
