0 0.027777777777777776 0.863671875 0.044444444444444446 0.03828125
0 0.9722222222222222 0.83046875 0.05277777777777778 0.03125
0 0.39444444444444443 0.81640625 0.05555555555555555 0.025
0 0.11180555555555556 0.817578125 0.034722222222222224 0.03046875
0 0.9854166666666667 0.798046875 0.029166666666666667 0.03359375
0 0.6451388888888889 0.798828125 0.07916666666666666 0.04140625
0 0.12916666666666668 0.773046875 0.03611111111111111 0.02265625
0 0.04861111111111111 0.75 0.07777777777777778 0.0296875
0 0.7111111111111111 0.73046875 0.03333333333333333 0.021875
0 0.00625 0.718359375 0.009722222222222222 0.01484375
0 0.8458333333333333 0.71953125 0.05277777777777778 0.0265625
0 0.9756944444444444 0.701953125 0.043055555555555555 0.03046875
0 0.1125 0.693359375 0.05277777777777778 0.01796875
0 0.7777777777777778 0.692578125 0.05555555555555555 0.02265625
0 0.23194444444444445 0.6734375 0.041666666666666664 0.0234375
0 0.6118055555555556 0.66796875 0.04583333333333333 0.028125
0 0.6423611111111112 0.650390625 0.043055555555555555 0.02265625
0 0.8590277777777777 0.637109375 0.05416666666666667 0.03203125
0 0.19583333333333333 0.61171875 0.022222222222222223 0.01875
0 0.03680555555555556 0.61484375 0.04027777777777778 0.028125
0 0.09930555555555555 0.60859375 0.034722222222222224 0.0171875
0 0.5666666666666667 0.595703125 0.027777777777777776 0.02421875
0 0.70625 0.600390625 0.08194444444444444 0.05859375
0 0.1111111111111111 0.581640625 0.04722222222222222 0.02421875
0 0.15347222222222223 0.567578125 0.04027777777777778 0.02578125
0 0.9722222222222222 0.5640625 0.05555555555555555 0.034375
0 0.02013888888888889 0.558984375 0.0375 0.03203125
0 0.7847222222222222 0.5515625 0.044444444444444446 0.0296875
0 0.6388888888888888 0.53125 0.05277777777777778 0.028125
0 0.18819444444444444 0.515234375 0.020833333333333332 0.02109375
0 0.6861111111111111 0.512109375 0.05555555555555555 0.02890625
0 0.2465277777777778 0.4953125 0.04861111111111111 0.01875
0 0.7555555555555555 0.4921875 0.05277777777777778 0.0234375
0 0.049305555555555554 0.4875 0.05694444444444444 0.034375
0 0.9888888888888889 0.45078125 0.019444444444444445 0.028125
0 0.8930555555555556 0.44453125 0.044444444444444446 0.0203125
0 0.7875 0.42734375 0.025 0.0140625
0 0.9354166666666667 0.41484375 0.02361111111111111 0.0125
0 0.8902777777777777 0.41015625 0.03333333333333333 0.021875
0 0.8791666666666667 0.390234375 0.03333333333333333 0.01796875
0 0.9875 0.3875 0.025 0.0234375
0 0.08611111111111111 0.34375 0.06388888888888888 0.03125
0 0.8180555555555555 0.319921875 0.03888888888888889 0.00859375
0 0.8923611111111112 0.30078125 0.043055555555555555 0.01875
0 0.7527777777777778 0.293359375 0.04722222222222222 0.02265625
0 0.8402777777777778 0.29140625 0.05277777777777778 0.0265625
0 0.7923611111111111 0.2484375 0.0763888888888889 0.03125
0 0.007638888888888889 0.21875 0.009722222222222222 0.015625
0 0.8819444444444444 0.2109375 0.041666666666666664 0.025
0 0.8625 0.180859375 0.03333333333333333 0.02109375
0 0.8277777777777777 0.13046875 0.03611111111111111 0.03125
