0 0.9861111111111112 0.646875 0.027777777777777776 0.0296875
0 0.9423611111111111 0.589453125 0.04583333333333333 0.01328125
0 0.7354166666666667 0.593359375 0.034722222222222224 0.03046875
0 0.6805555555555556 0.58671875 0.022222222222222223 0.0234375
0 0.1701388888888889 0.58671875 0.029166666666666667 0.025
0 0.21041666666666667 0.578515625 0.04583333333333333 0.02109375
0 0.9631944444444445 0.576953125 0.0375 0.02265625
0 0.2152777777777778 0.55625 0.013888888888888888 0.015625
0 0.22569444444444445 0.539453125 0.043055555555555555 0.01640625
0 0.1 0.489453125 0.044444444444444446 0.03515625
0 0.7506944444444444 0.4640625 0.02638888888888889 0.0171875
0 0.8076388888888889 0.459375 0.034722222222222224 0.009375
0 0.3277777777777778 0.4515625 0.025 0.015625
0 0.11805555555555555 0.44765625 0.03888888888888889 0.015625
0 0.4111111111111111 0.445703125 0.030555555555555555 0.01328125
0 0.050694444444444445 0.448046875 0.04027777777777778 0.01953125
0 0.36736111111111114 0.434375 0.05694444444444444 0.025
0 0.12291666666666666 0.4265625 0.02361111111111111 0.0171875
0 0.5333333333333333 0.424609375 0.03611111111111111 0.02890625
0 0.6451388888888889 0.409375 0.04027777777777778 0.0203125
0 0.5888888888888889 0.396875 0.03333333333333333 0.015625
0 0.04861111111111111 0.39609375 0.03611111111111111 0.0140625
0 0.49375 0.39453125 0.0375 0.01875
0 0.19722222222222222 0.390234375 0.03333333333333333 0.01015625
0 0.8069444444444445 0.391015625 0.06111111111111111 0.02265625
0 0.2423611111111111 0.38125 0.034722222222222224 0.03125
0 0.5173611111111112 0.372265625 0.05416666666666667 0.01953125
0 0.8854166666666666 0.368359375 0.02361111111111111 0.01484375
0 0.7138888888888889 0.362890625 0.03333333333333333 0.02265625
0 0.9486111111111111 0.3609375 0.05555555555555555 0.03125
0 0.42569444444444443 0.351171875 0.043055555555555555 0.02109375
0 0.2659722222222222 0.32890625 0.029166666666666667 0.0125
0 0.04097222222222222 0.324609375 0.03194444444444444 0.01484375
0 0.7222222222222222 0.279296875 0.05 0.02109375
0 0.9326388888888889 0.294921875 0.11527777777777778 0.06484375
0 0.2125 0.2484375 0.025 0.015625
0 0.9305555555555556 0.2015625 0.044444444444444446 0.0140625
0 0.9368055555555556 0.1703125 0.03194444444444444 0.028125
0 0.8854166666666666 0.163671875 0.03194444444444444 0.02734375
