0 0.7833333333333333 0.68828125 0.05 0.025
0 0.4777777777777778 0.6703125 0.019444444444444445 0.0140625
0 0.8465277777777778 0.643359375 0.02638888888888889 0.02265625
0 0.5402777777777777 0.630078125 0.030555555555555555 0.01796875
0 0.7395833333333334 0.63203125 0.059722222222222225 0.0328125
0 0.3173611111111111 0.6234375 0.03194444444444444 0.0171875
0 0.5305555555555556 0.612109375 0.03888888888888889 0.01640625
0 0.41458333333333336 0.60078125 0.03194444444444444 0.0171875
0 0.4888888888888889 0.595703125 0.027777777777777776 0.01328125
0 0.27847222222222223 0.5953125 0.029166666666666667 0.0140625
0 0.7548611111111111 0.6 0.04583333333333333 0.0265625
0 0.6618055555555555 0.582421875 0.02361111111111111 0.01640625
0 0.8986111111111111 0.577734375 0.019444444444444445 0.01171875
0 0.44027777777777777 0.58046875 0.03611111111111111 0.0203125
0 0.9263888888888889 0.573828125 0.016666666666666666 0.01015625
0 0.5020833333333333 0.57421875 0.04861111111111111 0.025
0 0.5986111111111111 0.57109375 0.05277777777777778 0.0296875
0 0.4284722222222222 0.55703125 0.04583333333333333 0.0234375
0 0.8201388888888889 0.55859375 0.059722222222222225 0.0328125
0 0.48055555555555557 0.54609375 0.019444444444444445 0.0140625
0 0.6784722222222223 0.54375 0.0375 0.0296875
0 0.8819444444444444 0.531640625 0.03888888888888889 0.02265625
0 0.03958333333333333 0.52265625 0.04861111111111111 0.025
0 0.6381944444444444 0.51328125 0.018055555555555554 0.009375
0 0.45625 0.51171875 0.05138888888888889 0.0234375
0 0.4354166666666667 0.501171875 0.020833333333333332 0.01484375
0 0.9840277777777777 0.492578125 0.03194444444444444 0.02734375
0 0.9430555555555555 0.479296875 0.03888888888888889 0.01953125
0 0.875 0.47578125 0.027777777777777776 0.0125
0 0.7826388888888889 0.48125 0.05138888888888889 0.0234375
0 0.7152777777777778 0.474609375 0.044444444444444446 0.02265625
0 0.1451388888888889 0.469921875 0.034722222222222224 0.01484375
0 0.6236111111111111 0.455859375 0.025 0.00859375
0 0.9381944444444444 0.453515625 0.05138888888888889 0.02890625
0 0.6368055555555555 0.416015625 0.029166666666666667 0.01484375
0 0.5166666666666667 0.41015625 0.022222222222222223 0.0125
0 0.8638888888888889 0.407421875 0.027777777777777776 0.01484375
0 0.6784722222222223 0.409375 0.05138888888888889 0.0203125
0 0.9256944444444445 0.4015625 0.029166666666666667 0.0109375
0 0.6416666666666667 0.398046875 0.03333333333333333 0.01171875
0 0.6284722222222222 0.386328125 0.02361111111111111 0.01171875
0 0.7013888888888888 0.37734375 0.016666666666666666 0.009375
0 0.7243055555555555 0.37734375 0.02361111111111111 0.01875
0 0.1798611111111111 0.383984375 0.07916666666666666 0.03828125
0 0.4895833333333333 0.366796875 0.03194444444444444 0.01640625
0 0.5708333333333333 0.3609375 0.03333333333333333 0.021875
0 0.04861111111111111 0.3703125 0.058333333333333334 0.0453125
0 0.2763888888888889 0.354296875 0.03333333333333333 0.01640625
0 0.40347222222222223 0.3515625 0.029166666666666667 0.0203125
0 0.5284722222222222 0.348046875 0.02361111111111111 0.01484375
0 0.9347222222222222 0.339453125 0.030555555555555555 0.01640625
0 0.21180555555555555 0.3296875 0.020833333333333332 0.009375
0 0.3819444444444444 0.327734375 0.03333333333333333 0.01484375
0 0.0875 0.33125 0.06666666666666667 0.0265625
0 0.34444444444444444 0.312109375 0.05 0.02734375
0 0.13125 0.305859375 0.03194444444444444 0.02890625
0 0.89375 0.299609375 0.02638888888888889 0.01953125
0 0.5256944444444445 0.297265625 0.034722222222222224 0.01640625
0 0.17847222222222223 0.29609375 0.043055555555555555 0.0265625
0 0.4131944444444444 0.261328125 0.03194444444444444 0.01171875
0 0.9729166666666667 0.269140625 0.05138888888888889 0.03046875
0 0.4166666666666667 0.246484375 0.027777777777777776 0.01484375
0 0.9729166666666667 0.24140625 0.029166666666666667 0.0109375
0 0.24166666666666667 0.248828125 0.05277777777777778 0.02578125
0 0.33402777777777776 0.23984375 0.029166666666666667 0.0171875
0 0.6229166666666667 0.239453125 0.029166666666666667 0.01796875
0 0.46875 0.2390625 0.0375 0.0203125
0 0.5875 0.22578125 0.03611111111111111 0.015625
0 0.5006944444444444 0.228125 0.029166666666666667 0.0203125
0 0.7756944444444445 0.226953125 0.034722222222222224 0.01953125
0 0.6993055555555555 0.220703125 0.029166666666666667 0.01640625
0 0.3958333333333333 0.221484375 0.027777777777777776 0.02109375
0 0.47847222222222224 0.213671875 0.034722222222222224 0.01953125
0 0.07430555555555556 0.210546875 0.02638888888888889 0.01328125
0 0.44166666666666665 0.213671875 0.03611111111111111 0.02109375
0 0.8208333333333333 0.211328125 0.041666666666666664 0.02109375
0 0.3611111111111111 0.20859375 0.030555555555555555 0.0171875
0 0.775 0.20390625 0.030555555555555555 0.0171875
0 0.8694444444444445 0.1984375 0.03888888888888889 0.0203125
0 0.7993055555555556 0.19296875 0.04027777777777778 0.015625
0 0.041666666666666664 0.192578125 0.022222222222222223 0.01484375
0 0.7472222222222222 0.191015625 0.03611111111111111 0.02265625
0 0.22361111111111112 0.191015625 0.04722222222222222 0.02890625
0 0.09930555555555555 0.183984375 0.034722222222222224 0.01484375
0 0.8402777777777778 0.1828125 0.027777777777777776 0.01875
0 0.009722222222222222 0.175390625 0.016666666666666666 0.01328125
0 0.6277777777777778 0.176953125 0.027777777777777776 0.01796875
0 0.5 0.17421875 0.019444444444444445 0.0140625
0 0.8916666666666667 0.17265625 0.03888888888888889 0.021875
0 0.8076388888888889 0.17421875 0.0375 0.0265625
0 0.7013888888888888 0.171875 0.041666666666666664 0.0234375
0 0.9715277777777778 0.160546875 0.04027777777777778 0.01953125
0 0.059027777777777776 0.15390625 0.02361111111111111 0.015625
0 0.9375 0.1609375 0.03888888888888889 0.040625
0 0.6 0.150390625 0.03888888888888889 0.02109375
0 0.02361111111111111 0.136328125 0.030555555555555555 0.01640625
0 0.6902777777777778 0.13359375 0.041666666666666664 0.0265625
0 0.17083333333333334 0.122265625 0.03333333333333333 0.02265625
0 0.24861111111111112 0.118359375 0.03888888888888889 0.02578125
0 0.23402777777777778 0.09765625 0.02638888888888889 0.0234375
0 0.2076388888888889 0.090234375 0.04027777777777778 0.02578125
0 0.2013888888888889 0.07265625 0.03333333333333333 0.0109375
0 0.2298611111111111 0.071484375 0.029166666666666667 0.02578125
0 0.16527777777777777 0.066015625 0.025 0.01640625
0 0.14375 0.052734375 0.03194444444444444 0.01796875
0 0.03125 0.050390625 0.03194444444444444 0.01328125
0 0.06944444444444445 0.071875 0.08055555555555556 0.0625
