0 0.1597222222222222 0.820703125 0.041666666666666664 0.02578125
0 0.21319444444444444 0.812890625 0.0125 0.01171875
0 0.32222222222222224 0.787890625 0.04722222222222222 0.03046875
0 0.10833333333333334 0.73984375 0.016666666666666666 0.015625
0 0.2798611111111111 0.73359375 0.029166666666666667 0.009375
0 0.14722222222222223 0.7265625 0.025 0.0234375
0 0.9861111111111112 0.723046875 0.022222222222222223 0.01953125
0 0.06527777777777778 0.590234375 0.030555555555555555 0.01640625
0 0.009027777777777777 0.577734375 0.018055555555555554 0.01484375
0 0.5798611111111112 0.55234375 0.04861111111111111 0.025
0 0.07916666666666666 0.50078125 0.019444444444444445 0.0171875
0 0.11041666666666666 0.494921875 0.043055555555555555 0.02109375
0 0.10555555555555556 0.45 0.03888888888888889 0.0203125
0 0.020833333333333332 0.438671875 0.041666666666666664 0.03203125
0 0.04513888888888889 0.417578125 0.02638888888888889 0.01640625
0 0.09027777777777778 0.423828125 0.06388888888888888 0.04296875
0 0.01875 0.389453125 0.034722222222222224 0.02421875
0 0.021527777777777778 0.36484375 0.034722222222222224 0.0125
0 0.5993055555555555 0.31953125 0.0763888888888889 0.03125
0 0.09236111111111112 0.314453125 0.0375 0.02421875
0 0.013194444444444444 0.270703125 0.020833333333333332 0.02265625
0 0.5638888888888889 0.246484375 0.030555555555555555 0.02109375
0 0.3854166666666667 0.231640625 0.043055555555555555 0.02265625
0 0.38263888888888886 0.190234375 0.10694444444444444 0.04140625
0 0.3527777777777778 0.172265625 0.03333333333333333 0.02265625
