0 0.7902777777777777 0.82109375 0.019444444444444445 0.021875
0 0.9576388888888889 0.784765625 0.04583333333333333 0.02734375
0 0.31875 0.750390625 0.029166666666666667 0.02265625
0 0.27847222222222223 0.75078125 0.04583333333333333 0.025
0 0.22777777777777777 0.742578125 0.05 0.03046875
0 0.7361111111111112 0.727734375 0.04722222222222222 0.01953125
0 0.19166666666666668 0.71953125 0.05555555555555555 0.0234375
0 0.7666666666666667 0.696484375 0.008333333333333333 0.01171875
0 0.6291666666666667 0.69453125 0.019444444444444445 0.021875
0 0.3347222222222222 0.68046875 0.041666666666666664 0.0203125
0 0.7506944444444444 0.6359375 0.029166666666666667 0.0109375
0 0.5722222222222222 0.622265625 0.013888888888888888 0.01328125
0 0.28541666666666665 0.590234375 0.04027777777777778 0.02109375
0 0.24722222222222223 0.584765625 0.03888888888888889 0.02578125
0 0.65625 0.5796875 0.029166666666666667 0.0171875
0 0.625 0.553515625 0.041666666666666664 0.03203125
0 0.3402777777777778 0.52578125 0.03611111111111111 0.0109375
0 0.5694444444444444 0.54453125 0.05 0.071875
0 0.6131944444444445 0.499609375 0.034722222222222224 0.03515625
0 0.3902777777777778 0.484765625 0.041666666666666664 0.02109375
0 0.3736111111111111 0.458984375 0.025 0.00703125
0 0.42569444444444443 0.4640625 0.043055555555555555 0.025
0 0.61875 0.442578125 0.04027777777777778 0.02734375
0 0.5416666666666666 0.435546875 0.041666666666666664 0.01796875
0 0.23958333333333334 0.429296875 0.029166666666666667 0.01796875
0 0.6527777777777778 0.419921875 0.03611111111111111 0.02578125
0 0.6048611111111111 0.405859375 0.029166666666666667 0.01796875
0 0.6569444444444444 0.3984375 0.025 0.015625
0 0.5916666666666667 0.3734375 0.06944444444444445 0.0234375
0 0.3770833333333333 0.3640625 0.02638888888888889 0.0171875
0 0.42916666666666664 0.3546875 0.03333333333333333 0.021875
0 0.5923611111111111 0.35234375 0.04027777777777778 0.01875
0 0.3506944444444444 0.340234375 0.029166666666666667 0.01171875
0 0.46319444444444446 0.340625 0.04861111111111111 0.0234375
0 0.4583333333333333 0.3171875 0.03888888888888889 0.0125
0 0.6715277777777777 0.295703125 0.03194444444444444 0.02578125
0 0.42986111111111114 0.29375 0.05138888888888889 0.0296875
0 0.4263888888888889 0.268359375 0.041666666666666664 0.01953125
0 0.5895833333333333 0.251953125 0.0375 0.02109375
0 0.4597222222222222 0.261328125 0.05277777777777778 0.04296875
0 0.5006944444444444 0.148046875 0.04861111111111111 0.03046875
0 0.4638888888888889 0.0890625 0.05 0.0203125
