0 0.5034722222222222 0.748828125 0.04861111111111111 0.01484375
0 0.6291666666666667 0.68828125 0.013888888888888888 0.015625
0 0.9361111111111111 0.68984375 0.025 0.0234375
0 0.7944444444444444 0.676171875 0.027777777777777776 0.01796875
0 0.9319444444444445 0.669921875 0.025 0.01484375
0 0.8895833333333333 0.674609375 0.04583333333333333 0.02421875
0 0.28680555555555554 0.6671875 0.04861111111111111 0.0234375
0 0.875 0.646484375 0.019444444444444445 0.01484375
0 0.6743055555555556 0.626171875 0.02638888888888889 0.02421875
0 0.27569444444444446 0.6265625 0.09027777777777778 0.0421875
0 0.8972222222222223 0.571484375 0.022222222222222223 0.01015625
0 0.3104166666666667 0.562890625 0.05416666666666667 0.02109375
0 0.2659722222222222 0.557421875 0.034722222222222224 0.02109375
0 0.0798611111111111 0.546875 0.06527777777777778 0.0296875
0 0.3236111111111111 0.473828125 0.041666666666666664 0.02109375
0 0.4951388888888889 0.46484375 0.0375 0.01875
0 0.22847222222222222 0.45859375 0.029166666666666667 0.0203125
0 0.5444444444444444 0.44375 0.025 0.01875
0 0.31527777777777777 0.44375 0.05 0.0296875
0 0.7027777777777777 0.440234375 0.03611111111111111 0.02734375
0 0.6368055555555555 0.421875 0.034722222222222224 0.0140625
0 0.6493055555555556 0.40625 0.029166666666666667 0.01875
0 0.5986111111111111 0.409375 0.030555555555555555 0.0265625
0 0.30486111111111114 0.36953125 0.06805555555555555 0.025
0 0.5 0.213671875 0.05 0.02421875
