0 0.7638888888888888 0.676953125 0.08333333333333333 0.02734375
0 0.24861111111111112 0.670703125 0.041666666666666664 0.02421875
0 0.20972222222222223 0.664453125 0.03611111111111111 0.02734375
0 0.5423611111111111 0.64453125 0.03194444444444444 0.0171875
0 0.7534722222222222 0.620703125 0.02361111111111111 0.02109375
0 0.6597222222222222 0.616796875 0.05 0.01953125
0 0.7819444444444444 0.60625 0.03333333333333333 0.015625
0 0.5722222222222222 0.605859375 0.03611111111111111 0.01953125
0 0.7819444444444444 0.57109375 0.03611111111111111 0.0265625
0 0.8881944444444444 0.516015625 0.04861111111111111 0.01953125
0 0.7777777777777778 0.49765625 0.058333333333333334 0.0328125
0 0.7180555555555556 0.4671875 0.030555555555555555 0.0125
0 0.7590277777777777 0.466796875 0.029166666666666667 0.01640625
0 0.6743055555555556 0.4640625 0.05694444444444444 0.0296875
0 0.5472222222222223 0.451953125 0.06666666666666667 0.02734375
0 0.7604166666666666 0.445703125 0.02361111111111111 0.01640625
0 0.011111111111111112 0.442578125 0.022222222222222223 0.01796875
0 0.19305555555555556 0.423828125 0.058333333333333334 0.01640625
0 0.8048611111111111 0.417578125 0.04861111111111111 0.03984375
0 0.6083333333333333 0.401953125 0.03333333333333333 0.02421875
0 0.6611111111111111 0.35546875 0.019444444444444445 0.0203125
0 0.4638888888888889 0.35 0.03333333333333333 0.0234375
0 0.5270833333333333 0.34921875 0.059722222222222225 0.0265625
0 0.8402777777777778 0.368359375 0.1388888888888889 0.08515625
0 0.5909722222222222 0.30703125 0.043055555555555555 0.01875
0 0.6368055555555555 0.288671875 0.020833333333333332 0.01015625
0 0.9145833333333333 0.28515625 0.034722222222222224 0.01875
0 0.025 0.2765625 0.04722222222222222 0.028125
0 0.6159722222222223 0.241015625 0.05138888888888889 0.03203125
0 0.6819444444444445 0.240234375 0.027777777777777776 0.03828125
0 0.4652777777777778 0.23515625 0.044444444444444446 0.03125
0 0.7680555555555556 0.212109375 0.058333333333333334 0.03046875
0 0.6013888888888889 0.201953125 0.041666666666666664 0.02578125
0 0.5479166666666667 0.19453125 0.043055555555555555 0.0265625
0 0.6625 0.18984375 0.03333333333333333 0.021875
0 0.6284722222222222 0.155078125 0.0625 0.04921875
0 0.6854166666666667 0.146875 0.04583333333333333 0.0421875
0 0.7416666666666667 0.1390625 0.041666666666666664 0.028125
0 0.7541666666666667 0.10546875 0.06944444444444445 0.0390625
0 0.6527777777777778 0.104296875 0.06944444444444445 0.04453125
0 0.70625 0.0796875 0.04861111111111111 0.025
0 0.73125 0.053515625 0.02638888888888889 0.01796875
0 0.6763888888888889 0.05 0.05555555555555555 0.0390625
0 0.7305555555555555 0.033984375 0.05277777777777778 0.03203125
0 0.7152777777777778 0.00703125 0.016666666666666666 0.0140625
0 0.64375 0.015625 0.05416666666666667 0.03125
