0 0.02847222222222222 0.8921875 0.04861111111111111 0.03125
0 0.05486111111111111 0.844921875 0.0125 0.01484375
0 0.32708333333333334 0.840234375 0.02361111111111111 0.02265625
0 0.8631944444444445 0.805078125 0.04027777777777778 0.01796875
0 0.052083333333333336 0.783984375 0.043055555555555555 0.03046875
0 0.38680555555555557 0.7640625 0.04861111111111111 0.0234375
0 0.5902777777777778 0.73984375 0.04722222222222222 0.021875
0 0.2534722222222222 0.731640625 0.04027777777777778 0.02109375
0 0.03194444444444444 0.73125 0.03888888888888889 0.025
0 0.6284722222222222 0.71875 0.034722222222222224 0.0125
0 0.15347222222222223 0.723046875 0.04583333333333333 0.02578125
0 0.40347222222222223 0.722265625 0.05694444444444444 0.02578125
0 0.9215277777777777 0.711328125 0.034722222222222224 0.02265625
0 0.6791666666666667 0.70234375 0.06388888888888888 0.0203125
0 0.3486111111111111 0.7 0.019444444444444445 0.01875
0 0.20277777777777778 0.699609375 0.03333333333333333 0.02421875
0 0.24930555555555556 0.68984375 0.04861111111111111 0.0171875
0 0.06041666666666667 0.6828125 0.02361111111111111 0.0140625
0 0.4986111111111111 0.68515625 0.041666666666666664 0.025
0 0.17083333333333334 0.680078125 0.03333333333333333 0.02109375
0 0.35625 0.649609375 0.0375 0.01171875
0 0.25763888888888886 0.65546875 0.0763888888888889 0.028125
0 0.017361111111111112 0.638671875 0.034722222222222224 0.02734375
0 0.7902777777777777 0.6296875 0.044444444444444446 0.025
0 0.2125 0.63125 0.07777777777777778 0.0375
0 0.9673611111111111 0.603125 0.03194444444444444 0.0125
0 0.8361111111111111 0.56875 0.03333333333333333 0.021875
0 0.015277777777777777 0.544921875 0.027777777777777776 0.01640625
0 0.9805555555555555 0.526171875 0.03888888888888889 0.02109375
0 0.42916666666666664 0.518359375 0.03888888888888889 0.02109375
0 0.6229166666666667 0.511328125 0.029166666666666667 0.01328125
0 0.3645833333333333 0.509765625 0.07083333333333333 0.03671875
0 0.7277777777777777 0.49609375 0.04722222222222222 0.0234375
0 0.6743055555555556 0.4890625 0.043055555555555555 0.028125
0 0.02638888888888889 0.48046875 0.027777777777777776 0.0140625
0 0.5368055555555555 0.48125 0.05694444444444444 0.0390625
0 0.8006944444444445 0.465234375 0.04861111111111111 0.02109375
0 0.3576388888888889 0.450390625 0.02361111111111111 0.01015625
0 0.49583333333333335 0.44921875 0.025 0.0171875
0 0.3993055555555556 0.44140625 0.034722222222222224 0.0203125
0 0.5805555555555556 0.419921875 0.08333333333333333 0.05078125
0 0.7006944444444444 0.41015625 0.12361111111111112 0.046875
0 0.6215277777777778 0.373046875 0.0625 0.02890625
0 0.6875 0.3703125 0.041666666666666664 0.025
0 0.42430555555555555 0.3609375 0.029166666666666667 0.0140625
0 0.011111111111111112 0.3625 0.019444444444444445 0.01875
0 0.7805555555555556 0.363671875 0.06111111111111111 0.03046875
0 0.5208333333333334 0.366796875 0.05 0.04140625
0 0.75625 0.35 0.02638888888888889 0.01875
0 0.7194444444444444 0.349609375 0.025 0.02265625
0 0.4847222222222222 0.33203125 0.044444444444444446 0.0359375
0 0.6145833333333334 0.3046875 0.04583333333333333 0.025
0 0.5361111111111111 0.301171875 0.04722222222222222 0.01953125
0 0.7347222222222223 0.30078125 0.044444444444444446 0.0234375
0 0.5993055555555555 0.281640625 0.043055555555555555 0.01640625
0 0.6777777777777778 0.279296875 0.06388888888888888 0.03671875
0 0.6 0.2609375 0.030555555555555555 0.0171875
0 0.5131944444444444 0.265234375 0.04861111111111111 0.03046875
0 0.6479166666666667 0.256640625 0.04027777777777778 0.01953125
0 0.5631944444444444 0.252734375 0.043055555555555555 0.02734375
0 0.5979166666666667 0.19765625 0.02361111111111111 0.0203125
0 0.6194444444444445 0.1578125 0.030555555555555555 0.028125
