0 0.8479166666666667 0.6875 0.04027777777777778 0.028125
0 0.8909722222222223 0.68359375 0.04583333333333333 0.0265625
0 0.3402777777777778 0.67890625 0.044444444444444446 0.0265625
0 0.2986111111111111 0.67109375 0.03611111111111111 0.025
0 0.6291666666666667 0.655078125 0.030555555555555555 0.01640625
0 0.8708333333333333 0.629296875 0.025 0.02109375
0 0.7534722222222222 0.625390625 0.04861111111111111 0.01953125
0 0.9006944444444445 0.61484375 0.03194444444444444 0.0140625
0 0.6673611111111111 0.61171875 0.0625 0.025
0 0.8993055555555556 0.583203125 0.04583333333333333 0.03203125
0 0.7027777777777777 0.56640625 0.03888888888888889 0.015625
0 0.9847222222222223 0.522265625 0.030555555555555555 0.01796875
0 0.8826388888888889 0.503125 0.05138888888888889 0.0234375
0 0.7743055555555556 0.47109375 0.043055555555555555 0.028125
0 0.6472222222222223 0.46015625 0.06388888888888888 0.0265625
0 0.8395833333333333 0.4640625 0.07083333333333333 0.0375
0 0.08680555555555555 0.451171875 0.043055555555555555 0.02578125
0 0.2777777777777778 0.431640625 0.044444444444444446 0.01328125
0 0.9083333333333333 0.422265625 0.03611111111111111 0.03828125
0 0.7027777777777777 0.409765625 0.027777777777777776 0.01640625
0 0.8444444444444444 0.4015625 0.019444444444444445 0.015625
0 0.05763888888888889 0.4046875 0.034722222222222224 0.0234375
0 0.017361111111111112 0.3984375 0.034722222222222224 0.0171875
0 0.5576388888888889 0.358203125 0.03194444444444444 0.02265625
0 0.6291666666666667 0.3546875 0.04722222222222222 0.0234375
0 0.9361111111111111 0.37109375 0.12777777777777777 0.078125
0 0.6819444444444445 0.314453125 0.022222222222222223 0.01640625
0 0.11458333333333333 0.2875 0.043055555555555555 0.0265625
0 0.02361111111111111 0.256640625 0.04722222222222222 0.02578125
0 0.7298611111111111 0.25 0.029166666666666667 0.015625
0 0.7909722222222222 0.248828125 0.0125 0.01796875
0 0.7041666666666667 0.240234375 0.030555555555555555 0.01640625
0 0.5645833333333333 0.24296875 0.04861111111111111 0.0296875
0 0.8631944444444445 0.218359375 0.05694444444444444 0.02734375
0 0.7083333333333334 0.2109375 0.025 0.015625
0 0.6479166666666667 0.2015625 0.0375 0.0265625
0 0.7638888888888888 0.19375 0.022222222222222223 0.021875
0 0.06041666666666667 0.19140625 0.034722222222222224 0.01875
0 0.07708333333333334 0.1703125 0.059722222222222225 0.034375
0 0.7277777777777777 0.16171875 0.06388888888888888 0.040625
0 0.8388888888888889 0.145703125 0.041666666666666664 0.02578125
0 0.7881944444444444 0.153125 0.0375 0.040625
0 0.06597222222222222 0.137890625 0.04027777777777778 0.02421875
0 0.8527777777777777 0.112890625 0.06666666666666667 0.03671875
0 0.75 0.11015625 0.06388888888888888 0.04375
0 0.8097222222222222 0.087109375 0.044444444444444446 0.02734375
0 0.8013888888888889 0.050390625 0.10555555555555556 0.05390625
0 0.8131944444444444 0.0109375 0.020833333333333332 0.021875
0 0.7361111111111112 0.01875 0.06111111111111111 0.0375
