0 0.5138888888888888 0.73125 0.041666666666666664 0.01875
0 0.53125 0.676953125 0.02638888888888889 0.01640625
0 0.6305555555555555 0.66171875 0.09444444444444444 0.065625
0 0.17222222222222222 0.5828125 0.03611111111111111 0.01875
0 0.21875 0.57109375 0.05138888888888889 0.053125
0 0.8916666666666667 0.551953125 0.05555555555555555 0.02734375
0 0.6291666666666667 0.515625 0.044444444444444446 0.0234375
0 0.8534722222222222 0.509375 0.04861111111111111 0.021875
0 0.5833333333333334 0.51015625 0.041666666666666664 0.028125
0 0.8930555555555556 0.4953125 0.03888888888888889 0.025
0 0.9611111111111111 0.46953125 0.07777777777777778 0.034375
0 0.6847222222222222 0.440234375 0.030555555555555555 0.01640625
0 0.8541666666666666 0.4328125 0.05277777777777778 0.0296875
0 0.7118055555555556 0.408984375 0.04583333333333333 0.01953125
0 0.9590277777777778 0.405859375 0.018055555555555554 0.01796875
0 0.6944444444444444 0.38125 0.03333333333333333 0.0125
0 0.7673611111111112 0.38359375 0.05416666666666667 0.0296875
0 0.9868055555555556 0.362890625 0.02361111111111111 0.03046875
0 0.8736111111111111 0.356640625 0.04722222222222222 0.02109375
0 0.93125 0.352734375 0.0625 0.03359375
0 0.5430555555555555 0.344140625 0.030555555555555555 0.02109375
0 0.6548611111111111 0.321484375 0.018055555555555554 0.01015625
0 0.9027777777777778 0.32578125 0.03611111111111111 0.0203125
0 0.8895833333333333 0.28984375 0.04861111111111111 0.0234375
0 0.66875 0.277734375 0.029166666666666667 0.01484375
0 0.8909722222222223 0.26796875 0.043055555555555555 0.0171875
0 0.7326388888888888 0.26484375 0.04861111111111111 0.025
0 0.7868055555555555 0.253515625 0.04027777777777778 0.02890625
0 0.6895833333333333 0.2453125 0.0375 0.015625
0 0.7576388888888889 0.230859375 0.04027777777777778 0.01640625
0 0.9888888888888889 0.21328125 0.022222222222222223 0.0140625
0 0.7930555555555555 0.20234375 0.06666666666666667 0.028125
0 0.7284722222222222 0.201953125 0.059722222222222225 0.03359375
0 0.7243055555555555 0.173046875 0.04861111111111111 0.02109375
0 0.9159722222222222 0.1578125 0.05416666666666667 0.0234375
0 0.7902777777777777 0.1671875 0.075 0.053125
0 0.9034722222222222 0.126953125 0.03194444444444444 0.01171875
0 0.8263888888888888 0.048046875 0.044444444444444446 0.03203125
