0 0.18125 0.683203125 0.0375 0.01953125
0 0.9881944444444445 0.66328125 0.02361111111111111 0.021875
0 0.8840277777777777 0.659765625 0.0375 0.02109375
0 0.0798611111111111 0.649609375 0.05138888888888889 0.02578125
0 0.3541666666666667 0.576171875 0.03611111111111111 0.02421875
0 0.8604166666666667 0.56171875 0.03194444444444444 0.015625
0 0.7340277777777777 0.523828125 0.04027777777777778 0.01796875
0 0.8944444444444445 0.510546875 0.04722222222222222 0.02734375
0 0.2263888888888889 0.499609375 0.030555555555555555 0.01953125
0 0.4041666666666667 0.499609375 0.058333333333333334 0.03203125
0 0.5381944444444444 0.450390625 0.034722222222222224 0.01953125
0 0.5993055555555555 0.43671875 0.04583333333333333 0.021875
0 0.05694444444444444 0.43125 0.022222222222222223 0.0171875
0 0.26458333333333334 0.428125 0.020833333333333332 0.021875
0 0.19652777777777777 0.426171875 0.018055555555555554 0.01953125
0 0.09861111111111111 0.421484375 0.044444444444444446 0.02265625
0 0.07847222222222222 0.40703125 0.015277777777777777 0.0109375
0 0.05486111111111111 0.408203125 0.03194444444444444 0.01484375
0 0.5104166666666666 0.394921875 0.018055555555555554 0.01171875
0 0.11527777777777778 0.398046875 0.022222222222222223 0.01796875
0 0.825 0.399609375 0.041666666666666664 0.02265625
0 0.017361111111111112 0.394140625 0.03194444444444444 0.01484375
0 0.4527777777777778 0.387109375 0.019444444444444445 0.01171875
0 0.5090277777777777 0.3828125 0.018055555555555554 0.0109375
0 0.9756944444444444 0.391015625 0.04861111111111111 0.02890625
0 0.33958333333333335 0.383203125 0.05138888888888889 0.02109375
0 0.016666666666666666 0.373828125 0.03333333333333333 0.01171875
0 0.06458333333333334 0.375 0.029166666666666667 0.0171875
0 0.5159722222222223 0.3625 0.015277777777777777 0.0125
0 0.8986111111111111 0.35390625 0.022222222222222223 0.0125
0 0.39652777777777776 0.3515625 0.029166666666666667 0.0125
0 0.8423611111111111 0.33984375 0.03194444444444444 0.0171875
0 0.4673611111111111 0.33671875 0.018055555555555554 0.01875
0 0.54375 0.33203125 0.04861111111111111 0.028125
0 0.37430555555555556 0.3046875 0.02361111111111111 0.021875
0 0.31666666666666665 0.28359375 0.013888888888888888 0.009375
0 0.8951388888888889 0.2625 0.0375 0.021875
0 0.29444444444444445 0.261328125 0.03888888888888889 0.02265625
0 0.9555555555555556 0.255078125 0.044444444444444446 0.02890625
0 0.9909722222222223 0.2453125 0.018055555555555554 0.015625
0 0.21458333333333332 0.249609375 0.04861111111111111 0.02734375
0 0.3763888888888889 0.23125 0.016666666666666666 0.015625
0 0.9 0.230078125 0.044444444444444446 0.02109375
0 0.9902777777777778 0.20546875 0.016666666666666666 0.0125
0 0.9472222222222222 0.21875 0.03333333333333333 0.0390625
0 0.40694444444444444 0.192578125 0.03333333333333333 0.02109375
0 0.31805555555555554 0.180078125 0.06388888888888888 0.04296875
0 0.38333333333333336 0.1359375 0.030555555555555555 0.025
0 0.34791666666666665 0.127734375 0.02638888888888889 0.01328125
0 0.9805555555555555 0.11796875 0.03888888888888889 0.05
