0 0.8979166666666667 0.65546875 0.0125 0.015625
0 0.9097222222222222 0.640234375 0.030555555555555555 0.01484375
0 0.06041666666666667 0.63515625 0.029166666666666667 0.0140625
0 0.3020833333333333 0.580078125 0.029166666666666667 0.01484375
0 0.013888888888888888 0.576171875 0.027777777777777776 0.02265625
0 0.55 0.565625 0.027777777777777776 0.0171875
0 0.6743055555555556 0.555859375 0.034722222222222224 0.02265625
0 0.9430555555555555 0.555078125 0.058333333333333334 0.03046875
0 0.2826388888888889 0.54453125 0.029166666666666667 0.01875
0 0.4909722222222222 0.539453125 0.06527777777777778 0.02890625
0 0.42986111111111114 0.5359375 0.04583333333333333 0.0234375
0 0.18611111111111112 0.530859375 0.027777777777777776 0.01796875
0 0.88125 0.530078125 0.029166666666666667 0.01796875
0 0.8152777777777778 0.530078125 0.05277777777777778 0.02421875
0 0.2125 0.5265625 0.027777777777777776 0.0171875
0 0.016666666666666666 0.528125 0.030555555555555555 0.021875
0 0.10069444444444445 0.52578125 0.03194444444444444 0.01875
0 0.23680555555555555 0.52109375 0.02361111111111111 0.0140625
0 0.6506944444444445 0.522265625 0.0375 0.01953125
0 0.2743055555555556 0.516796875 0.020833333333333332 0.01484375
0 0.2951388888888889 0.516015625 0.02638888888888889 0.01484375
0 0.3902777777777778 0.5171875 0.05555555555555555 0.03125
0 0.049305555555555554 0.493359375 0.02361111111111111 0.01328125
0 0.95 0.4953125 0.019444444444444445 0.01875
0 0.6013888888888889 0.487890625 0.041666666666666664 0.02734375
0 0.09305555555555556 0.478125 0.025 0.0125
0 0.6423611111111112 0.480078125 0.04583333333333333 0.02265625
0 0.05277777777777778 0.462890625 0.03611111111111111 0.01796875
0 0.8201388888888889 0.469140625 0.05138888888888889 0.03359375
0 0.7013888888888888 0.465625 0.05 0.0296875
0 0.5444444444444444 0.456640625 0.03888888888888889 0.02421875
0 0.3840277777777778 0.45234375 0.02638888888888889 0.021875
0 0.8986111111111111 0.45 0.06388888888888888 0.0359375
0 0.46041666666666664 0.44375 0.04861111111111111 0.0265625
0 0.8104166666666667 0.43671875 0.029166666666666667 0.025
0 0.09097222222222222 0.428125 0.02638888888888889 0.0125
0 0.5972222222222222 0.4203125 0.05 0.01875
0 0.7402777777777778 0.4140625 0.03888888888888889 0.0109375
0 0.4 0.421875 0.06111111111111111 0.03125
0 0.2388888888888889 0.414453125 0.03333333333333333 0.01953125
0 0.8472222222222222 0.41484375 0.06111111111111111 0.03125
0 0.030555555555555555 0.405078125 0.027777777777777776 0.01171875
0 0.5597222222222222 0.392578125 0.03611111111111111 0.01953125
0 0.6354166666666666 0.381640625 0.0375 0.01640625
0 0.4736111111111111 0.365625 0.025 0.0171875
0 0.36527777777777776 0.361328125 0.025 0.01640625
0 0.1625 0.36640625 0.075 0.034375
0 0.5395833333333333 0.35390625 0.0375 0.0203125
0 0.47638888888888886 0.3484375 0.019444444444444445 0.0125
0 0.4513888888888889 0.329296875 0.025 0.01015625
0 0.2743055555555556 0.332421875 0.04027777777777778 0.02265625
0 0.8798611111111111 0.321484375 0.04027777777777778 0.01953125
0 0.011111111111111112 0.318359375 0.019444444444444445 0.02109375
0 0.3645833333333333 0.30859375 0.04027777777777778 0.0203125
0 0.8013888888888889 0.301171875 0.03611111111111111 0.03828125
0 0.9847222222222223 0.286328125 0.030555555555555555 0.02109375
0 0.07291666666666667 0.301953125 0.05694444444444444 0.05703125
0 0.68125 0.28046875 0.05694444444444444 0.01875
0 0.6180555555555556 0.276953125 0.041666666666666664 0.02109375
0 0.8902777777777777 0.275 0.03333333333333333 0.025
0 0.7402777777777778 0.2703125 0.05 0.034375
0 0.6513888888888889 0.262109375 0.044444444444444446 0.02109375
0 0.9388888888888889 0.272265625 0.06111111111111111 0.04609375
0 0.2465277777777778 0.255078125 0.029166666666666667 0.01484375
0 0.029861111111111113 0.26328125 0.05138888888888889 0.034375
0 0.9881944444444445 0.251171875 0.02361111111111111 0.04140625
0 0.027777777777777776 0.230859375 0.030555555555555555 0.01953125
0 0.9520833333333333 0.234375 0.05138888888888889 0.028125
0 0.8701388888888889 0.232421875 0.10694444444444444 0.03671875
0 0.006944444444444444 0.22265625 0.013888888888888888 0.021875
0 0.9534722222222223 0.1859375 0.04583333333333333 0.028125
0 0.7215277777777778 0.171875 0.03194444444444444 0.01875
0 0.8270833333333333 0.161328125 0.02361111111111111 0.01484375
0 0.9111111111111111 0.165234375 0.05277777777777778 0.03828125
0 0.7576388888888889 0.14609375 0.0375 0.0234375
0 0.9673611111111111 0.1515625 0.0625 0.0359375
0 0.6576388888888889 0.129296875 0.029166666666666667 0.01640625
0 0.8493055555555555 0.126171875 0.059722222222222225 0.01796875
0 0.7465277777777778 0.12578125 0.020833333333333332 0.01875
0 0.7201388888888889 0.122265625 0.03194444444444444 0.01484375
0 0.8013888888888889 0.122265625 0.03333333333333333 0.02109375
0 0.625 0.11875 0.041666666666666664 0.0203125
0 0.5868055555555556 0.11640625 0.03194444444444444 0.021875
0 0.9868055555555556 0.10078125 0.02638888888888889 0.015625
0 0.6555555555555556 0.094140625 0.025 0.01171875
0 0.6993055555555555 0.1015625 0.06805555555555555 0.028125
0 0.7451388888888889 0.075 0.02638888888888889 0.0171875
0 0.8923611111111112 0.031640625 0.034722222222222224 0.01484375
0 0.9597222222222223 0.031640625 0.027777777777777776 0.01953125
0 0.9027777777777778 0.01015625 0.022222222222222223 0.0140625
