0 0.44166666666666665 0.64375 0.04722222222222222 0.03125
0 0.43194444444444446 0.61875 0.04722222222222222 0.0234375
0 0.4111111111111111 0.600390625 0.041666666666666664 0.02109375
0 0.3104166666666667 0.568359375 0.03194444444444444 0.01484375
0 0.9576388888888889 0.5625 0.05138888888888889 0.0171875
0 0.46944444444444444 0.5671875 0.044444444444444446 0.0296875
0 0.2513888888888889 0.551171875 0.058333333333333334 0.02109375
0 0.5298611111111111 0.553515625 0.04583333333333333 0.02734375
0 0.43333333333333335 0.52109375 0.03333333333333333 0.0234375
0 0.35 0.516796875 0.03888888888888889 0.02265625
0 0.5791666666666667 0.508984375 0.04722222222222222 0.02578125
0 0.5326388888888889 0.508984375 0.043055555555555555 0.02734375
0 0.9208333333333333 0.49609375 0.03333333333333333 0.0203125
0 0.5423611111111111 0.4875 0.043055555555555555 0.015625
0 0.2722222222222222 0.47109375 0.027777777777777776 0.015625
0 0.5298611111111111 0.469140625 0.029166666666666667 0.01640625
0 0.22569444444444445 0.46484375 0.043055555555555555 0.0171875
0 0.46944444444444444 0.455859375 0.03888888888888889 0.02109375
0 0.14930555555555555 0.448828125 0.034722222222222224 0.02578125
0 0.9541666666666667 0.444140625 0.03888888888888889 0.02109375
0 0.9166666666666666 0.443359375 0.030555555555555555 0.01953125
0 0.5347222222222222 0.443359375 0.044444444444444446 0.01953125
0 0.8284722222222223 0.43984375 0.05694444444444444 0.0203125
0 0.9916666666666667 0.434765625 0.016666666666666666 0.01328125
0 0.9583333333333334 0.4140625 0.05 0.0296875
0 0.8201388888888889 0.410546875 0.0375 0.02265625
0 0.04791666666666667 0.38515625 0.034722222222222224 0.01875
0 0.7375 0.3421875 0.07222222222222222 0.0328125
0 0.8347222222222223 0.31796875 0.044444444444444446 0.0265625
0 0.9055555555555556 0.309375 0.05277777777777778 0.0265625
0 0.7645833333333333 0.30703125 0.034722222222222224 0.0234375
0 0.6923611111111111 0.298046875 0.04583333333333333 0.02578125
0 0.7729166666666667 0.28515625 0.02638888888888889 0.0265625
0 0.8625 0.282421875 0.058333333333333334 0.04765625
