0 0.11041666666666666 0.7390625 0.043055555555555555 0.021875
0 0.059722222222222225 0.73984375 0.030555555555555555 0.028125
0 0.35625 0.683984375 0.05138888888888889 0.02578125
0 0.13958333333333334 0.67734375 0.034722222222222224 0.021875
0 0.04375 0.662109375 0.04861111111111111 0.01640625
0 0.3236111111111111 0.658203125 0.05277777777777778 0.02890625
0 0.24722222222222223 0.653515625 0.044444444444444446 0.02578125
0 0.38472222222222224 0.63671875 0.05 0.0203125
0 0.18819444444444444 0.631640625 0.059722222222222225 0.02890625
0 0.7833333333333333 0.61875 0.04722222222222222 0.0171875
0 0.6486111111111111 0.62109375 0.07222222222222222 0.0390625
0 0.11180555555555556 0.60859375 0.06527777777777778 0.028125
0 0.70625 0.59609375 0.043055555555555555 0.01875
0 0.8777777777777778 0.5953125 0.03888888888888889 0.01875
0 0.2659722222222222 0.600390625 0.05694444444444444 0.02890625
0 0.9708333333333333 0.60703125 0.058333333333333334 0.053125
0 0.8722222222222222 0.5734375 0.041666666666666664 0.0203125
0 0.7868055555555555 0.565625 0.0375 0.0171875
0 0.9041666666666667 0.555078125 0.025 0.01171875
0 0.8638888888888889 0.5515625 0.03888888888888889 0.021875
0 0.08888888888888889 0.54609375 0.027777777777777776 0.0125
0 0.20069444444444445 0.52578125 0.07361111111111111 0.0359375
0 0.9805555555555555 0.5265625 0.03888888888888889 0.04375
0 0.18888888888888888 0.491015625 0.044444444444444446 0.02578125
0 0.12430555555555556 0.4828125 0.034722222222222224 0.0171875
0 0.06041666666666667 0.4796875 0.029166666666666667 0.015625
0 0.08611111111111111 0.46015625 0.05277777777777778 0.025
0 0.18958333333333333 0.448828125 0.04861111111111111 0.02578125
0 0.13194444444444445 0.4296875 0.025 0.0171875
0 0.8583333333333333 0.428515625 0.06666666666666667 0.03515625
0 0.1284722222222222 0.401953125 0.059722222222222225 0.02265625
