0 0.9159722222222222 0.653125 0.034722222222222224 0.021875
0 0.4708333333333333 0.62265625 0.019444444444444445 0.01875
0 0.5006944444444444 0.60625 0.02638888888888889 0.028125
0 0.7826388888888889 0.60390625 0.05138888888888889 0.028125
0 0.6319444444444444 0.591015625 0.025 0.01796875
0 0.6 0.5828125 0.03611111111111111 0.015625
0 0.34305555555555556 0.59296875 0.05277777777777778 0.0484375
0 0.7548611111111111 0.5703125 0.059722222222222225 0.0296875
0 0.5555555555555556 0.468359375 0.03333333333333333 0.02421875
0 0.36319444444444443 0.329296875 0.05138888888888889 0.02578125
