0 0.40694444444444444 0.718359375 0.06111111111111111 0.03203125
0 0.13680555555555557 0.712109375 0.03194444444444444 0.02265625
0 0.46111111111111114 0.66953125 0.05 0.025
0 0.8215277777777777 0.6265625 0.059722222222222225 0.0328125
0 0.9611111111111111 0.608203125 0.06388888888888888 0.02890625
0 0.575 0.551953125 0.03333333333333333 0.01953125
0 0.49027777777777776 0.540625 0.05277777777777778 0.0265625
0 0.3541666666666667 0.507421875 0.044444444444444446 0.02421875
0 0.61875 0.49921875 0.043055555555555555 0.0234375
0 0.027777777777777776 0.49609375 0.05277777777777778 0.0265625
0 0.33125 0.478515625 0.04027777777777778 0.01796875
0 0.7229166666666667 0.471875 0.06527777777777778 0.0296875
0 0.050694444444444445 0.468359375 0.0375 0.02421875
0 0.3388888888888889 0.445703125 0.03333333333333333 0.01640625
0 0.70625 0.433984375 0.03194444444444444 0.01796875
0 0.2298611111111111 0.413671875 0.04027777777777778 0.02265625
0 0.16111111111111112 0.368359375 0.025 0.01640625
0 0.5125 0.359375 0.041666666666666664 0.025
0 0.1451388888888889 0.35390625 0.0375 0.015625
0 0.08194444444444444 0.336328125 0.03611111111111111 0.01953125
0 0.2638888888888889 0.324609375 0.05277777777777778 0.02578125
0 0.1986111111111111 0.319921875 0.06944444444444445 0.03046875
0 0.7548611111111111 0.315234375 0.05416666666666667 0.02265625
0 0.14652777777777778 0.30078125 0.0375 0.0265625
0 0.2708333333333333 0.292578125 0.05 0.03046875
0 0.22430555555555556 0.286328125 0.034722222222222224 0.02890625
0 0.6402777777777777 0.283984375 0.058333333333333334 0.02734375
0 0.8597222222222223 0.26796875 0.05277777777777778 0.021875
0 0.3034722222222222 0.262890625 0.029166666666666667 0.02421875
0 0.10625 0.26015625 0.0375 0.0234375
0 0.16111111111111112 0.249609375 0.04722222222222222 0.01953125
0 0.3972222222222222 0.24921875 0.125 0.065625
0 0.14722222222222223 0.223046875 0.06111111111111111 0.03046875
0 0.050694444444444445 0.217578125 0.04027777777777778 0.02265625
0 0.5229166666666667 0.21875 0.05694444444444444 0.0375
0 0.6965277777777777 0.209375 0.05138888888888889 0.0328125
0 0.6055555555555555 0.20546875 0.05555555555555555 0.03125
0 0.06597222222222222 0.195703125 0.034722222222222224 0.03671875
0 0.16458333333333333 0.173828125 0.03194444444444444 0.01484375
0 0.44930555555555557 0.17421875 0.05416666666666667 0.025
0 0.10416666666666667 0.167578125 0.030555555555555555 0.01484375
0 0.15763888888888888 0.15546875 0.034722222222222224 0.01875
0 0.3125 0.1453125 0.044444444444444446 0.0421875
0 0.21180555555555555 0.1421875 0.04583333333333333 0.0359375
0 0.6965277777777777 0.139453125 0.04027777777777778 0.03359375
0 0.06736111111111111 0.141796875 0.06527777777777778 0.04140625
0 0.25 0.124609375 0.025 0.01328125
0 0.013888888888888888 0.1203125 0.025 0.01875
0 0.8104166666666667 0.145703125 0.12361111111111112 0.08359375
0 0.20416666666666666 0.112890625 0.044444444444444446 0.02734375
0 0.06388888888888888 0.10390625 0.03333333333333333 0.01875
0 0.9138888888888889 0.113671875 0.06388888888888888 0.03984375
0 0.5548611111111111 0.136328125 0.13472222222222222 0.08828125
0 0.4111111111111111 0.092578125 0.03888888888888889 0.01796875
0 0.48055555555555557 0.094921875 0.05 0.02890625
0 0.12291666666666666 0.0890625 0.06805555555555555 0.0296875
0 0.25069444444444444 0.084765625 0.05416666666666667 0.03046875
0 0.7152777777777778 0.085546875 0.14722222222222223 0.07578125
0 0.9472222222222222 0.056640625 0.06666666666666667 0.03984375
0 0.03958333333333333 0.06484375 0.0763888888888889 0.05625
0 0.19305555555555556 0.046875 0.06111111111111111 0.028125
0 0.4284722222222222 0.045703125 0.12083333333333333 0.04921875
0 0.7861111111111111 0.020703125 0.05 0.03359375
0 0.6777777777777778 0.008984375 0.058333333333333334 0.01640625
