0 0.83125 0.6296875 0.059722222222222225 0.028125
0 0.5444444444444444 0.593359375 0.041666666666666664 0.03359375
0 0.6166666666666667 0.591796875 0.09166666666666666 0.05546875
0 0.6680555555555555 0.52890625 0.06111111111111111 0.0421875
0 0.9840277777777777 0.492578125 0.03194444444444444 0.03203125
0 0.7784722222222222 0.42578125 0.029166666666666667 0.01875
0 0.5118055555555555 0.408203125 0.03194444444444444 0.02109375
0 0.3326388888888889 0.333984375 0.043055555555555555 0.03671875
0 0.5597222222222222 0.31796875 0.06388888888888888 0.0296875
0 0.02638888888888889 0.29765625 0.030555555555555555 0.01875
0 0.5541666666666667 0.294140625 0.030555555555555555 0.01640625
0 0.5958333333333333 0.291015625 0.03333333333333333 0.01953125
0 0.7590277777777777 0.287890625 0.043055555555555555 0.01953125
0 0.6034722222222222 0.269921875 0.0763888888888889 0.02421875
0 0.8569444444444444 0.25859375 0.06388888888888888 0.0234375
0 0.7486111111111111 0.255859375 0.04722222222222222 0.02734375
0 0.7965277777777777 0.252734375 0.043055555555555555 0.02265625
0 0.7076388888888889 0.221484375 0.07361111111111111 0.03515625
0 0.53125 0.195703125 0.0625 0.02890625
0 0.6729166666666667 0.11484375 0.05416666666666667 0.0375
