0 0.03680555555555556 0.724609375 0.07083333333333333 0.02265625
0 0.014583333333333334 0.697265625 0.02638888888888889 0.02890625
0 0.0763888888888889 0.677734375 0.05555555555555555 0.01953125
0 0.7861111111111111 0.648046875 0.04722222222222222 0.01328125
0 0.5131944444444444 0.649609375 0.043055555555555555 0.01953125
0 0.6909722222222222 0.64296875 0.0375 0.021875
0 0.4048611111111111 0.64375 0.09027777777777778 0.0578125
0 0.6826388888888889 0.619921875 0.07916666666666666 0.03203125
0 0.5027777777777778 0.590625 0.044444444444444446 0.0171875
0 0.5923611111111111 0.594921875 0.059722222222222225 0.06328125
0 0.7097222222222223 0.5609375 0.04722222222222222 0.021875
0 0.6729166666666667 0.540625 0.03194444444444444 0.0234375
0 0.7256944444444444 0.524609375 0.043055555555555555 0.01640625
0 0.60625 0.50546875 0.020833333333333332 0.01875
0 0.5604166666666667 0.45625 0.06805555555555555 0.034375
0 0.6743055555555556 0.440234375 0.020833333333333332 0.01640625
0 0.6298611111111111 0.43828125 0.020833333333333332 0.0125
