0 0.5041666666666667 0.74296875 0.044444444444444446 0.015625
0 0.6298611111111111 0.68359375 0.0125 0.0203125
0 0.9381944444444444 0.68359375 0.02361111111111111 0.0234375
0 0.7972222222222223 0.670703125 0.030555555555555555 0.01953125
0 0.9083333333333333 0.66953125 0.08333333333333333 0.0234375
0 0.28402777777777777 0.662890625 0.043055555555555555 0.02578125
0 0.8638888888888889 0.63828125 0.03611111111111111 0.0140625
0 0.6729166666666667 0.621875 0.020833333333333332 0.0140625
0 0.26458333333333334 0.62578125 0.05416666666666667 0.025
0 0.30416666666666664 0.60859375 0.03611111111111111 0.0203125
0 0.8993055555555556 0.566015625 0.020833333333333332 0.00859375
0 0.2916666666666667 0.552734375 0.08055555555555556 0.02421875
0 0.08472222222222223 0.541015625 0.075 0.03515625
0 0.11319444444444444 0.504296875 0.02361111111111111 0.01484375
0 0.3298611111111111 0.46640625 0.04027777777777778 0.01875
0 0.5 0.459765625 0.03333333333333333 0.01953125
0 0.17430555555555555 0.453125 0.015277777777777777 0.0109375
0 0.23194444444444445 0.455078125 0.030555555555555555 0.02421875
0 0.5451388888888888 0.441796875 0.02638888888888889 0.01484375
0 0.70625 0.435546875 0.0375 0.02265625
0 0.31875 0.43515625 0.04027777777777778 0.025
0 0.6402777777777777 0.415625 0.03333333333333333 0.0140625
0 0.6090277777777777 0.405859375 0.029166666666666667 0.02421875
0 0.6534722222222222 0.400390625 0.03194444444444444 0.01640625
0 0.30833333333333335 0.360546875 0.06944444444444445 0.02734375
0 0.5090277777777777 0.20625 0.04027777777777778 0.025
