0 0.7034722222222223 0.8796875 0.04861111111111111 0.0359375
0 0.925 0.84765625 0.05 0.028125
0 0.5395833333333333 0.7890625 0.043055555555555555 0.034375
0 0.8118055555555556 0.7515625 0.06805555555555555 0.0375
0 0.5125 0.704296875 0.05555555555555555 0.03671875
0 0.4013888888888889 0.685546875 0.1361111111111111 0.03984375
0 0.46805555555555556 0.6671875 0.06388888888888888 0.025
0 0.9708333333333333 0.661328125 0.058333333333333334 0.05390625
0 0.5201388888888889 0.641796875 0.05694444444444444 0.02890625
0 0.9138888888888889 0.635546875 0.05 0.02421875
0 0.07430555555555556 0.6328125 0.05138888888888889 0.028125
0 0.775 0.628515625 0.05555555555555555 0.02734375
0 0.5298611111111111 0.6078125 0.04861111111111111 0.0265625
0 0.8888888888888888 0.591015625 0.03611111111111111 0.02890625
0 0.5868055555555556 0.58828125 0.09305555555555556 0.03125
0 0.04027777777777778 0.574609375 0.025 0.01171875
0 0.5354166666666667 0.510546875 0.059722222222222225 0.03046875
0 0.8020833333333334 0.504296875 0.04861111111111111 0.04140625
0 0.10555555555555556 0.495703125 0.05555555555555555 0.02421875
0 0.7104166666666667 0.48984375 0.034722222222222224 0.0140625
0 0.64375 0.486328125 0.05416666666666667 0.02265625
0 0.25277777777777777 0.480859375 0.03333333333333333 0.01484375
0 0.4638888888888889 0.4828125 0.03888888888888889 0.0203125
0 0.3055555555555556 0.47109375 0.027777777777777776 0.01875
0 0.8701388888888889 0.463671875 0.059722222222222225 0.01640625
0 0.7048611111111112 0.459765625 0.05694444444444444 0.02734375
0 0.6277777777777778 0.43671875 0.05277777777777778 0.03125
0 0.8618055555555556 0.42578125 0.015277777777777777 0.0125
0 0.49583333333333335 0.430859375 0.125 0.02890625
0 0.9131944444444444 0.42578125 0.06805555555555555 0.0390625
0 0.07847222222222222 0.41875 0.1125 0.0296875
0 0.8868055555555555 0.36875 0.02361111111111111 0.01875
0 0.9416666666666667 0.360546875 0.08055555555555556 0.03671875
0 0.025 0.345703125 0.03333333333333333 0.01328125
0 0.6138888888888889 0.3390625 0.03888888888888889 0.0234375
0 0.006944444444444444 0.332421875 0.013888888888888888 0.02734375
0 0.7243055555555555 0.3140625 0.043055555555555555 0.0203125
0 0.5770833333333333 0.30625 0.05416666666666667 0.0328125
0 0.8923611111111112 0.26953125 0.02638888888888889 0.0125
0 0.05416666666666667 0.286328125 0.10555555555555556 0.06796875
0 0.9541666666666667 0.248828125 0.044444444444444446 0.01640625
0 0.8111111111111111 0.25703125 0.05555555555555555 0.0421875
0 0.5902777777777778 0.2515625 0.08055555555555556 0.0515625
0 0.6965277777777777 0.24140625 0.05138888888888889 0.0328125
0 0.7263888888888889 0.214453125 0.06388888888888888 0.04296875
0 0.8541666666666666 0.194921875 0.05555555555555555 0.03046875
0 0.6409722222222223 0.196484375 0.05694444444444444 0.05078125
0 0.7069444444444445 0.17109375 0.03888888888888889 0.0265625
0 0.9694444444444444 0.168359375 0.06111111111111111 0.04453125
0 0.6430555555555556 0.153515625 0.05277777777777778 0.02734375
0 0.9361111111111111 0.135546875 0.04722222222222222 0.02265625
0 0.6111111111111112 0.115234375 0.05 0.03046875
0 0.8284722222222223 0.087109375 0.029166666666666667 0.01484375
0 0.6645833333333333 0.079296875 0.05694444444444444 0.03203125
0 0.8055555555555556 0.066015625 0.06944444444444445 0.03671875
0 0.8645833333333334 0.0359375 0.07083333333333333 0.0359375
0 0.80625 0.015625 0.02638888888888889 0.0109375
0 0.9493055555555555 0.01484375 0.04861111111111111 0.028125
0 0.8097222222222222 0.00390625 0.027777777777777776 0.00625
