0 0.7895833333333333 0.902734375 0.05694444444444444 0.02890625
0 0.8534722222222222 0.8921875 0.05416666666666667 0.025
0 0.6784722222222223 0.844921875 0.05138888888888889 0.02578125
0 0.7854166666666667 0.793359375 0.04583333333333333 0.02734375
0 0.04236111111111111 0.78984375 0.07916666666666666 0.0296875
0 0.3840277777777778 0.784765625 0.04583333333333333 0.02578125
0 0.5645833333333333 0.77265625 0.034722222222222224 0.01875
0 0.02361111111111111 0.7515625 0.03611111111111111 0.03125
0 0.7041666666666667 0.7375 0.041666666666666664 0.0171875
0 0.6138888888888889 0.733203125 0.03333333333333333 0.04453125
0 0.015277777777777777 0.716796875 0.027777777777777776 0.01796875
0 0.45625 0.718359375 0.0375 0.02265625
0 0.10069444444444445 0.715234375 0.03194444444444444 0.01796875
0 0.1375 0.711328125 0.030555555555555555 0.01796875
0 0.5152777777777777 0.719140625 0.09166666666666666 0.04765625
0 0.6020833333333333 0.627734375 0.05138888888888889 0.02265625
0 0.6138888888888889 0.583203125 0.125 0.05078125
0 0.5125 0.572265625 0.044444444444444446 0.03203125
0 0.10277777777777777 0.563671875 0.08055555555555556 0.01953125
0 0.03958333333333333 0.533203125 0.0763888888888889 0.04296875
