0 0.2763888888888889 0.781640625 0.025 0.01796875
0 0.34444444444444444 0.76640625 0.03333333333333333 0.025
0 0.35625 0.71484375 0.015277777777777777 0.0109375
0 0.28402777777777777 0.71171875 0.04583333333333333 0.0265625
0 0.32916666666666666 0.68046875 0.05 0.028125
0 0.9076388888888889 0.63203125 0.034722222222222224 0.015625
0 0.8743055555555556 0.623046875 0.029166666666666667 0.01796875
0 0.4625 0.56015625 0.041666666666666664 0.015625
0 0.6819444444444445 0.45859375 0.016666666666666666 0.009375
0 0.9284722222222223 0.43046875 0.034722222222222224 0.0171875
