0 0.46458333333333335 0.893359375 0.0625 0.03046875
0 0.23125 0.855859375 0.034722222222222224 0.02421875
0 0.5486111111111112 0.827734375 0.022222222222222223 0.01484375
0 0.32222222222222224 0.76953125 0.05 0.025
0 0.06319444444444444 0.754296875 0.03194444444444444 0.01953125
0 0.41944444444444445 0.750390625 0.041666666666666664 0.03203125
0 0.1451388888888889 0.73671875 0.0625 0.0234375
0 0.5013888888888889 0.72109375 0.03888888888888889 0.021875
0 0.4756944444444444 0.69609375 0.029166666666666667 0.0203125
0 0.39791666666666664 0.694921875 0.04583333333333333 0.02578125
0 0.20069444444444445 0.671875 0.0375 0.021875
0 0.7222222222222222 0.657421875 0.06944444444444445 0.02734375
0 0.07291666666666667 0.64375 0.08194444444444444 0.025
0 0.39444444444444443 0.6375 0.05277777777777778 0.0234375
0 0.41388888888888886 0.598828125 0.03888888888888889 0.02265625
0 0.5104166666666666 0.600390625 0.0375 0.02890625
0 0.02638888888888889 0.596484375 0.04722222222222222 0.02890625
0 0.9270833333333334 0.58515625 0.04861111111111111 0.0203125
0 0.5930555555555556 0.55703125 0.025 0.0171875
0 0.32708333333333334 0.551171875 0.03194444444444444 0.02265625
0 0.3590277777777778 0.54765625 0.029166666666666667 0.025
0 0.22291666666666668 0.534375 0.029166666666666667 0.01875
0 0.5291666666666667 0.537109375 0.044444444444444446 0.03203125
0 0.2638888888888889 0.525390625 0.04722222222222222 0.02421875
0 0.6152777777777778 0.505078125 0.05555555555555555 0.02734375
0 0.38125 0.5015625 0.03194444444444444 0.025
0 0.3326388888888889 0.49921875 0.04583333333333333 0.025
0 0.5201388888888889 0.494140625 0.029166666666666667 0.01796875
0 0.4652777777777778 0.4921875 0.05555555555555555 0.028125
0 0.34652777777777777 0.47734375 0.029166666666666667 0.0171875
0 0.2361111111111111 0.476171875 0.06666666666666667 0.03203125
0 0.56875 0.455078125 0.059722222222222225 0.03203125
0 0.6583333333333333 0.4265625 0.08888888888888889 0.034375
0 0.5951388888888889 0.4046875 0.03194444444444444 0.0171875
0 0.6756944444444445 0.3890625 0.04027777777777778 0.01875
0 0.6076388888888888 0.374609375 0.05138888888888889 0.03359375
0 0.4965277777777778 0.334765625 0.034722222222222224 0.02265625
0 0.58125 0.330859375 0.05416666666666667 0.02421875
0 0.6506944444444445 0.3265625 0.07361111111111111 0.0234375
0 0.5444444444444444 0.315625 0.05 0.025
0 0.58125 0.2828125 0.05416666666666667 0.0328125
0 0.41458333333333336 0.26875 0.034722222222222224 0.0515625
0 0.5868055555555556 0.24765625 0.09861111111111111 0.0296875
0 0.48125 0.22578125 0.018055555555555554 0.015625
0 0.4222222222222222 0.19453125 0.016666666666666666 0.021875
0 0.5451388888888888 0.19375 0.0625 0.046875
0 0.5486111111111112 0.1296875 0.03333333333333333 0.01875
0 0.4826388888888889 0.144921875 0.09027777777777778 0.07734375
0 0.4125 0.110546875 0.03611111111111111 0.01796875
