0 0.5847222222222223 0.804296875 0.03611111111111111 0.02890625
0 0.5965277777777778 0.739453125 0.02638888888888889 0.01484375
0 0.40555555555555556 0.728125 0.027777777777777776 0.0234375
0 0.5104166666666666 0.695703125 0.02361111111111111 0.01171875
0 0.47847222222222224 0.693359375 0.020833333333333332 0.00859375
0 0.39791666666666664 0.699609375 0.043055555555555555 0.02734375
0 0.6597222222222222 0.632421875 0.019444444444444445 0.01640625
0 0.3284722222222222 0.633984375 0.029166666666666667 0.02578125
0 0.6993055555555555 0.60859375 0.043055555555555555 0.0140625
0 0.5423611111111111 0.60625 0.05138888888888889 0.0296875
0 0.8166666666666667 0.604296875 0.041666666666666664 0.02734375
0 0.47430555555555554 0.587109375 0.0375 0.01640625
0 0.6368055555555555 0.581640625 0.04583333333333333 0.01953125
0 0.7118055555555556 0.550390625 0.03194444444444444 0.01796875
0 0.6548611111111111 0.54375 0.029166666666666667 0.0140625
0 0.4534722222222222 0.54921875 0.04027777777777778 0.025
0 0.23055555555555557 0.5328125 0.027777777777777776 0.0171875
0 0.6284722222222222 0.525390625 0.04027777777777778 0.01328125
0 0.7180555555555556 0.5125 0.03611111111111111 0.01875
0 0.43680555555555556 0.515625 0.04583333333333333 0.040625
0 0.75 0.5015625 0.03333333333333333 0.0140625
0 0.3909722222222222 0.47578125 0.05694444444444444 0.0265625
0 0.5111111111111111 0.466015625 0.022222222222222223 0.01328125
0 0.5472222222222223 0.45859375 0.041666666666666664 0.0234375
0 0.3104166666666667 0.459765625 0.043055555555555555 0.03828125
0 0.3263888888888889 0.437109375 0.030555555555555555 0.01171875
0 0.4388888888888889 0.43984375 0.04722222222222222 0.0234375
0 0.6097222222222223 0.42265625 0.04722222222222222 0.021875
0 0.3486111111111111 0.398046875 0.030555555555555555 0.01796875
0 0.32430555555555557 0.381640625 0.04583333333333333 0.02109375
0 0.5020833333333333 0.396484375 0.0763888888888889 0.05546875
0 0.37083333333333335 0.36796875 0.05277777777777778 0.025
0 0.46597222222222223 0.350390625 0.02638888888888889 0.01328125
0 0.4305555555555556 0.341015625 0.016666666666666666 0.01328125
0 0.4 0.337890625 0.027777777777777776 0.02265625
0 0.525 0.32734375 0.03611111111111111 0.0140625
0 0.5527777777777778 0.304296875 0.041666666666666664 0.02734375
0 0.3770833333333333 0.3046875 0.034722222222222224 0.028125
0 0.4444444444444444 0.3015625 0.05 0.0296875
0 0.43680555555555556 0.2609375 0.05694444444444444 0.03125
0 0.5361111111111111 0.2515625 0.03611111111111111 0.0234375
0 0.41944444444444445 0.216015625 0.019444444444444445 0.01484375
0 0.4388888888888889 0.21171875 0.022222222222222223 0.009375
0 0.4951388888888889 0.211328125 0.02638888888888889 0.01796875
0 0.3909722222222222 0.196875 0.015277777777777777 0.009375
0 0.4638888888888889 0.196484375 0.03888888888888889 0.02578125
0 0.5472222222222223 0.175 0.044444444444444446 0.025
