0 0.7263888888888889 0.771875 0.019444444444444445 0.0203125
0 0.7659722222222223 0.762109375 0.034722222222222224 0.01796875
0 0.7076388888888889 0.7328125 0.04583333333333333 0.015625
0 0.61875 0.7328125 0.034722222222222224 0.01875
0 0.6625 0.730859375 0.025 0.02109375
0 0.7215277777777778 0.720703125 0.04027777777777778 0.01796875
0 0.5284722222222222 0.698046875 0.03194444444444444 0.01484375
0 0.6215277777777778 0.7 0.02638888888888889 0.0203125
0 0.4652777777777778 0.68984375 0.04722222222222222 0.0234375
0 0.5 0.6828125 0.016666666666666666 0.0171875
0 0.6520833333333333 0.68046875 0.03194444444444444 0.021875
0 0.8243055555555555 0.68359375 0.0625 0.0328125
0 0.49166666666666664 0.663671875 0.03333333333333333 0.01640625
0 0.53125 0.65390625 0.02638888888888889 0.0125
0 0.48819444444444443 0.651171875 0.02638888888888889 0.00859375
0 0.10138888888888889 0.643359375 0.030555555555555555 0.02421875
0 0.49444444444444446 0.62265625 0.03333333333333333 0.01875
0 0.4736111111111111 0.607421875 0.025 0.01171875
0 0.3923611111111111 0.60078125 0.02638888888888889 0.025
0 0.5423611111111111 0.590625 0.02361111111111111 0.015625
0 0.5791666666666667 0.59140625 0.041666666666666664 0.021875
0 0.3541666666666667 0.591796875 0.03611111111111111 0.02265625
0 0.14791666666666667 0.58359375 0.034722222222222224 0.021875
0 0.26944444444444443 0.582421875 0.025 0.02421875
0 0.41458333333333336 0.5671875 0.02361111111111111 0.015625
0 0.1701388888888889 0.56640625 0.03194444444444444 0.0140625
0 0.5104166666666666 0.537890625 0.0375 0.01796875
0 0.2638888888888889 0.533203125 0.05555555555555555 0.02578125
0 0.3625 0.501953125 0.016666666666666666 0.01328125
0 0.3423611111111111 0.487890625 0.029166666666666667 0.01640625
0 0.45902777777777776 0.480078125 0.020833333333333332 0.01484375
0 0.5041666666666667 0.439453125 0.03333333333333333 0.01640625
0 0.5444444444444444 0.43671875 0.03333333333333333 0.0140625
0 0.5986111111111111 0.431640625 0.025 0.01171875
0 0.6256944444444444 0.4265625 0.03194444444444444 0.0140625
0 0.49236111111111114 0.419921875 0.043055555555555555 0.02109375
0 0.30972222222222223 0.405078125 0.011111111111111112 0.01328125
0 0.09236111111111112 0.396484375 0.034722222222222224 0.01640625
0 0.18819444444444444 0.383203125 0.03194444444444444 0.01171875
0 0.30972222222222223 0.38359375 0.03611111111111111 0.0171875
0 0.4361111111111111 0.375390625 0.019444444444444445 0.01953125
0 0.07361111111111111 0.368359375 0.058333333333333334 0.01796875
0 0.10208333333333333 0.353515625 0.02638888888888889 0.01796875
0 0.26458333333333334 0.340625 0.034722222222222224 0.0140625
0 0.5923611111111111 0.341015625 0.034722222222222224 0.01640625
0 0.12986111111111112 0.341015625 0.02638888888888889 0.02265625
0 0.5715277777777777 0.319140625 0.03194444444444444 0.01484375
0 0.4909722222222222 0.290625 0.02361111111111111 0.015625
0 0.5048611111111111 0.266015625 0.029166666666666667 0.01796875
0 0.5361111111111111 0.262890625 0.027777777777777776 0.01484375
0 0.4826388888888889 0.247265625 0.04027777777777778 0.01796875
0 0.34444444444444444 0.245703125 0.06111111111111111 0.02265625
0 0.5555555555555556 0.23671875 0.027777777777777776 0.0171875
0 0.41458333333333336 0.234765625 0.05138888888888889 0.02578125
0 0.34305555555555556 0.227734375 0.016666666666666666 0.01171875
0 0.4048611111111111 0.223046875 0.02638888888888889 0.01484375
0 0.4875 0.20703125 0.030555555555555555 0.0171875
0 0.4465277777777778 0.1875 0.02361111111111111 0.0171875
0 0.38125 0.171484375 0.029166666666666667 0.01640625
0 0.49027777777777776 0.166796875 0.025 0.01015625
0 0.4534722222222222 0.16640625 0.04027777777777778 0.009375
0 0.49375 0.14375 0.018055555555555554 0.0109375
0 0.4638888888888889 0.144140625 0.025 0.01640625
