0 0.4027777777777778 0.743359375 0.044444444444444446 0.03203125
0 0.45069444444444445 0.723046875 0.029166666666666667 0.01796875
0 0.5680555555555555 0.675 0.019444444444444445 0.0078125
0 0.9069444444444444 0.67890625 0.058333333333333334 0.0171875
0 0.3326388888888889 0.660546875 0.02638888888888889 0.01953125
0 0.2423611111111111 0.640234375 0.018055555555555554 0.01796875
0 0.49583333333333335 0.638671875 0.03888888888888889 0.02109375
0 0.6965277777777777 0.624609375 0.029166666666666667 0.01953125
0 0.9472222222222222 0.621875 0.03888888888888889 0.021875
0 0.21736111111111112 0.61953125 0.029166666666666667 0.0171875
0 0.34305555555555556 0.615234375 0.03333333333333333 0.01640625
0 0.6173611111111111 0.598046875 0.029166666666666667 0.01484375
0 0.3527777777777778 0.59375 0.03888888888888889 0.021875
0 0.7847222222222222 0.5890625 0.03333333333333333 0.0203125
0 0.8125 0.57265625 0.03333333333333333 0.01875
0 0.8493055555555555 0.5640625 0.02361111111111111 0.0125
0 0.3215277777777778 0.566015625 0.04583333333333333 0.02265625
0 0.41944444444444445 0.559765625 0.06111111111111111 0.03671875
0 0.029166666666666667 0.553515625 0.041666666666666664 0.02421875
0 0.7083333333333334 0.53828125 0.03611111111111111 0.0171875
0 0.19444444444444445 0.540234375 0.044444444444444446 0.02890625
0 0.2763888888888889 0.534765625 0.041666666666666664 0.02265625
0 0.7958333333333333 0.53046875 0.044444444444444446 0.01875
0 0.4409722222222222 0.530859375 0.043055555555555555 0.02265625
0 0.1486111111111111 0.52109375 0.027777777777777776 0.01875
0 0.09027777777777778 0.52109375 0.041666666666666664 0.021875
0 0.3 0.510546875 0.030555555555555555 0.01171875
0 0.7826388888888889 0.512109375 0.043055555555555555 0.02421875
0 0.2111111111111111 0.494140625 0.019444444444444445 0.01796875
0 0.39305555555555555 0.480078125 0.03333333333333333 0.01484375
0 0.005555555555555556 0.469140625 0.008333333333333333 0.02109375
0 0.2777777777777778 0.46015625 0.03611111111111111 0.01875
0 0.13402777777777777 0.4546875 0.05416666666666667 0.0296875
0 0.022916666666666665 0.43046875 0.02361111111111111 0.0265625
0 0.08472222222222223 0.428515625 0.06944444444444445 0.03515625
0 0.6326388888888889 0.388671875 0.03194444444444444 0.02109375
0 0.5534722222222223 0.373046875 0.04583333333333333 0.02265625
0 0.46041666666666664 0.3578125 0.04583333333333333 0.0375
0 0.3 0.348828125 0.03611111111111111 0.01953125
0 0.13333333333333333 0.327734375 0.030555555555555555 0.01796875
0 0.04791666666666667 0.3140625 0.03194444444444444 0.0171875
0 0.48680555555555555 0.3109375 0.04583333333333333 0.0234375
0 0.9159722222222222 0.30859375 0.03194444444444444 0.0203125
0 0.24583333333333332 0.31796875 0.11944444444444445 0.0453125
0 0.8840277777777777 0.30078125 0.029166666666666667 0.01875
0 0.8173611111111111 0.298046875 0.03194444444444444 0.01328125
0 0.5548611111111111 0.29921875 0.04861111111111111 0.0234375
0 0.08333333333333333 0.302734375 0.03611111111111111 0.03046875
0 0.019444444444444445 0.302734375 0.03888888888888889 0.03359375
0 0.2604166666666667 0.290625 0.0375 0.0234375
0 0.8548611111111111 0.290625 0.043055555555555555 0.025
0 0.21875 0.2828125 0.04027777777777778 0.025
0 0.5534722222222223 0.275390625 0.03194444444444444 0.02265625
0 0.13958333333333334 0.28046875 0.08472222222222223 0.0328125
0 0.5923611111111111 0.272265625 0.0375 0.02109375
0 0.8902777777777777 0.271484375 0.03611111111111111 0.02109375
0 0.21041666666666667 0.24609375 0.04027777777777778 0.025
0 0.14166666666666666 0.248828125 0.041666666666666664 0.03046875
0 0.37222222222222223 0.2453125 0.05 0.03125
0 0.2861111111111111 0.22890625 0.03333333333333333 0.0234375
0 0.16944444444444445 0.227734375 0.044444444444444446 0.02734375
0 0.7305555555555555 0.219140625 0.030555555555555555 0.01640625
0 0.08333333333333333 0.2171875 0.027777777777777776 0.015625
0 0.21597222222222223 0.21953125 0.04861111111111111 0.0265625
0 0.6597222222222222 0.210546875 0.022222222222222223 0.01796875
0 0.11388888888888889 0.1984375 0.03611111111111111 0.0171875
0 0.5243055555555556 0.1890625 0.02638888888888889 0.0203125
0 0.2513888888888889 0.17890625 0.025 0.0078125
0 0.49583333333333335 0.183203125 0.027777777777777776 0.01953125
0 0.18541666666666667 0.18046875 0.020833333333333332 0.0171875
0 0.07847222222222222 0.173046875 0.029166666666666667 0.01328125
0 0.022916666666666665 0.172265625 0.043055555555555555 0.02421875
0 0.08055555555555556 0.156640625 0.030555555555555555 0.01640625
0 0.41944444444444445 0.154296875 0.022222222222222223 0.01328125
0 0.25625 0.152734375 0.029166666666666667 0.01328125
0 0.05 0.156640625 0.030555555555555555 0.02109375
0 0.37569444444444444 0.1421875 0.04583333333333333 0.0328125
0 0.3638888888888889 0.116796875 0.030555555555555555 0.02109375
0 0.2833333333333333 0.105078125 0.019444444444444445 0.01328125
0 0.23125 0.0953125 0.034722222222222224 0.0328125
