0 0.9506944444444444 0.82109375 0.05694444444444444 0.034375
0 0.7722222222222223 0.763671875 0.05555555555555555 0.04140625
0 0.1597222222222222 0.691796875 0.044444444444444446 0.02265625
0 0.013888888888888888 0.686328125 0.022222222222222223 0.01640625
0 0.36319444444444443 0.646875 0.0375 0.01875
0 0.06805555555555555 0.62890625 0.04722222222222222 0.021875
0 0.41597222222222224 0.6 0.05694444444444444 0.0359375
0 0.32430555555555557 0.591015625 0.043055555555555555 0.02109375
0 0.7729166666666667 0.5859375 0.0375 0.0171875
0 0.049305555555555554 0.5796875 0.043055555555555555 0.0171875
0 0.4625 0.572265625 0.058333333333333334 0.05078125
0 0.73125 0.552734375 0.04027777777777778 0.01953125
0 0.5611111111111111 0.5453125 0.044444444444444446 0.025
0 0.18888888888888888 0.541796875 0.05 0.01796875
0 0.40347222222222223 0.52890625 0.05694444444444444 0.0328125
0 0.6173611111111111 0.51484375 0.09861111111111111 0.028125
0 0.78125 0.502734375 0.04583333333333333 0.01640625
0 0.2763888888888889 0.485546875 0.044444444444444446 0.02421875
0 0.08194444444444444 0.466015625 0.03611111111111111 0.02109375
0 0.12083333333333333 0.433203125 0.075 0.04921875
0 0.3034722222222222 0.4125 0.03194444444444444 0.015625
0 0.6583333333333333 0.41484375 0.041666666666666664 0.0328125
0 0.5027777777777778 0.354296875 0.044444444444444446 0.02578125
0 0.4354166666666667 0.287109375 0.0375 0.02421875
0 0.4930555555555556 0.289453125 0.04722222222222222 0.04140625
0 0.8333333333333334 0.258203125 0.04722222222222222 0.02421875
0 0.33541666666666664 0.244140625 0.03194444444444444 0.00859375
0 0.7722222222222223 0.241796875 0.06111111111111111 0.02890625
0 0.47708333333333336 0.20625 0.043055555555555555 0.0234375
0 0.49722222222222223 0.1765625 0.09444444444444444 0.0296875
0 0.5923611111111111 0.168359375 0.0625 0.04921875
0 0.5354166666666667 0.15859375 0.04027777777777778 0.034375
0 0.5430555555555555 0.116796875 0.05 0.02734375
0 0.4722222222222222 0.112890625 0.08055555555555556 0.03515625
0 0.5958333333333333 0.103125 0.041666666666666664 0.0296875
0 0.5055555555555555 0.041015625 0.10833333333333334 0.06640625
0 0.47430555555555554 0.00859375 0.043055555555555555 0.0171875
