0 0.7875 0.774609375 0.025 0.02109375
0 0.8034722222222223 0.722265625 0.059722222222222225 0.02578125
0 0.9909722222222223 0.71640625 0.018055555555555554 0.0234375
0 0.9722222222222222 0.68671875 0.05277777777777778 0.0328125
0 0.4861111111111111 0.629296875 0.025 0.01015625
0 0.51875 0.61640625 0.04861111111111111 0.04375
0 0.9368055555555556 0.5515625 0.0875 0.0296875
0 0.8555555555555555 0.3859375 0.022222222222222223 0.01875
0 0.9715277777777778 0.315625 0.043055555555555555 0.0171875
0 0.9888888888888889 0.285546875 0.022222222222222223 0.01796875
