0 0.08958333333333333 0.712109375 0.034722222222222224 0.02890625
0 0.7319444444444444 0.647265625 0.04722222222222222 0.02421875
0 0.8715277777777778 0.582421875 0.04583333333333333 0.02734375
0 0.85 0.5296875 0.03333333333333333 0.0203125
0 0.8986111111111111 0.520703125 0.03333333333333333 0.02265625
0 0.8625 0.4921875 0.041666666666666664 0.021875
0 0.33055555555555555 0.48828125 0.05555555555555555 0.028125
0 0.9152777777777777 0.493359375 0.06388888888888888 0.03984375
0 0.79375 0.4296875 0.04583333333333333 0.0203125
0 0.9381944444444444 0.4265625 0.0375 0.0234375
0 0.8743055555555556 0.42890625 0.0625 0.0390625
0 0.9034722222222222 0.3703125 0.05138888888888889 0.0234375
0 0.8555555555555555 0.35234375 0.05277777777777778 0.0265625
0 0.9076388888888889 0.288671875 0.10138888888888889 0.05703125
0 0.3861111111111111 0.27109375 0.041666666666666664 0.021875
0 0.9708333333333333 0.269140625 0.058333333333333334 0.02890625
0 0.34930555555555554 0.261328125 0.04027777777777778 0.02421875
0 0.8569444444444444 0.233203125 0.044444444444444446 0.02578125
0 0.33125 0.1953125 0.043055555555555555 0.021875
0 0.9340277777777778 0.187890625 0.059722222222222225 0.03515625
0 0.13472222222222222 0.17890625 0.05 0.028125
0 0.12430555555555556 0.130859375 0.10138888888888889 0.05390625
