0 0.24513888888888888 0.698046875 0.0375 0.01953125
0 0.9590277777777778 0.678515625 0.0375 0.02109375
0 0.1423611111111111 0.663671875 0.05138888888888889 0.02578125
0 0.4222222222222222 0.595703125 0.03611111111111111 0.02421875
0 0.9354166666666667 0.57734375 0.03194444444444444 0.015625
0 0.7951388888888888 0.533203125 0.04027777777777778 0.01796875
0 0.9708333333333333 0.524609375 0.04722222222222222 0.02734375
0 0.2875 0.514453125 0.030555555555555555 0.01953125
0 0.4722222222222222 0.516796875 0.06388888888888888 0.03203125
0 0.6013888888888889 0.465234375 0.041666666666666664 0.01796875
0 0.6618055555555555 0.45234375 0.04583333333333333 0.021875
0 0.12291666666666666 0.4421875 0.02361111111111111 0.0078125
0 0.26319444444444445 0.440234375 0.018055555555555554 0.01953125
0 0.17222222222222222 0.437890625 0.044444444444444446 0.02265625
0 0.11180555555555556 0.427734375 0.03194444444444444 0.01484375
0 0.18472222222222223 0.413671875 0.022222222222222223 0.01796875
0 0.0798611111111111 0.409765625 0.03194444444444444 0.01484375
0 0.8881944444444444 0.41171875 0.0375 0.021875
0 0.5243055555555556 0.401171875 0.018055555555555554 0.01171875
0 0.4013888888888889 0.39765625 0.05 0.0203125
0 0.9708333333333333 0.36796875 0.022222222222222223 0.0125
0 0.4625 0.366015625 0.019444444444444445 0.01171875
0 0.9104166666666667 0.35546875 0.03194444444444444 0.0171875
0 0.5340277777777778 0.3515625 0.018055555555555554 0.01875
0 0.60625 0.346484375 0.04861111111111111 0.02890625
0 0.4479166666666667 0.3171875 0.029166666666666667 0.0125
0 0.96875 0.27734375 0.0375 0.021875
0 0.3597222222222222 0.277734375 0.03888888888888889 0.02265625
0 0.2826388888888889 0.2640625 0.04861111111111111 0.028125
0 0.4444444444444444 0.2453125 0.016666666666666666 0.015625
0 0.9736111111111111 0.243359375 0.044444444444444446 0.02109375
0 0.475 0.211328125 0.03333333333333333 0.02109375
0 0.3840277777777778 0.194140625 0.059722222222222225 0.04140625
0 0.45 0.1515625 0.030555555555555555 0.025
0 0.41458333333333336 0.144921875 0.02638888888888889 0.01328125
