0 0.00625 0.622265625 0.0125 0.01953125
0 0.15416666666666667 0.6234375 0.05277777777777778 0.0234375
0 0.2361111111111111 0.529296875 0.05 0.02890625
0 0.8576388888888888 0.510546875 0.04861111111111111 0.01953125
0 0.14930555555555555 0.500390625 0.06527777777777778 0.03828125
0 0.8986111111111111 0.490625 0.03888888888888889 0.021875
0 0.02847222222222222 0.4953125 0.05694444444444444 0.034375
0 0.23680555555555555 0.476953125 0.02638888888888889 0.02421875
0 0.2375 0.44140625 0.058333333333333334 0.03125
0 0.20694444444444443 0.41875 0.016666666666666666 0.0125
0 0.14583333333333334 0.417578125 0.04722222222222222 0.01953125
0 0.0763888888888889 0.404296875 0.06388888888888888 0.03359375
0 0.18472222222222223 0.303515625 0.05 0.02265625
0 0.18333333333333332 0.233984375 0.09444444444444444 0.04921875
0 0.06319444444444444 0.06953125 0.034722222222222224 0.0234375
