0 0.7805555555555556 0.78671875 0.016666666666666666 0.0140625
0 0.7111111111111111 0.772265625 0.019444444444444445 0.01484375
0 0.7229166666666667 0.746484375 0.02361111111111111 0.01953125
0 0.5902777777777778 0.710546875 0.03333333333333333 0.01484375
0 0.5361111111111111 0.706640625 0.022222222222222223 0.01171875
0 0.005555555555555556 0.70546875 0.008333333333333333 0.0140625
0 0.6763888888888889 0.708984375 0.03611111111111111 0.02890625
0 0.5173611111111112 0.698828125 0.018055555555555554 0.01328125
0 0.5659722222222222 0.694921875 0.015277777777777777 0.01171875
0 0.0125 0.67734375 0.025 0.015625
0 0.5930555555555556 0.666796875 0.027777777777777776 0.01015625
0 0.55625 0.670703125 0.02638888888888889 0.02109375
0 0.3486111111111111 0.66796875 0.030555555555555555 0.0171875
0 0.19444444444444445 0.6546875 0.030555555555555555 0.0203125
0 0.5493055555555556 0.6265625 0.02361111111111111 0.028125
0 0.46875 0.6125 0.018055555555555554 0.015625
0 0.5930555555555556 0.60546875 0.011111111111111112 0.009375
0 0.44375 0.606640625 0.009722222222222222 0.01328125
0 0.6368055555555555 0.604296875 0.02361111111111111 0.01484375
0 0.4263888888888889 0.602734375 0.025 0.01171875
0 0.3548611111111111 0.594921875 0.02638888888888889 0.02265625
0 0.4909722222222222 0.57890625 0.020833333333333332 0.0109375
0 0.25833333333333336 0.5765625 0.019444444444444445 0.009375
0 0.5576388888888889 0.551171875 0.04861111111111111 0.01484375
0 0.37777777777777777 0.542578125 0.03888888888888889 0.01953125
0 0.2152777777777778 0.5140625 0.016666666666666666 0.0078125
0 0.8145833333333333 0.458203125 0.020833333333333332 0.00859375
0 0.5763888888888888 0.45078125 0.06388888888888888 0.015625
0 0.7972222222222223 0.43984375 0.013888888888888888 0.00625
0 0.6715277777777777 0.437109375 0.018055555555555554 0.01328125
0 0.8069444444444445 0.431640625 0.022222222222222223 0.01328125
0 0.7833333333333333 0.428125 0.025 0.0125
0 0.5625 0.43046875 0.03611111111111111 0.0171875
0 0.3659722222222222 0.39921875 0.0125 0.0109375
0 0.25763888888888886 0.398046875 0.03194444444444444 0.01796875
0 0.4111111111111111 0.39921875 0.022222222222222223 0.021875
0 0.15555555555555556 0.382421875 0.027777777777777776 0.01484375
0 0.13125 0.379296875 0.020833333333333332 0.01328125
0 0.1701388888888889 0.366015625 0.020833333333333332 0.01640625
0 0.23819444444444443 0.35859375 0.02638888888888889 0.009375
0 0.6513888888888889 0.353125 0.027777777777777776 0.0171875
0 0.40347222222222223 0.34921875 0.0125 0.009375
0 0.6270833333333333 0.33359375 0.034722222222222224 0.0171875
0 0.5645833333333333 0.308984375 0.0125 0.00546875
0 0.5465277777777777 0.305859375 0.0125 0.00859375
0 0.5916666666666667 0.276953125 0.025 0.01015625
0 0.5611111111111111 0.27890625 0.027777777777777776 0.01875
0 0.5381944444444444 0.259765625 0.02638888888888889 0.01328125
0 0.4111111111111111 0.2578125 0.025 0.0171875
0 0.3861111111111111 0.255859375 0.025 0.01484375
0 0.6138888888888889 0.252734375 0.016666666666666666 0.01484375
0 0.45902777777777776 0.25 0.02361111111111111 0.0140625
0 0.48680555555555555 0.245703125 0.02361111111111111 0.01640625
0 0.5576388888888889 0.244921875 0.0125 0.01640625
0 0.4013888888888889 0.240625 0.013888888888888888 0.0078125
0 0.46458333333333335 0.23359375 0.02361111111111111 0.0109375
0 0.5465277777777777 0.221875 0.020833333333333332 0.0125
0 0.50625 0.199609375 0.020833333333333332 0.01484375
0 0.5451388888888888 0.18203125 0.020833333333333332 0.0109375
0 0.43819444444444444 0.183984375 0.02638888888888889 0.01484375
0 0.5111111111111111 0.180078125 0.03611111111111111 0.01171875
0 0.5236111111111111 0.158203125 0.022222222222222223 0.01171875
