0 0.76875 0.86796875 0.043055555555555555 0.0234375
0 0.9527777777777777 0.86484375 0.075 0.0390625
0 0.9604166666666667 0.826953125 0.07361111111111111 0.02734375
0 0.8340277777777778 0.74296875 0.04027777777777778 0.01875
0 0.6881944444444444 0.74609375 0.05694444444444444 0.0375
0 0.5520833333333334 0.740234375 0.0875 0.04609375
0 0.76875 0.687890625 0.034722222222222224 0.02734375
0 0.49444444444444446 0.6859375 0.05 0.0265625
0 0.3333333333333333 0.67578125 0.044444444444444446 0.0234375
0 0.9479166666666666 0.6796875 0.05694444444444444 0.0359375
0 0.8354166666666667 0.67109375 0.015277777777777777 0.0203125
0 0.7493055555555556 0.652734375 0.03194444444444444 0.01171875
0 0.8 0.643359375 0.044444444444444446 0.03046875
0 0.9604166666666667 0.641015625 0.06527777777777778 0.02890625
0 0.9013888888888889 0.638671875 0.022222222222222223 0.02890625
0 0.6534722222222222 0.638671875 0.04583333333333333 0.02890625
0 0.13819444444444445 0.624609375 0.0625 0.03203125
0 0.007638888888888889 0.615625 0.015277777777777777 0.021875
0 0.7048611111111112 0.6203125 0.04861111111111111 0.0328125
0 0.5402777777777777 0.613671875 0.05 0.02109375
0 0.8645833333333334 0.591015625 0.043055555555555555 0.02421875
0 0.8229166666666666 0.578125 0.05138888888888889 0.028125
0 0.6152777777777778 0.57578125 0.041666666666666664 0.0265625
0 0.27152777777777776 0.57421875 0.04027777777777778 0.0234375
0 0.5604166666666667 0.54296875 0.02361111111111111 0.0171875
0 0.2902777777777778 0.52578125 0.04722222222222222 0.0203125
0 0.6923611111111111 0.532421875 0.05416666666666667 0.03984375
0 0.24861111111111112 0.508984375 0.027777777777777776 0.01953125
0 0.7756944444444445 0.50078125 0.08194444444444444 0.0453125
0 0.9055555555555556 0.4890625 0.05277777777777778 0.0296875
0 0.9701388888888889 0.494921875 0.059722222222222225 0.04296875
0 0.5055555555555555 0.487109375 0.05555555555555555 0.02734375
0 0.6916666666666667 0.48125 0.027777777777777776 0.021875
0 0.36527777777777776 0.483203125 0.05277777777777778 0.02734375
0 0.8493055555555555 0.479296875 0.04861111111111111 0.02734375
0 0.7618055555555555 0.46171875 0.059722222222222225 0.028125
0 0.05138888888888889 0.45703125 0.05 0.0265625
0 0.5965277777777778 0.470703125 0.11805555555555555 0.05703125
0 0.9680555555555556 0.4515625 0.06388888888888888 0.0328125
0 0.425 0.437890625 0.03611111111111111 0.02421875
0 0.044444444444444446 0.427734375 0.044444444444444446 0.01640625
0 0.5381944444444444 0.401953125 0.05694444444444444 0.02578125
0 0.4236111111111111 0.39765625 0.05 0.025
0 0.5951388888888889 0.3765625 0.04583333333333333 0.0234375
0 0.7819444444444444 0.353125 0.05 0.025
0 0.41875 0.343359375 0.04027777777777778 0.01953125
0 0.6083333333333333 0.33125 0.125 0.040625
0 0.4354166666666667 0.308203125 0.04583333333333333 0.02890625
0 0.24861111111111112 0.305078125 0.05 0.02734375
0 0.7895833333333333 0.298046875 0.09861111111111111 0.04140625
0 0.2520833333333333 0.27265625 0.04583333333333333 0.0296875
0 0.6833333333333333 0.268359375 0.08611111111111111 0.03359375
0 0.4527777777777778 0.26796875 0.06111111111111111 0.0375
0 0.5895833333333333 0.25703125 0.0763888888888889 0.0171875
0 0.3145833333333333 0.25546875 0.05694444444444444 0.034375
0 0.2652777777777778 0.22890625 0.058333333333333334 0.046875
0 0.06527777777777778 0.22734375 0.12777777777777777 0.053125
0 0.46111111111111114 0.201953125 0.05 0.03359375
0 0.3854166666666667 0.191015625 0.0625 0.03671875
0 0.7555555555555555 0.183984375 0.10555555555555556 0.04609375
0 0.5354166666666667 0.166015625 0.0625 0.03984375
0 0.6020833333333333 0.170703125 0.06527777777777778 0.06640625
0 0.7715277777777778 0.143359375 0.04861111111111111 0.03671875
0 0.46805555555555556 0.139453125 0.05 0.04609375
0 0.6513888888888889 0.129296875 0.058333333333333334 0.03515625
0 0.9895833333333334 0.111328125 0.020833333333333332 0.03203125
0 0.09513888888888888 0.10703125 0.0625 0.028125
0 0.8597222222222223 0.110546875 0.07222222222222222 0.03984375
0 0.020833333333333332 0.100390625 0.03888888888888889 0.02890625
0 0.6784722222222223 0.09375 0.0625 0.034375
0 0.5409722222222222 0.096875 0.04583333333333333 0.0484375
0 0.2611111111111111 0.07109375 0.06111111111111111 0.0359375
0 0.5506944444444445 0.06015625 0.05416666666666667 0.028125
0 0.4625 0.074609375 0.10277777777777777 0.07890625
0 0.2048611111111111 0.0515625 0.12916666666666668 0.0515625
0 0.6069444444444444 0.028515625 0.09444444444444444 0.03828125
0 0.5090277777777777 0.007421875 0.0375 0.01484375
