0 0.30416666666666664 0.8734375 0.05555555555555555 0.0359375
0 0.5875 0.864453125 0.04722222222222222 0.02265625
0 0.5243055555555556 0.8609375 0.043055555555555555 0.01875
0 0.5965277777777778 0.840625 0.02638888888888889 0.015625
0 0.38819444444444445 0.800390625 0.0375 0.02265625
0 0.015277777777777777 0.791796875 0.027777777777777776 0.03828125
0 0.68125 0.75 0.06805555555555555 0.021875
0 0.5236111111111111 0.721484375 0.03333333333333333 0.01484375
0 0.37430555555555556 0.7203125 0.05138888888888889 0.03125
0 0.8201388888888889 0.705859375 0.04861111111111111 0.01640625
0 0.4125 0.672265625 0.058333333333333334 0.02265625
0 0.014583333333333334 0.63984375 0.029166666666666667 0.021875
0 0.1597222222222222 0.58671875 0.030555555555555555 0.015625
0 0.4152777777777778 0.578125 0.05555555555555555 0.0296875
0 0.22847222222222222 0.569921875 0.0375 0.02734375
0 0.725 0.565625 0.03888888888888889 0.021875
0 0.1625 0.53046875 0.041666666666666664 0.0203125
0 0.7701388888888889 0.485546875 0.05416666666666667 0.01796875
0 0.3993055555555556 0.476953125 0.04027777777777778 0.02421875
0 0.4548611111111111 0.36484375 0.034722222222222224 0.0234375
0 0.4076388888888889 0.094921875 0.059722222222222225 0.04765625
