0 0.9590277777777778 0.69140625 0.020833333333333332 0.0140625
0 0.9916666666666667 0.6859375 0.016666666666666666 0.0125
0 0.9215277777777777 0.6828125 0.05694444444444444 0.0171875
0 0.14652777777777778 0.6515625 0.02638888888888889 0.0109375
0 0.4444444444444444 0.648828125 0.027777777777777776 0.02734375
0 0.8888888888888888 0.6421875 0.05555555555555555 0.01875
0 0.9395833333333333 0.63515625 0.020833333333333332 0.015625
0 0.2263888888888889 0.633984375 0.013888888888888888 0.01640625
0 0.6291666666666667 0.630859375 0.03888888888888889 0.02734375
0 0.5451388888888888 0.626171875 0.043055555555555555 0.01953125
0 0.14722222222222223 0.626953125 0.03611111111111111 0.03203125
0 0.46597222222222223 0.619140625 0.02638888888888889 0.01796875
0 0.30069444444444443 0.611328125 0.020833333333333332 0.01484375
0 0.9034722222222222 0.614453125 0.0763888888888889 0.02265625
0 0.4048611111111111 0.597265625 0.020833333333333332 0.01796875
0 0.6847222222222222 0.58125 0.013888888888888888 0.0078125
0 0.6270833333333333 0.590234375 0.05416666666666667 0.03046875
0 0.2791666666666667 0.565625 0.030555555555555555 0.015625
0 0.8736111111111111 0.55625 0.030555555555555555 0.015625
0 0.33402777777777776 0.55234375 0.029166666666666667 0.0109375
0 0.9923611111111111 0.55 0.015277777777777777 0.015625
0 0.5569444444444445 0.55625 0.03888888888888889 0.0421875
0 0.8180555555555555 0.540625 0.03611111111111111 0.021875
0 0.5854166666666667 0.52734375 0.034722222222222224 0.0171875
0 0.9020833333333333 0.52890625 0.04027777777777778 0.021875
0 0.35 0.509765625 0.025 0.01015625
0 0.5784722222222223 0.509375 0.034722222222222224 0.0171875
0 0.6034722222222222 0.5015625 0.02361111111111111 0.009375
0 0.6659722222222222 0.47578125 0.018055555555555554 0.0078125
0 0.5736111111111111 0.47578125 0.05 0.0234375
0 0.6909722222222222 0.4578125 0.018055555555555554 0.0125
0 0.019444444444444445 0.455859375 0.03611111111111111 0.02890625
0 0.003472222222222222 0.423046875 0.006944444444444444 0.01484375
0 0.7215277777777778 0.4125 0.0375 0.01875
0 0.6333333333333333 0.405859375 0.022222222222222223 0.01640625
0 0.7777777777777778 0.3671875 0.04722222222222222 0.0359375
0 0.5993055555555555 0.359375 0.034722222222222224 0.021875
0 0.7166666666666667 0.35546875 0.027777777777777776 0.01875
0 0.8631944444444445 0.34609375 0.03194444444444444 0.015625
0 0.9847222222222223 0.34140625 0.019444444444444445 0.015625
0 0.7055555555555556 0.33671875 0.016666666666666666 0.0078125
0 0.5104166666666666 0.327734375 0.03194444444444444 0.01640625
0 0.4861111111111111 0.333203125 0.05555555555555555 0.03671875
0 0.6208333333333333 0.315625 0.03611111111111111 0.0140625
0 0.6861111111111111 0.312890625 0.030555555555555555 0.01171875
0 0.7909722222222222 0.271484375 0.015277777777777777 0.01640625
0 0.8215277777777777 0.253515625 0.018055555555555554 0.01484375
0 0.9083333333333333 0.240234375 0.06111111111111111 0.01796875
0 0.9430555555555555 0.222265625 0.03611111111111111 0.01640625
0 0.975 0.21796875 0.008333333333333333 0.009375
0 0.8708333333333333 0.223046875 0.027777777777777776 0.02109375
0 0.7055555555555556 0.221484375 0.06111111111111111 0.02109375
0 0.9083333333333333 0.2125 0.030555555555555555 0.0203125
0 0.8111111111111111 0.209375 0.03333333333333333 0.015625
0 0.7069444444444445 0.205078125 0.013888888888888888 0.01484375
0 0.7715277777777778 0.216015625 0.034722222222222224 0.04609375
0 0.8902777777777777 0.185546875 0.03333333333333333 0.02109375
0 0.8006944444444445 0.1734375 0.02638888888888889 0.0203125
0 0.825 0.164453125 0.016666666666666666 0.01328125
0 0.7631944444444444 0.149609375 0.03194444444444444 0.01328125
