0 0.49236111111111114 0.72890625 0.04583333333333333 0.0109375
0 0.7930555555555555 0.6796875 0.030555555555555555 0.025
0 0.3125 0.6796875 0.041666666666666664 0.0265625
0 0.5347222222222222 0.679296875 0.10277777777777777 0.08046875
0 0.3763888888888889 0.5703125 0.05277777777777778 0.0296875
0 0.34305555555555556 0.546484375 0.03888888888888889 0.01640625
0 0.6340277777777777 0.540625 0.04861111111111111 0.0265625
0 0.5701388888888889 0.522265625 0.09027777777777778 0.05078125
0 0.7138888888888889 0.503125 0.03611111111111111 0.021875
0 0.7347222222222223 0.4921875 0.025 0.0125
0 0.6166666666666667 0.48125 0.041666666666666664 0.025
0 0.7826388888888889 0.43046875 0.02361111111111111 0.0140625
0 0.5527777777777778 0.431640625 0.027777777777777776 0.02265625
0 0.7138888888888889 0.433984375 0.075 0.03046875
0 0.4986111111111111 0.423046875 0.041666666666666664 0.02109375
0 0.6409722222222223 0.358984375 0.043055555555555555 0.02578125
0 0.8236111111111111 0.30546875 0.03611111111111111 0.015625
0 0.575 0.313671875 0.08611111111111111 0.03203125
0 0.6486111111111111 0.296484375 0.03888888888888889 0.02109375
0 0.4576388888888889 0.278125 0.0375 0.0171875
0 0.6027777777777777 0.278515625 0.03611111111111111 0.01953125
0 0.43125 0.2640625 0.034722222222222224 0.034375
