0 0.4895833333333333 0.86875 0.043055555555555555 0.03125
0 0.5506944444444445 0.86484375 0.04583333333333333 0.0328125
0 0.9347222222222222 0.81796875 0.03333333333333333 0.0140625
0 0.8833333333333333 0.819921875 0.05 0.02109375
0 0.3284722222222222 0.784375 0.02361111111111111 0.0234375
0 0.43819444444444444 0.7796875 0.059722222222222225 0.04375
0 0.40694444444444444 0.736328125 0.041666666666666664 0.03046875
0 0.5125 0.726953125 0.05277777777777778 0.03359375
0 0.4222222222222222 0.657421875 0.06388888888888888 0.02890625
0 0.4618055555555556 0.64375 0.06805555555555555 0.021875
0 0.22152777777777777 0.6125 0.04027777777777778 0.0203125
0 0.28680555555555554 0.598828125 0.043055555555555555 0.02109375
0 0.4423611111111111 0.579296875 0.04027777777777778 0.01640625
0 0.14583333333333334 0.58046875 0.03611111111111111 0.0203125
0 0.2625 0.58046875 0.05277777777777778 0.0296875
0 0.3263888888888889 0.571484375 0.03611111111111111 0.03515625
0 0.46944444444444444 0.554296875 0.03611111111111111 0.02421875
0 0.525 0.53984375 0.025 0.0171875
0 0.9798611111111111 0.5203125 0.03194444444444444 0.028125
0 0.4666666666666667 0.512890625 0.041666666666666664 0.02265625
0 0.24722222222222223 0.513671875 0.04722222222222222 0.03046875
0 0.1951388888888889 0.50625 0.05416666666666667 0.0265625
0 0.44583333333333336 0.494140625 0.04722222222222222 0.02109375
0 0.22083333333333333 0.47265625 0.05555555555555555 0.021875
0 0.6347222222222222 0.45 0.030555555555555555 0.025
0 0.31527777777777777 0.446875 0.044444444444444446 0.021875
0 0.5638888888888889 0.445703125 0.08611111111111111 0.05234375
0 0.3993055555555556 0.380078125 0.04583333333333333 0.02578125
0 0.13333333333333333 0.3734375 0.03611111111111111 0.0140625
0 0.6298611111111111 0.3421875 0.04027777777777778 0.0203125
0 0.4465277777777778 0.3390625 0.04861111111111111 0.03125
0 0.6173611111111111 0.328515625 0.04027777777777778 0.02109375
0 0.45902777777777776 0.321484375 0.04861111111111111 0.01640625
0 0.5465277777777777 0.2984375 0.04027777777777778 0.0234375
0 0.27152777777777776 0.2859375 0.07083333333333333 0.0328125
0 0.44305555555555554 0.257421875 0.044444444444444446 0.02265625
0 0.3326388888888889 0.24140625 0.02638888888888889 0.0234375
0 0.4701388888888889 0.227734375 0.034722222222222224 0.02109375
0 0.38680555555555557 0.217578125 0.05138888888888889 0.02890625
0 0.42430555555555555 0.199609375 0.04583333333333333 0.02578125
0 0.32222222222222224 0.184375 0.044444444444444446 0.0265625
0 0.4527777777777778 0.182421875 0.03611111111111111 0.02734375
0 0.38472222222222224 0.17109375 0.03611111111111111 0.0171875
0 0.41458333333333336 0.14140625 0.0625 0.028125
0 0.35347222222222224 0.12421875 0.0625 0.0484375
0 0.41944444444444445 0.081640625 0.10833333333333334 0.05234375
0 0.4215277777777778 0.05703125 0.043055555555555555 0.025
