0 0.25625 0.632421875 0.05138888888888889 0.02265625
0 0.08958333333333333 0.62265625 0.05416666666666667 0.028125
0 0.34097222222222223 0.53671875 0.05138888888888889 0.028125
0 0.95 0.527734375 0.022222222222222223 0.01171875
0 0.9944444444444445 0.50625 0.011111111111111112 0.015625
0 0.25 0.509375 0.06388888888888888 0.0375
0 0.12708333333333333 0.502734375 0.06805555555555555 0.03671875
0 0.9930555555555556 0.470703125 0.013888888888888888 0.01015625
0 0.3416666666666667 0.469140625 0.06111111111111111 0.06015625
0 0.25 0.427734375 0.05 0.01796875
0 0.30833333333333335 0.426953125 0.027777777777777776 0.02109375
0 0.18194444444444444 0.4140625 0.06388888888888888 0.0375
0 0.28402777777777777 0.314453125 0.04861111111111111 0.01953125
0 0.29583333333333334 0.249609375 0.06944444444444445 0.04453125
0 0.18680555555555556 0.08203125 0.02361111111111111 0.0171875
0 0.07777777777777778 0.0921875 0.05555555555555555 0.04375
