0 0.41180555555555554 0.70625 0.05138888888888889 0.0328125
0 0.46111111111111114 0.6875 0.03888888888888889 0.021875
0 0.5861111111111111 0.636328125 0.027777777777777776 0.01953125
0 0.9347222222222222 0.63984375 0.041666666666666664 0.0296875
0 0.34791666666666665 0.629296875 0.029166666666666667 0.01640625
0 0.2548611111111111 0.608984375 0.02361111111111111 0.01796875
0 0.7673611111111112 0.604296875 0.03194444444444444 0.01484375
0 0.48055555555555557 0.60078125 0.05 0.028125
0 0.21458333333333332 0.58828125 0.03194444444444444 0.01875
0 0.3347222222222222 0.584765625 0.03611111111111111 0.01796875
0 0.9673611111111111 0.585546875 0.0375 0.02109375
0 0.6756944444444445 0.5859375 0.07916666666666666 0.0265625
0 0.5951388888888889 0.5625 0.0375 0.0203125
0 0.34305555555555556 0.5609375 0.041666666666666664 0.0203125
0 0.7611111111111111 0.5484375 0.044444444444444446 0.0203125
0 0.6243055555555556 0.537109375 0.0375 0.01171875
0 0.7868055555555555 0.532421875 0.034722222222222224 0.01796875
0 0.29583333333333334 0.531640625 0.041666666666666664 0.02734375
0 0.8395833333333333 0.52421875 0.0625 0.0234375
0 0.17152777777777778 0.508203125 0.05138888888888889 0.02578125
0 0.25555555555555554 0.505078125 0.05277777777777778 0.02421875
0 0.6826388888888889 0.50390625 0.04583333333333333 0.025
0 0.4013888888888889 0.516015625 0.075 0.06015625
0 0.30625 0.488671875 0.034722222222222224 0.01484375
0 0.12222222222222222 0.48984375 0.04722222222222222 0.0171875
0 0.06527777777777778 0.4921875 0.05 0.025
0 0.9763888888888889 0.470703125 0.027777777777777776 0.01171875
0 0.7631944444444444 0.482421875 0.06527777777777778 0.04453125
0 0.1763888888888889 0.465234375 0.030555555555555555 0.01484375
0 0.40208333333333335 0.452734375 0.04027777777777778 0.02109375
0 0.9847222222222223 0.434375 0.025 0.0234375
0 0.25625 0.43125 0.0375 0.0234375
0 0.09305555555555556 0.436328125 0.05555555555555555 0.04765625
0 0.9118055555555555 0.396875 0.02361111111111111 0.0140625
0 0.05347222222222222 0.3984375 0.05416666666666667 0.028125
0 0.6111111111111112 0.362109375 0.03611111111111111 0.02421875
0 0.28680555555555554 0.35390625 0.04027777777777778 0.015625
0 0.2326388888888889 0.346484375 0.04583333333333333 0.02265625
0 0.5333333333333333 0.3453125 0.06666666666666667 0.028125
0 0.2777777777777778 0.328125 0.04722222222222222 0.021875
0 0.42777777777777776 0.331640625 0.06388888888888888 0.03984375
0 0.6715277777777777 0.314453125 0.03194444444444444 0.01796875
0 0.12986111111111112 0.309765625 0.04027777777777778 0.02265625
0 0.24583333333333332 0.30390625 0.06388888888888888 0.034375
0 0.4486111111111111 0.28671875 0.04722222222222222 0.0296875
0 0.5152777777777777 0.273828125 0.044444444444444446 0.02421875
0 0.8972222222222223 0.270703125 0.041666666666666664 0.02265625
0 0.7923611111111111 0.266015625 0.0375 0.02109375
0 0.20555555555555555 0.275 0.09166666666666666 0.0515625
0 0.07777777777777778 0.278125 0.15555555555555556 0.0640625
0 0.8305555555555556 0.256640625 0.04722222222222222 0.02890625
0 0.5326388888888889 0.248828125 0.0763888888888889 0.02421875
0 0.8701388888888889 0.2375 0.043055555555555555 0.0234375
0 0.9875 0.232421875 0.025 0.01484375
0 0.11041666666666666 0.232421875 0.04027777777777778 0.02890625
0 0.33194444444444443 0.22578125 0.058333333333333334 0.028125
0 0.24861111111111112 0.212109375 0.04722222222222222 0.02421875
0 0.08263888888888889 0.205859375 0.029166666666666667 0.02421875
0 0.7222222222222222 0.188671875 0.03611111111111111 0.01171875
0 0.36527777777777776 0.189453125 0.03333333333333333 0.01640625
0 0.6416666666666667 0.184765625 0.030555555555555555 0.02109375
0 0.14583333333333334 0.20703125 0.1111111111111111 0.065625
0 0.024305555555555556 0.166015625 0.04583333333333333 0.02578125
0 0.48680555555555555 0.163671875 0.04027777777777778 0.02265625
0 0.2881944444444444 0.15234375 0.034722222222222224 0.0171875
0 0.06180555555555556 0.15546875 0.06527777777777778 0.03125
0 0.1875 0.140234375 0.019444444444444445 0.01796875
0 0.3611111111111111 0.11640625 0.05555555555555555 0.053125
0 0.26805555555555555 0.0953125 0.030555555555555555 0.015625
0 0.22013888888888888 0.08359375 0.0375 0.034375
