0 0.9520833333333333 0.828515625 0.09583333333333334 0.09140625
0 0.9861111111111112 0.741015625 0.013888888888888888 0.01015625
0 0.9770833333333333 0.6921875 0.03194444444444444 0.0078125
0 0.11597222222222223 0.608203125 0.05694444444444444 0.02421875
0 0.020833333333333332 0.6015625 0.041666666666666664 0.0234375
0 0.5506944444444445 0.58515625 0.04027777777777778 0.01875
0 0.3854166666666667 0.582421875 0.043055555555555555 0.02109375
0 0.18680555555555556 0.57265625 0.0375 0.01875
0 0.022222222222222223 0.573046875 0.03888888888888889 0.02265625
0 0.9694444444444444 0.5609375 0.05 0.025
0 0.5618055555555556 0.535546875 0.02638888888888889 0.01328125
0 0.9138888888888889 0.53125 0.025 0.0125
0 0.9493055555555555 0.50625 0.04583333333333333 0.025
0 0.4201388888888889 0.503515625 0.043055555555555555 0.02109375
0 0.15347222222222223 0.498046875 0.05694444444444444 0.02265625
0 0.5263888888888889 0.479296875 0.03611111111111111 0.01640625
0 0.4909722222222222 0.47734375 0.02638888888888889 0.0203125
0 0.5680555555555555 0.473046875 0.03888888888888889 0.02109375
0 0.3972222222222222 0.47265625 0.06666666666666667 0.028125
0 0.3326388888888889 0.45625 0.05416666666666667 0.0296875
0 0.14305555555555555 0.4421875 0.05555555555555555 0.021875
0 0.9791666666666666 0.4234375 0.041666666666666664 0.0234375
0 0.019444444444444445 0.41015625 0.03611111111111111 0.0140625
0 0.7097222222222223 0.39296875 0.05 0.0234375
0 0.9340277777777778 0.38671875 0.04027777777777778 0.0234375
0 0.45555555555555555 0.385546875 0.06111111111111111 0.02734375
0 0.6409722222222223 0.38359375 0.0375 0.025
0 0.6013888888888889 0.380859375 0.03888888888888889 0.02265625
0 0.7354166666666667 0.376953125 0.04027777777777778 0.01640625
0 0.7402777777777778 0.35859375 0.03888888888888889 0.0171875
0 0.9527777777777777 0.33828125 0.03611111111111111 0.01875
0 0.6951388888888889 0.339453125 0.05694444444444444 0.03046875
0 0.9138888888888889 0.33359375 0.03333333333333333 0.021875
0 0.3548611111111111 0.326171875 0.043055555555555555 0.02109375
0 0.10694444444444444 0.32265625 0.06111111111111111 0.0375
0 0.2125 0.31875 0.10833333333333334 0.0328125
0 0.8215277777777777 0.312890625 0.09305555555555556 0.03828125
0 0.7305555555555555 0.3015625 0.058333333333333334 0.0328125
0 0.525 0.29453125 0.05555555555555555 0.034375
0 0.31666666666666665 0.28828125 0.04722222222222222 0.0296875
0 0.8701388888888889 0.275390625 0.03194444444444444 0.01953125
0 0.7777777777777778 0.27734375 0.05555555555555555 0.0359375
0 0.5631944444444444 0.262890625 0.03194444444444444 0.01015625
0 0.9319444444444445 0.2734375 0.05555555555555555 0.0328125
0 0.6201388888888889 0.303515625 0.12361111111111112 0.10234375
0 0.6111111111111112 0.262890625 0.03888888888888889 0.02890625
0 0.24791666666666667 0.250390625 0.03194444444444444 0.01328125
0 0.9041666666666667 0.248828125 0.03888888888888889 0.01484375
0 0.39166666666666666 0.253515625 0.08888888888888889 0.04609375
0 0.6840277777777778 0.23671875 0.05416666666666667 0.0328125
0 0.05138888888888889 0.230859375 0.1 0.04765625
0 0.4270833333333333 0.223828125 0.1375 0.05390625
0 0.14444444444444443 0.1546875 0.07777777777777778 0.078125
0 0.2951388888888889 0.146484375 0.11527777777777778 0.08046875
0 0.11597222222222223 0.084375 0.0375 0.021875
0 0.3229166666666667 0.084375 0.09027777777777778 0.05625
0 0.07013888888888889 0.073046875 0.04861111111111111 0.04140625
0 0.125 0.04921875 0.03888888888888889 0.0234375
0 0.17569444444444443 0.042578125 0.04027777777777778 0.02421875
0 0.07083333333333333 0.0390625 0.044444444444444446 0.021875
0 0.10902777777777778 0.01171875 0.0375 0.0171875
0 0.225 0.0078125 0.03888888888888889 0.0125
0 0.18680555555555556 0.009765625 0.03194444444444444 0.01796875
