0 0.5944444444444444 0.580859375 0.03611111111111111 0.02265625
0 0.5583333333333333 0.56171875 0.03333333333333333 0.021875
0 0.36666666666666664 0.523828125 0.044444444444444446 0.03046875
0 0.7180555555555556 0.5171875 0.03611111111111111 0.021875
0 0.6090277777777777 0.47890625 0.020833333333333332 0.015625
0 0.7986111111111112 0.483984375 0.06388888888888888 0.03203125
0 0.9583333333333334 0.469140625 0.03333333333333333 0.01953125
0 0.3597222222222222 0.412109375 0.03611111111111111 0.02421875
0 0.8736111111111111 0.38671875 0.03611111111111111 0.015625
0 0.6118055555555556 0.362890625 0.034722222222222224 0.01796875
0 0.7618055555555555 0.32109375 0.03194444444444444 0.021875
0 0.7277777777777777 0.32109375 0.022222222222222223 0.021875
0 0.29375 0.332421875 0.10138888888888889 0.04609375
0 0.3909722222222222 0.311328125 0.04027777777777778 0.01953125
0 0.4361111111111111 0.30078125 0.03333333333333333 0.0203125
0 0.6868055555555556 0.29765625 0.043055555555555555 0.0265625
0 0.6291666666666667 0.30078125 0.044444444444444446 0.0359375
0 0.5090277777777777 0.28984375 0.034722222222222224 0.015625
0 0.4638888888888889 0.289453125 0.022222222222222223 0.01953125
0 0.1486111111111111 0.291796875 0.11388888888888889 0.06171875
0 0.6944444444444444 0.2671875 0.05277777777777778 0.0265625
0 0.4888888888888889 0.262890625 0.05277777777777778 0.02890625
0 0.5493055555555556 0.240625 0.043055555555555555 0.0234375
0 0.4986111111111111 0.21875 0.044444444444444446 0.021875
0 0.7083333333333334 0.208984375 0.027777777777777776 0.02421875
0 0.019444444444444445 0.21015625 0.03888888888888889 0.0375
0 0.4888888888888889 0.18671875 0.041666666666666664 0.0203125
0 0.3020833333333333 0.190234375 0.12083333333333333 0.04609375
0 0.7458333333333333 0.17734375 0.09444444444444444 0.0296875
0 0.48333333333333334 0.15 0.058333333333333334 0.0296875
0 0.42569444444444443 0.112109375 0.04583333333333333 0.02578125
0 0.6736111111111112 0.112109375 0.05 0.03203125
0 0.5027777777777778 0.09765625 0.041666666666666664 0.028125
0 0.425 0.065625 0.05555555555555555 0.0265625
0 0.6041666666666666 0.03828125 0.030555555555555555 0.028125
0 0.6840277777777778 0.027734375 0.0625 0.04140625
0 0.5590277777777778 0.0265625 0.059722222222222225 0.0421875
0 0.4479166666666667 0.025 0.1125 0.0484375
