0 0.1625 0.693359375 0.04722222222222222 0.02890625
0 0.7597222222222222 0.667578125 0.03333333333333333 0.02109375
0 0.98125 0.643359375 0.0375 0.05703125
0 0.8784722222222222 0.590234375 0.043055555555555555 0.01015625
0 0.38125 0.60078125 0.09027777777777778 0.040625
0 0.8541666666666666 0.5578125 0.05 0.028125
0 0.4951388888888889 0.546484375 0.02361111111111111 0.00859375
0 0.8118055555555556 0.55234375 0.0375 0.0265625
0 0.31180555555555556 0.546875 0.04027777777777778 0.0234375
0 0.21319444444444444 0.535546875 0.029166666666666667 0.01640625
0 0.6111111111111112 0.5203125 0.03333333333333333 0.0171875
0 0.16180555555555556 0.5171875 0.0625 0.028125
0 0.975 0.504296875 0.03611111111111111 0.02109375
0 0.4583333333333333 0.499609375 0.06111111111111111 0.01953125
0 0.8222222222222222 0.493359375 0.03333333333333333 0.01953125
0 0.5465277777777777 0.484375 0.043055555555555555 0.021875
0 0.011805555555555555 0.47578125 0.02361111111111111 0.0171875
0 0.5923611111111111 0.4859375 0.043055555555555555 0.0421875
0 0.8118055555555556 0.470703125 0.02361111111111111 0.01796875
0 0.7208333333333333 0.46953125 0.041666666666666664 0.021875
0 0.9305555555555556 0.459375 0.05 0.0328125
0 0.6069444444444444 0.4484375 0.07222222222222222 0.03125
0 0.40069444444444446 0.441015625 0.07361111111111111 0.02109375
0 0.7270833333333333 0.3640625 0.03194444444444444 0.0234375
0 0.6923611111111111 0.362109375 0.029166666666666667 0.02265625
0 0.7951388888888888 0.3515625 0.03194444444444444 0.021875
0 0.7618055555555555 0.34453125 0.029166666666666667 0.01875
0 0.8458333333333333 0.328515625 0.03333333333333333 0.02109375
0 0.75625 0.314453125 0.0375 0.02265625
0 0.8159722222222222 0.3078125 0.05694444444444444 0.0390625
0 0.7479166666666667 0.283203125 0.03194444444444444 0.01640625
0 0.6569444444444444 0.2671875 0.05 0.01875
0 0.8145833333333333 0.26640625 0.03194444444444444 0.025
0 0.8701388888888889 0.2546875 0.04027777777777778 0.01875
0 0.7236111111111111 0.25234375 0.044444444444444446 0.021875
0 0.24861111111111112 0.251953125 0.041666666666666664 0.03984375
0 0.7118055555555556 0.229296875 0.04861111111111111 0.02109375
0 0.8375 0.180078125 0.06388888888888888 0.02109375
0 0.23958333333333334 0.159375 0.04027777777777778 0.0265625
0 0.7986111111111112 0.14140625 0.13055555555555556 0.0390625
0 0.7125 0.11796875 0.044444444444444446 0.0265625
0 0.17708333333333334 0.122265625 0.043055555555555555 0.04140625
0 0.11527777777777778 0.104296875 0.041666666666666664 0.02421875
