0 0.20625 0.72265625 0.018055555555555554 0.01875
0 0.19444444444444445 0.668359375 0.04722222222222222 0.02421875
0 0.21875 0.65234375 0.03194444444444444 0.0125
0 0.17152777777777778 0.633984375 0.04583333333333333 0.03046875
0 0.83125 0.615625 0.034722222222222224 0.01875
0 0.20833333333333334 0.608984375 0.05 0.02265625
0 0.7618055555555555 0.481640625 0.02361111111111111 0.01484375
0 0.23680555555555555 0.48125 0.029166666666666667 0.0140625
0 0.23680555555555555 0.460546875 0.029166666666666667 0.02578125
0 0.8291666666666667 0.4234375 0.03888888888888889 0.0203125
