0 0.8361111111111111 0.783984375 0.025 0.01328125
0 0.8861111111111111 0.775390625 0.030555555555555555 0.01171875
0 0.76875 0.7640625 0.034722222222222224 0.03125
0 0.81875 0.76015625 0.020833333333333332 0.025
0 0.8993055555555556 0.7515625 0.015277777777777777 0.0125
0 0.8513888888888889 0.751171875 0.03333333333333333 0.01796875
0 0.9368055555555556 0.744140625 0.029166666666666667 0.01484375
0 0.17708333333333334 0.737890625 0.02361111111111111 0.01015625
0 0.8472222222222222 0.7265625 0.019444444444444445 0.009375
0 0.23333333333333334 0.729296875 0.027777777777777776 0.02265625
0 0.027777777777777776 0.720703125 0.016666666666666666 0.01171875
0 0.7256944444444444 0.71875 0.02638888888888889 0.015625
0 0.7048611111111112 0.71171875 0.020833333333333332 0.0125
0 0.7666666666666667 0.703515625 0.016666666666666666 0.01015625
0 0.2520833333333333 0.696484375 0.02361111111111111 0.01640625
0 0.7125 0.6796875 0.016666666666666666 0.00625
0 0.7444444444444445 0.68359375 0.041666666666666664 0.021875
0 0.9486111111111111 0.67734375 0.025 0.0109375
0 0.19930555555555557 0.673046875 0.015277777777777777 0.01796875
0 0.41597222222222224 0.6578125 0.034722222222222224 0.015625
0 0.47847222222222224 0.654296875 0.02361111111111111 0.01328125
0 0.1 0.636328125 0.027777777777777776 0.01328125
0 0.36319444444444443 0.635546875 0.020833333333333332 0.02421875
0 0.6888888888888889 0.62578125 0.016666666666666666 0.0140625
0 0.15555555555555556 0.6203125 0.013888888888888888 0.0078125
0 0.8131944444444444 0.617578125 0.0125 0.00546875
0 0.3548611111111111 0.610546875 0.0125 0.01015625
0 0.6173611111111111 0.605859375 0.02638888888888889 0.02421875
0 0.3972222222222222 0.598828125 0.013888888888888888 0.01015625
0 0.7090277777777778 0.59453125 0.02361111111111111 0.015625
0 0.5048611111111111 0.579296875 0.018055555555555554 0.01015625
0 0.39375 0.573046875 0.02638888888888889 0.01484375
0 0.6986111111111111 0.553515625 0.011111111111111112 0.01171875
0 0.4 0.541015625 0.03888888888888889 0.02421875
0 0.7743055555555556 0.5265625 0.015277777777777777 0.009375
0 0.5270833333333333 0.5203125 0.020833333333333332 0.00625
0 0.5229166666666667 0.480859375 0.03194444444444444 0.01328125
0 0.8069444444444445 0.45625 0.019444444444444445 0.0125
0 0.4895833333333333 0.44140625 0.018055555555555554 0.0078125
0 0.5993055555555555 0.42265625 0.034722222222222224 0.0203125
0 0.4173611111111111 0.4203125 0.02638888888888889 0.0171875
0 0.5354166666666667 0.417578125 0.018055555555555554 0.01328125
0 0.6486111111111111 0.41171875 0.016666666666666666 0.009375
0 0.7673611111111112 0.404296875 0.015277777777777777 0.00703125
0 0.2881944444444444 0.398828125 0.020833333333333332 0.00859375
0 0.32083333333333336 0.396484375 0.041666666666666664 0.03046875
0 0.5201388888888889 0.376171875 0.02361111111111111 0.01328125
0 0.44930555555555557 0.3765625 0.02638888888888889 0.0140625
0 0.8201388888888889 0.37265625 0.020833333333333332 0.0125
0 0.29930555555555555 0.377734375 0.03194444444444444 0.02421875
0 0.7888888888888889 0.361328125 0.03611111111111111 0.01796875
0 0.3680555555555556 0.336328125 0.008333333333333333 0.00390625
0 0.65 0.31484375 0.013888888888888888 0.0109375
0 0.7118055555555556 0.304296875 0.02361111111111111 0.01640625
0 0.7402777777777778 0.3015625 0.019444444444444445 0.0125
0 0.6881944444444444 0.2859375 0.02638888888888889 0.0140625
0 0.5298611111111111 0.284375 0.04861111111111111 0.01875
0 0.7715277777777778 0.28203125 0.03194444444444444 0.01875
0 0.6006944444444444 0.277734375 0.009722222222222222 0.01015625
0 0.73125 0.278125 0.02361111111111111 0.0203125
0 0.6305555555555555 0.2734375 0.027777777777777776 0.015625
0 0.5298611111111111 0.267578125 0.018055555555555554 0.01015625
0 0.5930555555555556 0.2640625 0.019444444444444445 0.0125
0 0.7041666666666667 0.250390625 0.025 0.01484375
0 0.6152777777777778 0.235546875 0.025 0.02265625
0 0.5826388888888889 0.212890625 0.02361111111111111 0.01328125
