0 0.01597222222222222 0.5078125 0.029166666666666667 0.0234375
0 0.03888888888888889 0.465625 0.027777777777777776 0.01875
0 0.29791666666666666 0.457421875 0.02361111111111111 0.01953125
0 0.01597222222222222 0.44609375 0.0125 0.01875
0 0.43333333333333335 0.418359375 0.016666666666666666 0.01015625
0 0.2548611111111111 0.4109375 0.02638888888888889 0.0140625
0 0.4534722222222222 0.384765625 0.018055555555555554 0.01015625
0 0.10833333333333334 0.381640625 0.022222222222222223 0.01171875
0 0.31319444444444444 0.357421875 0.02638888888888889 0.01015625
0 0.22152777777777777 0.35859375 0.029166666666666667 0.015625
0 0.18819444444444444 0.35234375 0.029166666666666667 0.0140625
0 0.125 0.33671875 0.019444444444444445 0.0109375
0 0.17152777777777778 0.33515625 0.02361111111111111 0.0140625
0 0.23055555555555557 0.335546875 0.030555555555555555 0.01796875
0 0.15347222222222223 0.314453125 0.02638888888888889 0.01328125
0 0.20833333333333334 0.3015625 0.016666666666666666 0.0109375
0 0.10138888888888889 0.274609375 0.025 0.01015625
0 0.12222222222222222 0.239453125 0.025 0.01484375
0 0.030555555555555555 0.226953125 0.03333333333333333 0.02109375
