0 0.69375 0.7515625 0.05416666666666667 0.03125
0 0.06319444444444444 0.750390625 0.05138888888888889 0.02890625
0 0.011805555555555555 0.740625 0.018055555555555554 0.0265625
0 0.35208333333333336 0.718359375 0.04027777777777778 0.02421875
0 0.13680555555555557 0.7125 0.04861111111111111 0.0265625
0 0.01597222222222222 0.70703125 0.029166666666666667 0.01875
0 0.8791666666666667 0.702734375 0.03333333333333333 0.01484375
0 0.10486111111111111 0.69375 0.043055555555555555 0.0171875
0 0.1527777777777778 0.68984375 0.05277777777777778 0.0171875
0 0.8479166666666667 0.672265625 0.0375 0.01640625
0 0.3173611111111111 0.673046875 0.04583333333333333 0.02890625
0 0.10902777777777778 0.669921875 0.04583333333333333 0.02421875
0 0.041666666666666664 0.64609375 0.05 0.0296875
0 0.8798611111111111 0.608203125 0.05416666666666667 0.02578125
0 0.03194444444444444 0.604296875 0.044444444444444446 0.01796875
0 0.4666666666666667 0.5984375 0.03888888888888889 0.021875
0 0.7798611111111111 0.595703125 0.04861111111111111 0.02265625
0 0.7048611111111112 0.598828125 0.05694444444444444 0.03828125
0 0.63125 0.580859375 0.034722222222222224 0.02578125
0 0.55625 0.571875 0.029166666666666667 0.0203125
0 0.5840277777777778 0.54296875 0.0625 0.021875
0 0.6284722222222222 0.480859375 0.06805555555555555 0.03203125
0 0.7618055555555555 0.44140625 0.034722222222222224 0.0203125
0 0.8069444444444445 0.42421875 0.06666666666666667 0.0328125
0 0.9736111111111111 0.416796875 0.044444444444444446 0.03671875
0 0.1423611111111111 0.37109375 0.02638888888888889 0.0109375
0 0.5173611111111112 0.375390625 0.0375 0.02109375
0 0.9805555555555555 0.379296875 0.03333333333333333 0.03359375
0 0.12152777777777778 0.3609375 0.02638888888888889 0.0125
0 0.4083333333333333 0.352734375 0.027777777777777776 0.01640625
0 0.9027777777777778 0.348046875 0.025 0.01484375
0 0.46041666666666664 0.35390625 0.04861111111111111 0.028125
0 0.4354166666666667 0.3328125 0.05138888888888889 0.025
0 0.21944444444444444 0.317578125 0.027777777777777776 0.01640625
0 0.13194444444444445 0.309375 0.044444444444444446 0.0234375
0 0.38125 0.29296875 0.0125 0.0109375
0 0.5027777777777778 0.294921875 0.030555555555555555 0.02421875
0 0.5541666666666667 0.288671875 0.04722222222222222 0.02421875
0 0.20555555555555555 0.28359375 0.03333333333333333 0.0171875
0 0.021527777777777778 0.2625 0.043055555555555555 0.025
0 0.6319444444444444 0.2546875 0.05555555555555555 0.034375
0 0.23680555555555555 0.23359375 0.029166666666666667 0.01875
0 0.5048611111111111 0.230859375 0.05138888888888889 0.02734375
0 0.05 0.227734375 0.044444444444444446 0.02421875
0 0.6493055555555556 0.223828125 0.043055555555555555 0.02421875
0 0.6916666666666667 0.21640625 0.03611111111111111 0.021875
0 0.40069444444444446 0.2140625 0.04583333333333333 0.0171875
0 0.83125 0.213671875 0.034722222222222224 0.01796875
0 0.2881944444444444 0.2015625 0.03194444444444444 0.01875
0 0.3861111111111111 0.194140625 0.027777777777777776 0.01640625
0 0.11597222222222223 0.197265625 0.05138888888888889 0.03359375
0 0.44166666666666665 0.183203125 0.03611111111111111 0.01640625
0 0.06944444444444445 0.18828125 0.044444444444444446 0.0265625
0 0.6326388888888889 0.180078125 0.02638888888888889 0.01484375
0 0.75625 0.18125 0.07361111111111111 0.03125
0 0.5819444444444445 0.16328125 0.030555555555555555 0.0171875
0 0.09375 0.149609375 0.05694444444444444 0.03046875
0 0.14097222222222222 0.140234375 0.043055555555555555 0.01953125
0 0.3972222222222222 0.135546875 0.030555555555555555 0.01484375
0 0.8104166666666667 0.140625 0.04583333333333333 0.028125
0 0.5895833333333333 0.135546875 0.0375 0.02109375
0 0.25833333333333336 0.13515625 0.03611111111111111 0.021875
0 0.47708333333333336 0.13046875 0.020833333333333332 0.015625
0 0.95625 0.133203125 0.03194444444444444 0.03203125
0 0.6493055555555556 0.11796875 0.018055555555555554 0.015625
0 0.7402777777777778 0.115234375 0.05 0.02578125
0 0.11805555555555555 0.1109375 0.030555555555555555 0.0203125
0 0.42430555555555555 0.114453125 0.06805555555555555 0.03203125
0 0.009722222222222222 0.10390625 0.016666666666666666 0.0140625
0 0.6236111111111111 0.103125 0.03333333333333333 0.015625
0 0.03680555555555556 0.100390625 0.02361111111111111 0.01640625
0 0.6645833333333333 0.0953125 0.02638888888888889 0.0125
0 0.39305555555555555 0.0984375 0.03888888888888889 0.025
0 0.9541666666666667 0.096484375 0.03333333333333333 0.02578125
0 0.8659722222222223 0.097265625 0.05694444444444444 0.03515625
0 0.7618055555555555 0.09140625 0.04027777777777778 0.0234375
0 0.8229166666666666 0.09296875 0.04583333333333333 0.0296875
0 0.4444444444444444 0.080859375 0.025 0.01640625
0 0.28958333333333336 0.08828125 0.07083333333333333 0.03125
0 0.0125 0.081640625 0.025 0.02421875
0 0.40694444444444444 0.071484375 0.03333333333333333 0.01640625
0 0.5680555555555555 0.072265625 0.03333333333333333 0.02265625
0 0.2652777777777778 0.066796875 0.03888888888888889 0.01640625
0 0.5201388888888889 0.06640625 0.034722222222222224 0.0171875
0 0.7819444444444444 0.066015625 0.058333333333333334 0.02421875
0 0.8958333333333334 0.05078125 0.022222222222222223 0.0140625
0 0.8368055555555556 0.05859375 0.05138888888888889 0.0328125
0 0.4027777777777778 0.0515625 0.03888888888888889 0.028125
0 0.36319444444444443 0.04921875 0.04027777777777778 0.025
0 0.8347222222222223 0.02421875 0.030555555555555555 0.0234375
