0 0.25972222222222224 0.580078125 0.016666666666666666 0.01328125
0 0.027083333333333334 0.582421875 0.0375 0.01953125
0 0.325 0.56796875 0.030555555555555555 0.0109375
0 0.35833333333333334 0.567578125 0.027777777777777776 0.01328125
0 0.5916666666666667 0.5 0.030555555555555555 0.028125
0 0.78125 0.471484375 0.04027777777777778 0.02265625
0 0.4125 0.45 0.03888888888888889 0.0234375
0 0.4131944444444444 0.39921875 0.04583333333333333 0.0203125
0 0.6541666666666667 0.38046875 0.05277777777777778 0.0234375
0 0.9138888888888889 0.3671875 0.022222222222222223 0.015625
0 0.8548611111111111 0.359765625 0.018055555555555554 0.01484375
0 0.8118055555555556 0.360546875 0.03194444444444444 0.01953125
0 0.6166666666666667 0.17265625 0.05277777777777778 0.0265625
