0 0.7229166666666667 0.61171875 0.04027777777777778 0.028125
0 0.6909722222222222 0.590234375 0.029166666666666667 0.02265625
0 0.47430555555555554 0.56015625 0.03194444444444444 0.028125
0 0.4236111111111111 0.555859375 0.027777777777777776 0.02734375
0 0.6826388888888889 0.542578125 0.043055555555555555 0.03046875
0 0.7909722222222222 0.528125 0.04861111111111111 0.0234375
0 0.36944444444444446 0.469140625 0.027777777777777776 0.01484375
0 0.5868055555555556 0.44375 0.02638888888888889 0.0109375
0 0.8743055555555556 0.43203125 0.04583333333333333 0.01875
0 0.1673611111111111 0.4140625 0.029166666666666667 0.015625
0 0.29791666666666666 0.410546875 0.04027777777777778 0.01796875
0 0.33402777777777776 0.401953125 0.03194444444444444 0.01171875
0 0.41875 0.396875 0.0375 0.01875
0 0.9777777777777777 0.391796875 0.044444444444444446 0.02578125
0 0.38125 0.382421875 0.02361111111111111 0.01015625
0 0.2875 0.379296875 0.03888888888888889 0.01328125
0 0.6097222222222223 0.38046875 0.022222222222222223 0.0171875
0 0.8701388888888889 0.379296875 0.04027777777777778 0.01953125
0 0.05416666666666667 0.37578125 0.011111111111111112 0.0140625
0 0.7979166666666667 0.375 0.03194444444444444 0.0171875
0 0.04791666666666667 0.360546875 0.02638888888888889 0.01640625
0 0.9805555555555555 0.364453125 0.03888888888888889 0.02578125
0 0.8708333333333333 0.358203125 0.041666666666666664 0.01328125
0 0.32013888888888886 0.358203125 0.043055555555555555 0.01640625
0 0.1326388888888889 0.355859375 0.020833333333333332 0.01484375
0 0.6819444444444445 0.357421875 0.025 0.01953125
0 0.9229166666666667 0.364453125 0.0375 0.03671875
0 0.81875 0.355859375 0.034722222222222224 0.01953125
0 0.7090277777777778 0.353515625 0.03194444444444444 0.01953125
0 0.4895833333333333 0.34296875 0.02638888888888889 0.0203125
0 0.12986111111111112 0.337109375 0.03194444444444444 0.01484375
0 0.22083333333333333 0.337109375 0.03333333333333333 0.01796875
0 0.7923611111111111 0.338671875 0.0375 0.02421875
0 0.9208333333333333 0.33203125 0.04722222222222222 0.021875
0 0.07291666666666667 0.31796875 0.029166666666666667 0.0140625
0 0.9833333333333333 0.315625 0.03333333333333333 0.0203125
0 0.8493055555555555 0.307421875 0.0375 0.01640625
0 0.6458333333333334 0.28984375 0.08055555555555556 0.046875
0 0.7125 0.272265625 0.041666666666666664 0.02109375
0 0.7402777777777778 0.194921875 0.025 0.01640625
0 0.6520833333333333 0.162890625 0.0375 0.01796875
0 0.6055555555555555 0.16015625 0.03333333333333333 0.0234375
