0 0.3472222222222222 0.730078125 0.04722222222222222 0.03046875
0 0.4840277777777778 0.709375 0.05138888888888889 0.0359375
0 0.43333333333333335 0.697265625 0.03333333333333333 0.01484375
0 0.1625 0.725 0.16666666666666666 0.0703125
0 0.9465277777777777 0.7015625 0.0625 0.03125
0 0.2833333333333333 0.69296875 0.03888888888888889 0.0203125
0 0.2048611111111111 0.66796875 0.02638888888888889 0.0171875
0 0.01597222222222222 0.6609375 0.03194444444444444 0.0265625
0 0.9798611111111111 0.648828125 0.04027777777777778 0.02109375
0 0.08819444444444445 0.6328125 0.04027777777777778 0.028125
0 0.19930555555555557 0.63125 0.04027777777777778 0.0265625
0 0.03333333333333333 0.584375 0.06666666666666667 0.0515625
0 0.6965277777777777 0.564453125 0.04861111111111111 0.02578125
0 0.11597222222222223 0.546484375 0.06527777777777778 0.04140625
0 0.28541666666666665 0.515625 0.03194444444444444 0.015625
0 0.8256944444444444 0.469140625 0.05416666666666667 0.02109375
0 0.48194444444444445 0.466015625 0.03888888888888889 0.02109375
0 0.40555555555555556 0.4703125 0.07777777777777778 0.0328125
0 0.16597222222222222 0.4515625 0.04027777777777778 0.021875
0 0.8118055555555556 0.43671875 0.04027777777777778 0.0171875
0 0.4361111111111111 0.426953125 0.044444444444444446 0.04296875
0 0.3229166666666667 0.408203125 0.0763888888888889 0.02421875
0 0.21597222222222223 0.403515625 0.034722222222222224 0.02109375
0 0.02013888888888889 0.396484375 0.03194444444444444 0.01796875
0 0.28055555555555556 0.376171875 0.044444444444444446 0.01796875
0 0.06111111111111111 0.37734375 0.04722222222222222 0.0203125
0 0.5881944444444445 0.369140625 0.043055555555555555 0.02421875
0 0.1798611111111111 0.350390625 0.03194444444444444 0.01953125
0 0.33541666666666664 0.34765625 0.04027777777777778 0.01875
0 0.3798611111111111 0.32890625 0.02638888888888889 0.0203125
0 0.23819444444444443 0.326171875 0.034722222222222224 0.01640625
0 0.5097222222222222 0.322265625 0.044444444444444446 0.01953125
0 0.45 0.308984375 0.03888888888888889 0.01796875
0 0.3798611111111111 0.28984375 0.0375 0.021875
0 0.75625 0.27265625 0.02638888888888889 0.0140625
0 0.5006944444444444 0.276171875 0.04027777777777778 0.02265625
0 0.6291666666666667 0.257421875 0.016666666666666666 0.01171875
0 0.6215277777777778 0.246484375 0.02638888888888889 0.01796875
0 0.5798611111111112 0.24609375 0.03194444444444444 0.0203125
0 0.5270833333333333 0.237890625 0.04861111111111111 0.01953125
0 0.5854166666666667 0.220703125 0.06805555555555555 0.02578125
0 0.8583333333333333 0.21640625 0.075 0.0328125
0 0.5576388888888889 0.19375 0.04861111111111111 0.0265625
0 0.775 0.226953125 0.21388888888888888 0.09921875
0 0.9576388888888889 0.18828125 0.08472222222222223 0.040625
0 0.7951388888888888 0.178515625 0.05416666666666667 0.02421875
0 0.6333333333333333 0.1671875 0.06944444444444445 0.0203125
0 0.44375 0.150390625 0.03194444444444444 0.02578125
0 0.8 0.14453125 0.07222222222222222 0.0390625
0 0.4597222222222222 0.12421875 0.030555555555555555 0.01875
0 0.39652777777777776 0.13984375 0.07361111111111111 0.0609375
0 0.5243055555555556 0.115625 0.04861111111111111 0.0390625
0 0.4618055555555556 0.101953125 0.04583333333333333 0.01953125
0 0.9736111111111111 0.10078125 0.05277777777777778 0.040625
0 0.5152777777777777 0.08203125 0.041666666666666664 0.0234375
0 0.36736111111111114 0.08046875 0.043055555555555555 0.0234375
0 0.4041666666666667 0.072265625 0.08611111111111111 0.04453125
0 0.9354166666666667 0.051953125 0.07083333333333333 0.03203125
0 0.32569444444444445 0.049609375 0.04583333333333333 0.03359375
0 0.6222222222222222 0.04453125 0.08333333333333333 0.0390625
0 0.38333333333333336 0.0328125 0.05277777777777778 0.0265625
0 0.33055555555555555 0.0109375 0.025 0.015625
0 0.8201388888888889 0.037109375 0.10416666666666667 0.06953125
0 0.9791666666666666 0.01171875 0.027777777777777776 0.0203125
0 0.6159722222222223 0.008984375 0.05694444444444444 0.01640625
0 0.5097222222222222 0.01796875 0.075 0.0359375
