0 0.5583333333333333 0.709375 0.041666666666666664 0.0328125
0 0.6277777777777778 0.667578125 0.05277777777777778 0.03046875
0 0.5645833333333333 0.66171875 0.04027777777777778 0.025
0 0.04722222222222222 0.615234375 0.06944444444444445 0.04453125
0 0.38055555555555554 0.605078125 0.044444444444444446 0.03046875
0 0.06805555555555555 0.5828125 0.03611111111111111 0.0203125
0 0.25 0.579296875 0.041666666666666664 0.01796875
0 0.11944444444444445 0.57890625 0.030555555555555555 0.0234375
0 0.3486111111111111 0.564453125 0.05 0.02734375
0 0.9375 0.56640625 0.06388888888888888 0.0359375
0 0.35347222222222224 0.539453125 0.029166666666666667 0.02109375
0 0.36319444444444443 0.513671875 0.04861111111111111 0.02421875
0 0.5458333333333333 0.4953125 0.044444444444444446 0.015625
0 0.5194444444444445 0.47421875 0.041666666666666664 0.0109375
0 0.9006944444444445 0.4765625 0.015277777777777777 0.0203125
0 0.8625 0.47734375 0.030555555555555555 0.0359375
0 0.6555555555555556 0.453515625 0.03333333333333333 0.01640625
0 0.9534722222222223 0.448828125 0.059722222222222225 0.01796875
0 0.7402777777777778 0.446875 0.025 0.0234375
0 0.16111111111111112 0.441796875 0.044444444444444446 0.02265625
0 0.6263888888888889 0.439453125 0.03611111111111111 0.02421875
0 0.675 0.437109375 0.03611111111111111 0.02578125
0 0.9777777777777777 0.432421875 0.027777777777777776 0.01796875
0 0.525 0.42890625 0.03611111111111111 0.028125
0 0.3506944444444444 0.4125 0.029166666666666667 0.0171875
0 0.40625 0.410546875 0.03194444444444444 0.01484375
0 0.175 0.4078125 0.03333333333333333 0.0171875
0 0.13472222222222222 0.39375 0.022222222222222223 0.0109375
0 0.5076388888888889 0.3875 0.06527777777777778 0.0453125
0 0.04583333333333333 0.340625 0.027777777777777776 0.015625
0 0.6597222222222222 0.3515625 0.1 0.040625
0 0.48541666666666666 0.33671875 0.04861111111111111 0.0203125
0 0.5611111111111111 0.33046875 0.041666666666666664 0.015625
0 0.6680555555555555 0.310546875 0.03888888888888889 0.01953125
0 0.7166666666666667 0.309765625 0.030555555555555555 0.02421875
0 0.4305555555555556 0.253125 0.058333333333333334 0.0375
0 0.5472222222222223 0.23046875 0.025 0.021875
0 0.8722222222222222 0.225390625 0.03888888888888889 0.02109375
0 0.8125 0.224609375 0.07777777777777778 0.03046875
0 0.61875 0.21796875 0.0375 0.01875
0 0.34652777777777777 0.21171875 0.034722222222222224 0.021875
0 0.39375 0.201953125 0.034722222222222224 0.01953125
0 0.7576388888888889 0.20234375 0.04583333333333333 0.0265625
0 0.5743055555555555 0.181640625 0.02638888888888889 0.02109375
0 0.8111111111111111 0.1890625 0.05555555555555555 0.04375
0 0.4222222222222222 0.1765625 0.03333333333333333 0.0203125
0 0.6729166666666667 0.15703125 0.0625 0.03125
0 0.41041666666666665 0.1515625 0.05138888888888889 0.025
0 0.7555555555555555 0.16015625 0.06388888888888888 0.0453125
0 0.6229166666666667 0.15 0.04583333333333333 0.0265625
0 0.5506944444444445 0.161328125 0.06805555555555555 0.04921875
0 0.45625 0.119921875 0.043055555555555555 0.01796875
0 0.41180555555555554 0.12421875 0.043055555555555555 0.0265625
0 0.6159722222222223 0.115625 0.04861111111111111 0.0234375
0 0.5020833333333333 0.129296875 0.05138888888888889 0.05390625
0 0.40694444444444444 0.083984375 0.07222222222222222 0.02578125
0 0.45625 0.05703125 0.04583333333333333 0.0234375
