0 0.6041666666666666 0.82890625 0.06111111111111111 0.04375
0 0.9743055555555555 0.775 0.05138888888888889 0.025
0 0.9743055555555555 0.733203125 0.05138888888888889 0.03671875
0 0.32916666666666666 0.716796875 0.03888888888888889 0.01953125
0 0.7583333333333333 0.69921875 0.044444444444444446 0.021875
0 0.3138888888888889 0.693359375 0.03333333333333333 0.01796875
0 0.6909722222222222 0.67734375 0.02361111111111111 0.01875
0 0.70625 0.65 0.07083333333333333 0.0265625
0 0.4638888888888889 0.639453125 0.044444444444444446 0.02890625
0 0.4722222222222222 0.575390625 0.03888888888888889 0.03203125
0 0.6451388888888889 0.548046875 0.04861111111111111 0.02734375
0 0.2298611111111111 0.541796875 0.04583333333333333 0.02734375
0 0.4722222222222222 0.547265625 0.11388888888888889 0.04296875
0 0.6972222222222222 0.51875 0.041666666666666664 0.0265625
0 0.55625 0.516015625 0.02361111111111111 0.02109375
0 0.7277777777777777 0.5015625 0.04722222222222222 0.028125
0 0.375 0.483203125 0.044444444444444446 0.02109375
0 0.5361111111111111 0.480078125 0.030555555555555555 0.02734375
0 0.4638888888888889 0.473046875 0.041666666666666664 0.03984375
0 0.7402777777777778 0.4375 0.030555555555555555 0.021875
0 0.6881944444444444 0.429296875 0.02638888888888889 0.01328125
0 0.5090277777777777 0.4203125 0.04583333333333333 0.0265625
0 0.5319444444444444 0.40859375 0.025 0.0171875
0 0.4395833333333333 0.4 0.05694444444444444 0.0328125
0 0.5986111111111111 0.37890625 0.05277777777777778 0.028125
0 0.49930555555555556 0.334375 0.12916666666666668 0.0625
0 0.6590277777777778 0.30859375 0.02361111111111111 0.0171875
0 0.5930555555555556 0.31328125 0.09166666666666666 0.0328125
0 0.6027777777777777 0.284375 0.030555555555555555 0.015625
0 0.4361111111111111 0.271484375 0.05 0.02578125
0 0.5159722222222223 0.226953125 0.05138888888888889 0.03046875
0 0.5680555555555555 0.22421875 0.05 0.0421875
0 0.6236111111111111 0.11796875 0.05 0.0328125
0 0.6868055555555556 0.0375 0.034722222222222224 0.0296875
0 0.7354166666666667 0.03828125 0.05694444444444444 0.040625
0 0.6708333333333333 0.01015625 0.03611111111111111 0.0171875
