0 0.7444444444444445 0.72890625 0.027777777777777776 0.01875
0 0.015277777777777777 0.7125 0.027777777777777776 0.0234375
0 0.18888888888888888 0.715625 0.07222222222222222 0.0375
0 0.8069444444444445 0.6828125 0.03611111111111111 0.015625
0 0.5569444444444445 0.681640625 0.027777777777777776 0.01796875
0 0.9805555555555555 0.677734375 0.025 0.01484375
0 0.8020833333333334 0.664453125 0.0375 0.01640625
0 0.5180555555555556 0.65546875 0.03333333333333333 0.015625
0 0.6493055555555556 0.653515625 0.04861111111111111 0.01796875
0 0.7958333333333333 0.63828125 0.03333333333333333 0.0203125
0 0.875 0.629296875 0.05555555555555555 0.02734375
0 0.9833333333333333 0.62421875 0.03333333333333333 0.03125
0 0.7909722222222222 0.61328125 0.029166666666666667 0.025
0 0.8229166666666666 0.6 0.02638888888888889 0.0125
0 0.6541666666666667 0.594140625 0.03611111111111111 0.01796875
0 0.08402777777777778 0.594140625 0.029166666666666667 0.02109375
0 0.15694444444444444 0.594921875 0.03888888888888889 0.03359375
0 0.4083333333333333 0.588671875 0.05277777777777778 0.02734375
0 0.3263888888888889 0.580859375 0.030555555555555555 0.02109375
0 0.20277777777777778 0.5859375 0.06111111111111111 0.034375
0 0.9375 0.5546875 0.025 0.015625
0 0.8 0.559375 0.08333333333333333 0.0328125
0 0.09861111111111111 0.539453125 0.025 0.01328125
0 0.12916666666666668 0.542578125 0.03333333333333333 0.02578125
0 0.9888888888888889 0.518359375 0.022222222222222223 0.01953125
0 0.28402777777777777 0.502734375 0.018055555555555554 0.01796875
0 0.017361111111111112 0.4921875 0.0125 0.009375
0 0.11319444444444444 0.487890625 0.034722222222222224 0.02421875
0 0.9923611111111111 0.48203125 0.015277777777777777 0.0140625
0 0.9076388888888889 0.47265625 0.034722222222222224 0.0109375
0 0.8298611111111112 0.455859375 0.03194444444444444 0.01484375
0 0.7472222222222222 0.453125 0.027777777777777776 0.015625
0 0.2604166666666667 0.453515625 0.034722222222222224 0.01953125
0 0.8631944444444445 0.451953125 0.03194444444444444 0.02109375
0 0.8895833333333333 0.444140625 0.029166666666666667 0.01484375
0 0.38263888888888886 0.441796875 0.05138888888888889 0.02265625
0 0.8319444444444445 0.434765625 0.022222222222222223 0.01484375
0 0.33819444444444446 0.434765625 0.03194444444444444 0.02265625
0 0.8145833333333333 0.427734375 0.02638888888888889 0.01015625
0 0.5243055555555556 0.4296875 0.0375 0.021875
0 0.9847222222222223 0.425 0.027777777777777776 0.015625
0 0.30069444444444443 0.425 0.04027777777777778 0.0234375
0 0.4395833333333333 0.420703125 0.04583333333333333 0.03046875
0 0.725 0.41015625 0.03333333333333333 0.0140625
0 0.8854166666666666 0.4125 0.029166666666666667 0.0234375
0 0.7680555555555556 0.39453125 0.030555555555555555 0.0140625
0 0.11736111111111111 0.388671875 0.043055555555555555 0.02421875
0 0.4736111111111111 0.38359375 0.06666666666666667 0.0265625
0 0.6958333333333333 0.37421875 0.03611111111111111 0.0140625
0 0.050694444444444445 0.3734375 0.043055555555555555 0.025
0 0.4465277777777778 0.36484375 0.02638888888888889 0.015625
0 0.6659722222222222 0.3578125 0.05138888888888889 0.028125
0 0.022916666666666665 0.351953125 0.043055555555555555 0.02734375
0 0.51875 0.340234375 0.04583333333333333 0.01328125
0 0.7951388888888888 0.337890625 0.034722222222222224 0.01796875
0 0.07916666666666666 0.31796875 0.03333333333333333 0.0234375
0 0.37569444444444444 0.309375 0.02361111111111111 0.0140625
0 0.1527777777777778 0.31171875 0.03333333333333333 0.0234375
0 0.10694444444444444 0.295703125 0.022222222222222223 0.01171875
0 0.6694444444444444 0.283203125 0.027777777777777776 0.00859375
0 0.5722222222222222 0.29375 0.05277777777777778 0.0296875
0 0.7256944444444444 0.278515625 0.03194444444444444 0.01328125
0 0.20347222222222222 0.278125 0.04583333333333333 0.025
0 0.7597222222222222 0.2671875 0.030555555555555555 0.015625
0 0.2951388888888889 0.264453125 0.03194444444444444 0.01484375
0 0.86875 0.262890625 0.04027777777777778 0.01796875
0 0.9368055555555556 0.25546875 0.029166666666666667 0.0140625
0 0.7333333333333333 0.257421875 0.030555555555555555 0.02265625
0 0.09375 0.257421875 0.04861111111111111 0.02421875
0 0.6986111111111111 0.25390625 0.03888888888888889 0.0234375
0 0.21944444444444444 0.2515625 0.05 0.01875
0 0.2625 0.244921875 0.011111111111111112 0.01328125
0 0.44166666666666665 0.2421875 0.03333333333333333 0.021875
0 0.33194444444444443 0.2390625 0.03333333333333333 0.0171875
0 0.5534722222222223 0.237890625 0.04583333333333333 0.03046875
0 0.22708333333333333 0.228515625 0.02638888888888889 0.01171875
0 0.8993055555555556 0.21640625 0.02638888888888889 0.015625
0 0.10416666666666667 0.21484375 0.03611111111111111 0.0125
0 0.7541666666666667 0.2140625 0.025 0.0203125
0 0.28055555555555556 0.2078125 0.025 0.015625
0 0.3909722222222222 0.205859375 0.015277777777777777 0.01328125
0 0.36527777777777776 0.208203125 0.025 0.01953125
0 0.9881944444444445 0.202734375 0.020833333333333332 0.01953125
0 0.2361111111111111 0.190625 0.03333333333333333 0.01875
0 0.8743055555555556 0.186328125 0.043055555555555555 0.02265625
0 0.1326388888888889 0.173828125 0.015277777777777777 0.01484375
0 0.08055555555555556 0.166796875 0.027777777777777776 0.01171875
0 0.2513888888888889 0.16171875 0.030555555555555555 0.0171875
0 0.9840277777777777 0.165234375 0.03194444444444444 0.02578125
0 0.5208333333333334 0.16484375 0.041666666666666664 0.0265625
0 0.38125 0.16171875 0.034722222222222224 0.025
0 0.15486111111111112 0.15703125 0.0375 0.0171875
0 0.07430555555555556 0.153515625 0.0375 0.01640625
0 0.09305555555555556 0.1421875 0.03888888888888889 0.0203125
0 0.11458333333333333 0.13828125 0.02361111111111111 0.015625
0 0.28055555555555556 0.130859375 0.030555555555555555 0.01640625
0 0.3645833333333333 0.133984375 0.02361111111111111 0.02421875
0 0.05625 0.1328125 0.034722222222222224 0.021875
0 0.39652777777777776 0.1359375 0.04583333333333333 0.0296875
0 0.325 0.140625 0.04722222222222222 0.046875
0 0.4965277777777778 0.130078125 0.04583333333333333 0.04921875
0 0.10625 0.1140625 0.02361111111111111 0.0171875
0 0.06805555555555555 0.10625 0.03611111111111111 0.0140625
0 0.34375 0.10625 0.02361111111111111 0.021875
0 0.22777777777777777 0.10546875 0.03611111111111111 0.0234375
0 0.3784722222222222 0.098828125 0.05138888888888889 0.02578125
0 0.4340277777777778 0.094140625 0.03194444444444444 0.01953125
0 0.03958333333333333 0.087109375 0.0763888888888889 0.02421875
