0 0.7805555555555556 0.823828125 0.041666666666666664 0.02578125
0 0.63125 0.823046875 0.059722222222222225 0.03828125
0 0.5916666666666667 0.812890625 0.03333333333333333 0.03359375
0 0.9569444444444445 0.789453125 0.05277777777777778 0.02890625
0 0.016666666666666666 0.779296875 0.030555555555555555 0.02578125
0 0.18055555555555555 0.7453125 0.05555555555555555 0.03125
0 0.7388888888888889 0.734765625 0.03888888888888889 0.02109375
0 0.6569444444444444 0.710546875 0.1 0.03046875
0 0.5666666666666667 0.701953125 0.019444444444444445 0.02578125
0 0.5847222222222223 0.68125 0.041666666666666664 0.028125
0 0.3902777777777778 0.668359375 0.03333333333333333 0.01796875
0 0.6138888888888889 0.658984375 0.016666666666666666 0.02734375
0 0.4444444444444444 0.65078125 0.075 0.04375
0 0.22083333333333333 0.63984375 0.05555555555555555 0.028125
0 0.5791666666666667 0.62421875 0.10833333333333334 0.04375
0 0.37569444444444444 0.600390625 0.06527777777777778 0.03203125
0 0.6326388888888889 0.59140625 0.029166666666666667 0.0171875
0 0.7305555555555555 0.571484375 0.030555555555555555 0.01796875
0 0.7715277777777778 0.56484375 0.034722222222222224 0.01875
0 0.6770833333333334 0.571484375 0.05138888888888889 0.03515625
0 0.4701388888888889 0.546875 0.05416666666666667 0.03125
0 0.6673611111111111 0.526171875 0.04027777777777778 0.02109375
0 0.42916666666666664 0.5203125 0.05 0.034375
0 0.6076388888888888 0.52265625 0.0763888888888889 0.0546875
0 0.4888888888888889 0.494140625 0.030555555555555555 0.01796875
0 0.44375 0.48125 0.05694444444444444 0.025
0 0.7555555555555555 0.473828125 0.03333333333333333 0.01484375
0 0.7277777777777777 0.459375 0.03611111111111111 0.0171875
0 0.4527777777777778 0.44453125 0.05555555555555555 0.0234375
0 0.66875 0.44296875 0.09861111111111111 0.0359375
0 0.4375 0.336328125 0.030555555555555555 0.01484375
0 0.33611111111111114 0.334765625 0.08055555555555556 0.03515625
0 0.3486111111111111 0.296875 0.03333333333333333 0.028125
0 0.6027777777777777 0.29296875 0.03611111111111111 0.0234375
0 0.3715277777777778 0.2140625 0.05416666666666667 0.034375
0 0.5263888888888889 0.156640625 0.05555555555555555 0.02578125
0 0.44583333333333336 0.152734375 0.07222222222222222 0.03203125
0 0.4013888888888889 0.130859375 0.030555555555555555 0.01640625
0 0.4513888888888889 0.118359375 0.058333333333333334 0.02890625
