0 0.68125 0.606640625 0.02361111111111111 0.01484375
0 0.6277777777777778 0.59375 0.025 0.0140625
0 0.9465277777777777 0.588671875 0.04027777777777778 0.01796875
0 0.5833333333333334 0.586328125 0.03611111111111111 0.02109375
0 0.7618055555555555 0.5859375 0.04027777777777778 0.03125
0 0.7638888888888888 0.563671875 0.03611111111111111 0.01484375
0 0.3680555555555556 0.56015625 0.030555555555555555 0.0171875
0 0.8256944444444444 0.526171875 0.04027777777777778 0.01484375
0 0.4361111111111111 0.507421875 0.016666666666666666 0.01640625
0 0.9611111111111111 0.45234375 0.05277777777777778 0.025
0 0.46041666666666664 0.4234375 0.03194444444444444 0.0171875
0 0.2076388888888889 0.4140625 0.04027777777777778 0.0234375
0 0.006944444444444444 0.4015625 0.013888888888888888 0.0125
0 0.2638888888888889 0.35234375 0.041666666666666664 0.0234375
0 0.8611111111111112 0.35234375 0.03611111111111111 0.0265625
0 0.7479166666666667 0.315234375 0.034722222222222224 0.02265625
0 0.8201388888888889 0.296484375 0.04583333333333333 0.02421875
0 0.3861111111111111 0.203125 0.025 0.0140625
0 0.9236111111111112 0.187890625 0.019444444444444445 0.01953125
0 0.37430555555555556 0.176953125 0.0375 0.02734375
0 0.9743055555555555 0.163671875 0.020833333333333332 0.01484375
0 0.38333333333333336 0.057421875 0.013888888888888888 0.01328125
0 0.45694444444444443 0.029296875 0.013888888888888888 0.01171875
0 0.5388888888888889 0.00625 0.03888888888888889 0.0125
