0 0.9868055555555556 0.735546875 0.02638888888888889 0.01640625
0 0.6326388888888889 0.72890625 0.0375 0.015625
0 0.8118055555555556 0.712890625 0.0375 0.02421875
0 0.9840277777777777 0.701953125 0.03194444444444444 0.02109375
0 0.8520833333333333 0.683984375 0.04583333333333333 0.02734375
0 0.6583333333333333 0.676953125 0.041666666666666664 0.01640625
0 0.975 0.666796875 0.030555555555555555 0.02109375
0 0.5486111111111112 0.666015625 0.03611111111111111 0.02421875
0 0.425 0.6625 0.03333333333333333 0.0171875
0 0.47430555555555554 0.6609375 0.03194444444444444 0.021875
0 0.925 0.65390625 0.03611111111111111 0.015625
0 0.35555555555555557 0.644140625 0.030555555555555555 0.02109375
0 0.43472222222222223 0.63515625 0.019444444444444445 0.009375
0 0.5243055555555556 0.6265625 0.05416666666666667 0.0265625
0 0.45208333333333334 0.60859375 0.04861111111111111 0.0171875
0 0.9881944444444445 0.601953125 0.02361111111111111 0.02578125
0 0.4597222222222222 0.549609375 0.03888888888888889 0.01953125
0 0.4979166666666667 0.5203125 0.029166666666666667 0.01875
0 0.5486111111111112 0.515625 0.05555555555555555 0.0265625
0 0.49236111111111114 0.490625 0.0375 0.025
0 0.9791666666666666 0.264453125 0.041666666666666664 0.03046875
