0 0.9333333333333333 0.80234375 0.08055555555555556 0.0453125
0 0.3576388888888889 0.778125 0.05138888888888889 0.025
0 0.4875 0.7390625 0.03888888888888889 0.03125
0 0.9701388888888889 0.69609375 0.059722222222222225 0.025
0 0.8798611111111111 0.69140625 0.0375 0.0234375
0 0.9125 0.66875 0.058333333333333334 0.028125
0 0.6770833333333334 0.655078125 0.020833333333333332 0.01484375
0 0.75 0.651171875 0.030555555555555555 0.01328125
0 0.9611111111111111 0.644140625 0.05555555555555555 0.02890625
0 0.5430555555555555 0.629296875 0.058333333333333334 0.03671875
0 0.8833333333333333 0.613671875 0.10555555555555556 0.05390625
0 0.6826388888888889 0.593359375 0.06805555555555555 0.03671875
0 0.9333333333333333 0.574609375 0.025 0.01484375
0 0.8361111111111111 0.562109375 0.027777777777777776 0.01171875
0 0.7701388888888889 0.546484375 0.0375 0.02890625
0 0.7298611111111111 0.532421875 0.05416666666666667 0.01953125
0 0.14652777777777778 0.5109375 0.04027777777777778 0.015625
0 0.6888888888888889 0.51171875 0.05555555555555555 0.0265625
0 0.9131944444444444 0.506640625 0.09583333333333334 0.05234375
0 0.6826388888888889 0.4828125 0.15694444444444444 0.05625
0 0.030555555555555555 0.462109375 0.06111111111111111 0.02421875
0 0.12013888888888889 0.458203125 0.05416666666666667 0.03046875
0 0.6895833333333333 0.4296875 0.03194444444444444 0.0265625
0 0.9673611111111111 0.42578125 0.05694444444444444 0.034375
0 0.5791666666666667 0.319921875 0.08333333333333333 0.03984375
0 0.011805555555555555 0.30390625 0.020833333333333332 0.0203125
0 0.07083333333333333 0.290234375 0.016666666666666666 0.02265625
0 0.6069444444444444 0.28203125 0.03888888888888889 0.0328125
0 0.8145833333333333 0.263671875 0.02361111111111111 0.02265625
0 0.052083333333333336 0.263671875 0.06805555555555555 0.03203125
0 0.7979166666666667 0.237890625 0.020833333333333332 0.01171875
0 0.6736111111111112 0.1953125 0.058333333333333334 0.0359375
0 0.8069444444444445 0.1359375 0.058333333333333334 0.025
0 0.7215277777777778 0.134765625 0.05138888888888889 0.03046875
0 0.6604166666666667 0.111328125 0.02638888888888889 0.02265625
0 0.7125 0.0984375 0.05277777777777778 0.025
