0 0.9631944444444445 0.73828125 0.029166666666666667 0.021875
0 0.4791666666666667 0.73203125 0.07222222222222222 0.0328125
0 0.2013888888888889 0.71015625 0.03888888888888889 0.021875
0 0.7361111111111112 0.68671875 0.019444444444444445 0.0125
0 0.8333333333333334 0.65859375 0.013888888888888888 0.009375
0 0.14166666666666666 0.66796875 0.04722222222222222 0.0296875
0 0.8638888888888889 0.659765625 0.03333333333333333 0.01640625
0 0.7104166666666667 0.655859375 0.03194444444444444 0.01640625
0 0.9479166666666666 0.65234375 0.034722222222222224 0.01875
0 0.86875 0.59609375 0.018055555555555554 0.021875
0 0.29375 0.5921875 0.0375 0.0203125
0 0.6715277777777777 0.594921875 0.04861111111111111 0.02890625
0 0.5847222222222223 0.5859375 0.027777777777777776 0.021875
0 0.48333333333333334 0.591015625 0.06944444444444445 0.03359375
0 0.39444444444444443 0.53984375 0.013888888888888888 0.015625
0 0.3590277777777778 0.5375 0.029166666666666667 0.0171875
0 0.3888888888888889 0.48203125 0.06111111111111111 0.03125
0 0.9576388888888889 0.447265625 0.034722222222222224 0.01484375
0 0.5229166666666667 0.442578125 0.03194444444444444 0.02421875
0 0.7902777777777777 0.420703125 0.03333333333333333 0.01953125
0 0.5715277777777777 0.4234375 0.06527777777777778 0.0359375
0 0.7319444444444444 0.41171875 0.04722222222222222 0.03125
0 0.9527777777777777 0.398046875 0.025 0.01640625
0 0.33819444444444446 0.375390625 0.034722222222222224 0.02109375
0 0.01597222222222222 0.370703125 0.029166666666666667 0.01640625
0 0.7618055555555555 0.373828125 0.06527777777777778 0.02578125
0 0.6923611111111111 0.350390625 0.05416666666666667 0.01640625
0 0.9423611111111111 0.34921875 0.07083333333333333 0.040625
0 0.2625 0.3453125 0.075 0.05
0 0.7958333333333333 0.32421875 0.030555555555555555 0.0125
0 0.07291666666666667 0.319140625 0.034722222222222224 0.01484375
0 0.55625 0.294140625 0.02638888888888889 0.01171875
0 0.30972222222222223 0.2984375 0.03611111111111111 0.025
0 0.6291666666666667 0.290625 0.019444444444444445 0.0140625
0 0.07083333333333333 0.287890625 0.03611111111111111 0.01796875
0 0.38680555555555557 0.290625 0.06527777777777778 0.025
0 0.8430555555555556 0.27421875 0.05555555555555555 0.0359375
0 0.9680555555555556 0.259765625 0.03611111111111111 0.01640625
0 0.4354166666666667 0.256640625 0.05138888888888889 0.02578125
0 0.3951388888888889 0.237109375 0.020833333333333332 0.01171875
0 0.7493055555555556 0.234375 0.03194444444444444 0.015625
0 0.09513888888888888 0.234375 0.029166666666666667 0.0171875
0 0.9729166666666667 0.234375 0.03194444444444444 0.0203125
0 0.31527777777777777 0.235546875 0.05277777777777778 0.02578125
0 0.9388888888888889 0.23125 0.03333333333333333 0.0234375
0 0.4548611111111111 0.227734375 0.04861111111111111 0.02578125
0 0.6583333333333333 0.214453125 0.03611111111111111 0.01328125
0 0.5298611111111111 0.216015625 0.034722222222222224 0.01953125
0 0.2722222222222222 0.2125 0.04722222222222222 0.0171875
0 0.8298611111111112 0.2125 0.05416666666666667 0.034375
0 0.1451388888888889 0.203125 0.0375 0.015625
0 0.25416666666666665 0.19296875 0.030555555555555555 0.0171875
0 0.9895833333333334 0.190234375 0.018055555555555554 0.01640625
0 0.29791666666666666 0.182421875 0.029166666666666667 0.01171875
0 0.4701388888888889 0.184765625 0.02361111111111111 0.01953125
0 0.5881944444444445 0.18359375 0.06527777777777778 0.0328125
0 0.9118055555555555 0.173828125 0.02638888888888889 0.01484375
0 0.4236111111111111 0.166796875 0.030555555555555555 0.01953125
0 0.3013888888888889 0.148046875 0.030555555555555555 0.01484375
0 0.13055555555555556 0.1375 0.03888888888888889 0.0203125
0 0.4354166666666667 0.137109375 0.034722222222222224 0.02109375
0 0.32569444444444445 0.13203125 0.015277777777777777 0.0140625
0 0.7631944444444444 0.136328125 0.029166666666666667 0.02734375
0 0.49583333333333335 0.118359375 0.019444444444444445 0.01796875
0 0.46875 0.104296875 0.03194444444444444 0.01484375
0 0.2604166666666667 0.11796875 0.08194444444444444 0.0546875
0 0.7486111111111111 0.10078125 0.03333333333333333 0.021875
0 0.5111111111111111 0.09375 0.022222222222222223 0.0125
0 0.1597222222222222 0.09765625 0.022222222222222223 0.021875
0 0.6347222222222222 0.11796875 0.08611111111111111 0.065625
0 0.5555555555555556 0.109375 0.06111111111111111 0.0484375
0 0.12291666666666666 0.096484375 0.04861111111111111 0.03203125
0 0.28125 0.086328125 0.029166666666666667 0.01953125
0 0.16666666666666666 0.085546875 0.019444444444444445 0.01796875
0 0.7513888888888889 0.080859375 0.016666666666666666 0.01640625
0 0.41388888888888886 0.07578125 0.03611111111111111 0.0203125
0 0.11319444444444444 0.07109375 0.02638888888888889 0.01875
0 0.375 0.068359375 0.03333333333333333 0.01640625
0 0.5840277777777778 0.071484375 0.043055555555555555 0.02421875
0 0.6888888888888889 0.0609375 0.027777777777777776 0.01875
0 0.6270833333333333 0.063671875 0.05416666666666667 0.02890625
0 0.24583333333333332 0.0640625 0.041666666666666664 0.0421875
0 0.20347222222222222 0.05390625 0.04027777777777778 0.025
0 0.6263888888888889 0.033203125 0.027777777777777776 0.01953125
