0 0.13541666666666666 0.9578125 0.04027777777777778 0.0203125
0 0.21180555555555555 0.960546875 0.05694444444444444 0.03984375
0 0.3819444444444444 0.7671875 0.03333333333333333 0.0109375
0 0.2638888888888889 0.746875 0.041666666666666664 0.01875
0 0.37569444444444444 0.7296875 0.06805555555555555 0.0359375
0 0.5006944444444444 0.690625 0.04027777777777778 0.0203125
0 0.775 0.675 0.027777777777777776 0.0140625
0 0.5125 0.665625 0.04722222222222222 0.0265625
0 0.7131944444444445 0.651171875 0.029166666666666667 0.01328125
0 0.5006944444444444 0.633203125 0.04027777777777778 0.01640625
0 0.3819444444444444 0.6140625 0.03611111111111111 0.0203125
0 0.7993055555555556 0.6109375 0.05416666666666667 0.034375
0 0.7097222222222223 0.536328125 0.04722222222222222 0.03515625
0 0.35208333333333336 0.525390625 0.06527777777777778 0.03359375
0 0.475 0.53515625 0.13333333333333333 0.0640625
0 0.2875 0.509375 0.025 0.021875
0 0.008333333333333333 0.498828125 0.013888888888888888 0.03046875
0 0.8784722222222222 0.430078125 0.0625 0.02890625
0 0.40902777777777777 0.424609375 0.09027777777777778 0.06484375
0 0.32222222222222224 0.4171875 0.08611111111111111 0.0953125
0 0.3458333333333333 0.3578125 0.03611111111111111 0.0109375
0 0.6902777777777778 0.34140625 0.05277777777777778 0.0390625
0 0.5722222222222222 0.325390625 0.05555555555555555 0.03515625
0 0.7368055555555556 0.313671875 0.05138888888888889 0.02109375
0 0.6284722222222222 0.31328125 0.06527777777777778 0.0515625
0 0.5583333333333333 0.284375 0.030555555555555555 0.0109375
0 0.6215277777777778 0.25234375 0.05694444444444444 0.0234375
0 0.5479166666666667 0.240625 0.06527777777777778 0.04375
0 0.4131944444444444 0.213671875 0.0625 0.02890625
0 0.6104166666666667 0.21171875 0.07361111111111111 0.04375
0 0.017361111111111112 0.18125 0.03194444444444444 0.0328125
0 0.4361111111111111 0.165625 0.05555555555555555 0.034375
0 0.5173611111111112 0.05703125 0.07916666666666666 0.0453125
