0 0.6354166666666666 0.77265625 0.0763888888888889 0.034375
0 0.2902777777777778 0.743359375 0.030555555555555555 0.01640625
0 0.5590277777777778 0.738671875 0.05138888888888889 0.02890625
0 0.4875 0.71796875 0.06111111111111111 0.025
0 0.3388888888888889 0.648046875 0.030555555555555555 0.02890625
0 0.3729166666666667 0.619140625 0.0625 0.03203125
0 0.28680555555555554 0.616796875 0.0763888888888889 0.03984375
0 0.4708333333333333 0.576953125 0.030555555555555555 0.02421875
0 0.4861111111111111 0.550390625 0.07777777777777778 0.04140625
0 0.37777777777777777 0.498046875 0.03888888888888889 0.02265625
0 0.18541666666666667 0.502734375 0.07083333333333333 0.03359375
0 0.23958333333333334 0.474609375 0.020833333333333332 0.02109375
0 0.4340277777777778 0.46953125 0.05694444444444444 0.01875
0 0.5798611111111112 0.475 0.059722222222222225 0.034375
0 0.09513888888888888 0.471484375 0.04861111111111111 0.03359375
0 0.5069444444444444 0.459375 0.03888888888888889 0.0140625
0 0.26805555555555555 0.44921875 0.058333333333333334 0.03125
0 0.3597222222222222 0.4375 0.044444444444444446 0.0234375
0 0.9520833333333333 0.398046875 0.0763888888888889 0.03515625
0 0.5083333333333333 0.380078125 0.019444444444444445 0.01796875
0 0.8694444444444445 0.38671875 0.07222222222222222 0.0421875
0 0.30486111111111114 0.34921875 0.04583333333333333 0.015625
0 0.5104166666666666 0.34765625 0.03194444444444444 0.021875
0 0.10486111111111111 0.323046875 0.05416666666666667 0.03359375
0 0.1951388888888889 0.31875 0.09027777777777778 0.0375
0 0.3923611111111111 0.308984375 0.018055555555555554 0.02109375
0 0.3423611111111111 0.28515625 0.05694444444444444 0.0296875
0 0.4409722222222222 0.279296875 0.06527777777777778 0.03359375
0 0.9854166666666667 0.2734375 0.02638888888888889 0.0265625
0 0.19791666666666666 0.278515625 0.06805555555555555 0.04140625
0 0.14305555555555555 0.269140625 0.06944444444444445 0.03203125
0 0.5277777777777778 0.264453125 0.058333333333333334 0.03828125
0 0.29375 0.25390625 0.04861111111111111 0.0296875
0 0.14722222222222223 0.240625 0.06388888888888888 0.0234375
0 0.9743055555555555 0.240625 0.05138888888888889 0.0296875
0 0.36319444444444443 0.226171875 0.02638888888888889 0.02421875
0 0.9541666666666667 0.206640625 0.022222222222222223 0.01171875
0 0.3034722222222222 0.216796875 0.05416666666666667 0.03671875
0 0.48055555555555557 0.1765625 0.03888888888888889 0.028125
0 0.4270833333333333 0.143359375 0.04861111111111111 0.03515625
0 0.4798611111111111 0.134375 0.043055555555555555 0.03125
0 0.29305555555555557 0.134375 0.06944444444444445 0.040625
0 0.4041666666666667 0.102734375 0.06388888888888888 0.03984375
0 0.3541666666666667 0.0140625 0.06388888888888888 0.021875
