0 0.9909722222222223 0.560546875 0.018055555555555554 0.02265625
0 0.7604166666666666 0.5078125 0.02638888888888889 0.0109375
0 0.7152777777777778 0.52421875 0.08333333333333333 0.05
0 0.3625 0.494921875 0.03611111111111111 0.02109375
0 0.7972222222222223 0.494140625 0.04722222222222222 0.02421875
0 0.9708333333333333 0.49296875 0.058333333333333334 0.0421875
0 0.22708333333333333 0.48359375 0.034722222222222224 0.025
0 0.3416666666666667 0.474609375 0.025 0.01796875
0 0.5326388888888889 0.476171875 0.043055555555555555 0.02421875
0 0.10208333333333333 0.47578125 0.05138888888888889 0.0328125
0 0.16319444444444445 0.46953125 0.03194444444444444 0.0234375
0 0.94375 0.462109375 0.029166666666666667 0.01171875
0 0.3875 0.465234375 0.03888888888888889 0.02109375
0 0.86875 0.461328125 0.05694444444444444 0.03515625
0 0.3923611111111111 0.438671875 0.03194444444444444 0.01328125
0 0.22291666666666668 0.409375 0.03194444444444444 0.0140625
0 0.3701388888888889 0.392578125 0.02638888888888889 0.01171875
0 0.32430555555555557 0.39296875 0.029166666666666667 0.0125
0 0.18263888888888888 0.38046875 0.034722222222222224 0.01875
0 0.3729166666666667 0.375390625 0.018055555555555554 0.01484375
0 0.16597222222222222 0.362890625 0.018055555555555554 0.01171875
0 0.19166666666666668 0.329296875 0.03333333333333333 0.01640625
0 0.07708333333333334 0.32578125 0.02638888888888889 0.0125
0 0.9590277777777778 0.324609375 0.029166666666666667 0.01328125
0 0.13680555555555557 0.32734375 0.0375 0.0203125
0 0.35833333333333334 0.31953125 0.03333333333333333 0.0171875
0 0.05625 0.315234375 0.0375 0.01484375
0 0.3173611111111111 0.3078125 0.034722222222222224 0.015625
0 0.8819444444444444 0.31171875 0.08611111111111111 0.03125
0 0.030555555555555555 0.301953125 0.019444444444444445 0.01640625
0 0.7826388888888889 0.3078125 0.07916666666666666 0.040625
0 0.009722222222222222 0.278515625 0.016666666666666666 0.01640625
0 0.05763888888888889 0.27265625 0.034722222222222224 0.0203125
0 0.011805555555555555 0.20859375 0.020833333333333332 0.01875
0 0.7347222222222223 0.194921875 0.08611111111111111 0.03046875
0 0.9694444444444444 0.19375 0.06111111111111111 0.0328125
0 0.9631944444444445 0.16640625 0.07361111111111111 0.0375
0 0.013194444444444444 0.151953125 0.02638888888888889 0.02109375
