0 0.5034722222222222 0.544921875 0.0375 0.01796875
0 0.5027777777777778 0.527734375 0.013888888888888888 0.01328125
0 0.9361111111111111 0.513671875 0.027777777777777776 0.01640625
0 0.8930555555555556 0.50859375 0.04722222222222222 0.021875
0 0.4444444444444444 0.49375 0.03611111111111111 0.015625
0 0.5131944444444444 0.492578125 0.0375 0.01484375
0 0.7402777777777778 0.4890625 0.030555555555555555 0.01875
0 0.6402777777777777 0.47578125 0.022222222222222223 0.0140625
0 0.6777777777777778 0.46640625 0.025 0.0171875
0 0.5111111111111111 0.466015625 0.019444444444444445 0.01640625
0 0.16805555555555557 0.469140625 0.044444444444444446 0.02578125
0 0.5590277777777778 0.4609375 0.03194444444444444 0.0171875
0 0.6222222222222222 0.453125 0.027777777777777776 0.021875
0 0.6277777777777778 0.42734375 0.030555555555555555 0.0109375
0 0.9694444444444444 0.425390625 0.04722222222222222 0.01796875
0 0.6680555555555555 0.42578125 0.019444444444444445 0.01875
0 0.6541666666666667 0.408203125 0.030555555555555555 0.01484375
0 0.8159722222222222 0.401171875 0.029166666666666667 0.01484375
0 0.9763888888888889 0.396484375 0.025 0.01015625
0 0.7895833333333333 0.384765625 0.04861111111111111 0.02109375
0 0.9472222222222222 0.380859375 0.022222222222222223 0.01484375
0 0.90625 0.376953125 0.0375 0.02109375
0 0.44930555555555557 0.3625 0.02638888888888889 0.0125
0 0.6701388888888888 0.361328125 0.04583333333333333 0.02109375
0 0.3034722222222222 0.3421875 0.029166666666666667 0.0140625
0 0.022916666666666665 0.33515625 0.03194444444444444 0.015625
0 0.41041666666666665 0.31640625 0.04861111111111111 0.015625
0 0.29097222222222224 0.309375 0.03194444444444444 0.015625
0 0.36319444444444443 0.296484375 0.029166666666666667 0.01640625
0 0.05277777777777778 0.295703125 0.03333333333333333 0.01640625
0 0.06180555555555556 0.282421875 0.02638888888888889 0.01484375
0 0.7298611111111111 0.273046875 0.04027777777777778 0.02265625
0 0.3506944444444444 0.26171875 0.029166666666666667 0.0140625
0 0.2604166666666667 0.25625 0.034722222222222224 0.01875
0 0.18333333333333332 0.23984375 0.025 0.009375
0 0.26458333333333334 0.230859375 0.029166666666666667 0.02109375
0 0.28055555555555556 0.2125 0.025 0.0140625
0 0.07361111111111111 0.208984375 0.025 0.01328125
0 0.14027777777777778 0.200390625 0.027777777777777776 0.01171875
0 0.06180555555555556 0.195703125 0.020833333333333332 0.01484375
0 0.011805555555555555 0.183984375 0.02361111111111111 0.01796875
0 0.08402777777777778 0.18046875 0.029166666666666667 0.015625
0 0.13472222222222222 0.1796875 0.025 0.0171875
0 0.10208333333333333 0.16171875 0.05138888888888889 0.025
0 0.06805555555555555 0.14609375 0.019444444444444445 0.0140625
