0 0.7645833333333333 0.8390625 0.0625 0.034375
0 0.7458333333333333 0.769921875 0.041666666666666664 0.02109375
0 0.5375 0.75703125 0.05 0.0296875
0 0.5708333333333333 0.726953125 0.06111111111111111 0.03203125
0 0.53125 0.68671875 0.03194444444444444 0.0234375
0 0.8506944444444444 0.64453125 0.03194444444444444 0.0140625
0 0.7979166666666667 0.630078125 0.034722222222222224 0.01171875
0 0.9368055555555556 0.6328125 0.04027777777777778 0.01875
0 0.68125 0.625390625 0.03194444444444444 0.01796875
0 0.5868055555555556 0.6234375 0.029166666666666667 0.0140625
0 0.625 0.6140625 0.03611111111111111 0.0171875
0 0.7722222222222223 0.608984375 0.03611111111111111 0.01796875
0 0.5722222222222222 0.59140625 0.027777777777777776 0.0109375
0 0.9680555555555556 0.595703125 0.03611111111111111 0.02578125
0 0.8402777777777778 0.579296875 0.030555555555555555 0.02578125
0 0.7923611111111111 0.572265625 0.02638888888888889 0.01640625
0 0.8375 0.55625 0.022222222222222223 0.01875
0 0.5930555555555556 0.563671875 0.05277777777777778 0.04453125
0 0.7659722222222223 0.547265625 0.034722222222222224 0.01328125
0 0.2798611111111111 0.545703125 0.029166666666666667 0.01328125
0 0.8548611111111111 0.537890625 0.043055555555555555 0.02109375
0 0.5763888888888888 0.53046875 0.041666666666666664 0.021875
0 0.7173611111111111 0.5109375 0.05416666666666667 0.0171875
0 0.5277777777777778 0.50078125 0.06111111111111111 0.028125
0 0.6520833333333333 0.490625 0.03194444444444444 0.021875
0 0.44930555555555557 0.4875 0.05138888888888889 0.0265625
0 0.6902777777777778 0.482421875 0.044444444444444446 0.01953125
0 0.5590277777777778 0.464453125 0.07361111111111111 0.02890625
0 0.4618055555555556 0.458984375 0.04027777777777778 0.01796875
0 0.7430555555555556 0.448046875 0.041666666666666664 0.02734375
0 0.48819444444444443 0.41796875 0.03194444444444444 0.015625
0 0.6423611111111112 0.4203125 0.05416666666666667 0.053125
0 0.4618055555555556 0.401171875 0.04583333333333333 0.02734375
0 0.5138888888888888 0.3859375 0.05277777777777778 0.025
0 0.6048611111111111 0.368359375 0.029166666666666667 0.01953125
0 0.5284722222222222 0.353515625 0.0375 0.02265625
0 0.6625 0.34921875 0.041666666666666664 0.0203125
0 0.69375 0.32265625 0.04583333333333333 0.025
0 0.5111111111111111 0.321484375 0.03888888888888889 0.02578125
0 0.5902777777777778 0.319140625 0.04722222222222222 0.03046875
0 0.6791666666666667 0.272265625 0.03888888888888889 0.01796875
0 0.5763888888888888 0.27890625 0.06388888888888888 0.0328125
0 0.6361111111111111 0.232421875 0.016666666666666666 0.01796875
0 0.6111111111111112 0.2125 0.03888888888888889 0.028125
0 0.69375 0.1921875 0.04861111111111111 0.0265625
