0 0.7736111111111111 0.97578125 0.07777777777777778 0.046875
0 0.9604166666666667 0.962890625 0.04583333333333333 0.04921875
0 0.6680555555555555 0.930078125 0.05277777777777778 0.02734375
0 0.2875 0.921875 0.06388888888888888 0.03125
0 0.3923611111111111 0.875390625 0.03194444444444444 0.01953125
0 0.016666666666666666 0.875 0.027777777777777776 0.0375
0 0.9256944444444445 0.869140625 0.10972222222222222 0.03671875
0 0.19305555555555556 0.86953125 0.06944444444444445 0.0375
0 0.9291666666666667 0.84453125 0.058333333333333334 0.0328125
0 0.8472222222222222 0.83203125 0.03333333333333333 0.01875
0 0.33611111111111114 0.80546875 0.06111111111111111 0.028125
0 0.9479166666666666 0.783203125 0.034722222222222224 0.02109375
0 0.03819444444444445 0.784375 0.0625 0.03125
0 0.8381944444444445 0.779296875 0.05138888888888889 0.02578125
0 0.9222222222222223 0.767578125 0.03611111111111111 0.03046875
0 0.48680555555555555 0.7515625 0.05138888888888889 0.0265625
0 0.275 0.73046875 0.027777777777777776 0.0203125
0 0.8972222222222223 0.728515625 0.03888888888888889 0.03984375
0 0.8326388888888889 0.715625 0.043055555555555555 0.0296875
0 0.08888888888888889 0.715234375 0.05277777777777778 0.02890625
0 0.39444444444444443 0.692578125 0.05 0.02734375
0 0.6534722222222222 0.691015625 0.059722222222222225 0.03671875
0 0.8604166666666667 0.68359375 0.05416666666666667 0.025
0 0.7986111111111112 0.684375 0.06111111111111111 0.03125
0 0.4736111111111111 0.67421875 0.05 0.0265625
0 0.9625 0.6671875 0.03888888888888889 0.025
0 0.9069444444444444 0.66796875 0.03888888888888889 0.03125
0 0.7527777777777778 0.660546875 0.058333333333333334 0.04296875
0 0.8590277777777777 0.653125 0.05138888888888889 0.0328125
0 0.5277777777777778 0.641015625 0.06944444444444445 0.02421875
0 0.24791666666666667 0.633984375 0.029166666666666667 0.01796875
0 0.9340277777777778 0.637890625 0.034722222222222224 0.02734375
0 0.9784722222222222 0.6296875 0.043055555555555555 0.0328125
0 0.49930555555555556 0.599609375 0.05138888888888889 0.02734375
0 0.6673611111111111 0.596875 0.059722222222222225 0.0375
0 0.6090277777777777 0.584765625 0.05138888888888889 0.02578125
0 0.6694444444444444 0.56328125 0.022222222222222223 0.015625
0 0.7708333333333334 0.54453125 0.03888888888888889 0.025
0 0.25972222222222224 0.542578125 0.04722222222222222 0.02265625
0 0.3840277777777778 0.540625 0.0375 0.021875
0 0.03958333333333333 0.537109375 0.05416666666666667 0.02890625
0 0.6659722222222222 0.531640625 0.1125 0.04765625
0 0.11458333333333333 0.512109375 0.02638888888888889 0.01484375
0 0.21736111111111112 0.5125 0.0625 0.028125
0 0.4131944444444444 0.5078125 0.05138888888888889 0.0234375
0 0.7944444444444444 0.491796875 0.06666666666666667 0.03515625
0 0.23194444444444445 0.4734375 0.05 0.034375
0 0.5541666666666667 0.46875 0.044444444444444446 0.0296875
0 0.7097222222222223 0.465234375 0.03333333333333333 0.02421875
0 0.6097222222222223 0.467578125 0.06388888888888888 0.03046875
0 0.32013888888888886 0.452734375 0.03194444444444444 0.01953125
0 0.27569444444444446 0.43984375 0.04027777777777778 0.025
0 0.05694444444444444 0.42109375 0.11388888888888889 0.0390625
0 0.4979166666666667 0.410546875 0.06805555555555555 0.03828125
0 0.4166666666666667 0.394921875 0.05555555555555555 0.02421875
0 0.5611111111111111 0.399609375 0.06944444444444445 0.03828125
0 0.775 0.39453125 0.06666666666666667 0.0359375
0 0.6347222222222222 0.369921875 0.025 0.02421875
0 0.6777777777777778 0.369921875 0.058333333333333334 0.03828125
0 0.7333333333333333 0.343359375 0.05555555555555555 0.03515625
0 0.5465277777777777 0.333203125 0.0625 0.03671875
0 0.8673611111111111 0.330859375 0.0625 0.03515625
0 0.9805555555555555 0.3296875 0.03888888888888889 0.034375
0 0.13958333333333334 0.309375 0.05416666666666667 0.028125
0 0.32708333333333334 0.28671875 0.07361111111111111 0.028125
0 0.6305555555555555 0.294921875 0.17222222222222222 0.08046875
0 0.6576388888888889 0.2546875 0.05694444444444444 0.0328125
0 0.2875 0.25703125 0.12222222222222222 0.0578125
0 0.5347222222222222 0.223828125 0.05277777777777778 0.03359375
0 0.6666666666666666 0.1953125 0.041666666666666664 0.0390625
0 0.6055555555555555 0.19375 0.08055555555555556 0.040625
0 0.6395833333333333 0.1640625 0.05694444444444444 0.0265625
0 0.6986111111111111 0.160546875 0.041666666666666664 0.03359375
0 0.6243055555555556 0.123046875 0.05694444444444444 0.03359375
0 0.5638888888888889 0.059375 0.025 0.0171875
0 0.6534722222222222 0.055859375 0.059722222222222225 0.04140625
0 0.5083333333333333 0.0296875 0.058333333333333334 0.034375
0 0.575 0.00390625 0.03888888888888889 0.00625
