0 0.90625 0.729296875 0.0375 0.02890625
0 0.35625 0.686328125 0.05138888888888889 0.02578125
0 0.40902777777777777 0.664453125 0.09583333333333334 0.06328125
0 0.5111111111111111 0.609765625 0.041666666666666664 0.02109375
0 0.035416666666666666 0.593359375 0.06805555555555555 0.07265625
0 0.8826388888888889 0.557421875 0.02361111111111111 0.01171875
0 0.6868055555555556 0.54921875 0.05416666666666667 0.03125
0 0.40694444444444444 0.5171875 0.09166666666666666 0.0359375
0 0.6527777777777778 0.50703125 0.03611111111111111 0.025
0 0.7520833333333333 0.468359375 0.09861111111111111 0.04140625
0 0.48125 0.44609375 0.04027777777777778 0.03125
0 0.64375 0.43125 0.04861111111111111 0.034375
0 0.7520833333333333 0.407421875 0.0375 0.02421875
0 0.8069444444444445 0.394921875 0.022222222222222223 0.01328125
0 0.5076388888888889 0.401953125 0.0625 0.04609375
0 0.5597222222222222 0.3875 0.05555555555555555 0.0359375
0 0.6708333333333333 0.36015625 0.04722222222222222 0.0234375
0 0.3451388888888889 0.350390625 0.034722222222222224 0.01953125
0 0.7576388888888889 0.3578125 0.10972222222222222 0.0421875
0 0.6958333333333333 0.326171875 0.022222222222222223 0.01328125
0 0.6770833333333334 0.287890625 0.029166666666666667 0.01171875
0 0.4777777777777778 0.2796875 0.05 0.025
0 0.4486111111111111 0.256640625 0.03333333333333333 0.01640625
0 0.4930555555555556 0.25390625 0.03611111111111111 0.0171875
0 0.5618055555555556 0.261328125 0.08194444444444444 0.03984375
0 0.5569444444444445 0.2375 0.044444444444444446 0.021875
0 0.7833333333333333 0.2125 0.044444444444444446 0.03125
0 0.7201388888888889 0.1609375 0.04027777777777778 0.0265625
0 0.5583333333333333 0.184375 0.11388888888888889 0.0796875
0 0.6805555555555556 0.131640625 0.03333333333333333 0.01640625
0 0.6173611111111111 0.05234375 0.05138888888888889 0.034375
