0 0.7583333333333333 0.75 0.06388888888888888 0.028125
0 0.7590277777777777 0.72265625 0.059722222222222225 0.025
0 0.7597222222222222 0.69609375 0.04722222222222222 0.01875
0 0.4215277777777778 0.696875 0.14583333333333334 0.046875
0 0.9916666666666667 0.66484375 0.016666666666666666 0.009375
0 0.6416666666666667 0.654296875 0.03333333333333333 0.02734375
0 0.5229166666666667 0.645703125 0.04861111111111111 0.02734375
0 0.9041666666666667 0.630078125 0.03888888888888889 0.02109375
0 0.7277777777777777 0.640625 0.07777777777777778 0.0421875
0 0.8597222222222223 0.623828125 0.05277777777777778 0.02734375
0 0.9083333333333333 0.61015625 0.03333333333333333 0.0203125
0 0.68125 0.58125 0.020833333333333332 0.0125
0 0.07569444444444444 0.5484375 0.03194444444444444 0.021875
0 0.8486111111111111 0.537109375 0.030555555555555555 0.01953125
0 0.8701388888888889 0.519140625 0.018055555555555554 0.01328125
0 0.5826388888888889 0.520703125 0.05138888888888889 0.01796875
0 0.6736111111111112 0.487109375 0.027777777777777776 0.01796875
0 0.45555555555555555 0.478515625 0.06111111111111111 0.03828125
0 0.2 0.428515625 0.025 0.01640625
0 0.15763888888888888 0.428125 0.029166666666666667 0.0203125
0 0.6368055555555555 0.419140625 0.029166666666666667 0.01796875
0 0.4722222222222222 0.416796875 0.03611111111111111 0.01796875
0 0.33125 0.415625 0.029166666666666667 0.0203125
0 0.6708333333333333 0.409765625 0.03333333333333333 0.01171875
0 0.5763888888888888 0.411328125 0.05277777777777778 0.03203125
0 0.6125 0.400390625 0.03888888888888889 0.01640625
0 0.5402777777777777 0.384375 0.03611111111111111 0.009375
0 0.5722222222222222 0.319921875 0.05277777777777778 0.01796875
0 0.6 0.303515625 0.03888888888888889 0.01796875
0 0.7694444444444445 0.300390625 0.022222222222222223 0.01484375
0 0.4875 0.30078125 0.03611111111111111 0.0203125
0 0.44375 0.29765625 0.04027777777777778 0.01875
0 0.6673611111111111 0.26640625 0.0375 0.01875
0 0.7756944444444445 0.26015625 0.043055555555555555 0.025
0 0.6923611111111111 0.24453125 0.04027777777777778 0.0234375
