0 0.35138888888888886 0.834765625 0.06111111111111111 0.03671875
0 0.35138888888888886 0.7375 0.06944444444444445 0.0375
0 0.25277777777777777 0.540625 0.044444444444444446 0.021875
0 0.24583333333333332 0.50390625 0.06666666666666667 0.03125
0 0.20069444444444445 0.491015625 0.02638888888888889 0.01640625
0 0.9465277777777777 0.48203125 0.04027777777777778 0.021875
0 0.18333333333333332 0.47734375 0.030555555555555555 0.0234375
0 0.2423611111111111 0.46875 0.0375 0.021875
0 0.18541666666666667 0.43828125 0.04027777777777778 0.028125
0 0.041666666666666664 0.379296875 0.011111111111111112 0.01953125
0 0.006944444444444444 0.3796875 0.011111111111111112 0.0203125
