0 0.46597222222222223 0.83828125 0.08472222222222223 0.04375
0 0.8777777777777778 0.798046875 0.06111111111111111 0.03984375
0 0.8708333333333333 0.756640625 0.06111111111111111 0.03671875
0 0.2708333333333333 0.733203125 0.03611111111111111 0.01796875
0 0.24930555555555556 0.7125 0.02361111111111111 0.01875
0 0.6527777777777778 0.711328125 0.04722222222222222 0.02265625
0 0.6013888888888889 0.692578125 0.03611111111111111 0.01484375
0 0.6055555555555555 0.672265625 0.03888888888888889 0.01640625
0 0.38333333333333336 0.66796875 0.025 0.0140625
0 0.6465277777777778 0.666796875 0.043055555555555555 0.01953125
0 0.56875 0.663671875 0.02638888888888889 0.01484375
0 0.9125 0.6546875 0.03333333333333333 0.0140625
0 0.3888888888888889 0.601171875 0.027777777777777776 0.03203125
0 0.16875 0.572265625 0.02361111111111111 0.01796875
0 0.35833333333333334 0.567578125 0.05277777777777778 0.01796875
0 0.5652777777777778 0.569140625 0.044444444444444446 0.02578125
0 0.1951388888888889 0.564453125 0.029166666666666667 0.01953125
0 0.4111111111111111 0.57421875 0.058333333333333334 0.0546875
0 0.6201388888888889 0.54375 0.0375 0.01875
0 0.6444444444444445 0.5234375 0.044444444444444446 0.021875
0 0.5513888888888889 0.51796875 0.03333333333333333 0.01875
0 0.29097222222222224 0.508203125 0.02361111111111111 0.01796875
0 0.4479166666666667 0.501953125 0.04027777777777778 0.03046875
0 0.37777777777777777 0.495703125 0.03888888888888889 0.02578125
0 0.53125 0.485546875 0.020833333333333332 0.02265625
0 0.6673611111111111 0.459765625 0.020833333333333332 0.01640625
0 0.71875 0.453125 0.02361111111111111 0.009375
0 0.4236111111111111 0.44609375 0.041666666666666664 0.01875
0 0.5291666666666667 0.43125 0.013888888888888888 0.0109375
0 0.3576388888888889 0.428515625 0.04583333333333333 0.02734375
0 0.46875 0.4046875 0.034722222222222224 0.015625
0 0.5034722222222222 0.406640625 0.04583333333333333 0.02265625
0 0.4583333333333333 0.377734375 0.044444444444444446 0.02421875
0 0.6194444444444445 0.353515625 0.019444444444444445 0.01328125
0 0.38958333333333334 0.3546875 0.08194444444444444 0.03125
0 0.5895833333333333 0.3390625 0.043055555555555555 0.0140625
0 0.5083333333333333 0.343359375 0.08055555555555556 0.03203125
0 0.5284722222222222 0.311328125 0.02638888888888889 0.01171875
0 0.34791666666666665 0.305078125 0.04583333333333333 0.01796875
0 0.47847222222222224 0.266796875 0.020833333333333332 0.02421875
0 0.4340277777777778 0.264453125 0.0625 0.02578125
0 0.5423611111111111 0.15703125 0.04861111111111111 0.028125
0 0.5819444444444445 0.0859375 0.03333333333333333 0.0203125
0 0.625 0.078515625 0.04722222222222222 0.03828125
0 0.5451388888888888 0.0609375 0.02638888888888889 0.0171875
0 0.5763888888888888 0.05 0.019444444444444445 0.0125
