0 0.7597222222222222 0.624609375 0.05555555555555555 0.02890625
0 0.4756944444444444 0.59296875 0.043055555555555555 0.034375
0 0.5486111111111112 0.591015625 0.08888888888888889 0.05390625
0 0.6006944444444444 0.527734375 0.05694444444444444 0.03984375
0 0.9215277777777777 0.488671875 0.043055555555555555 0.03359375
0 0.7097222222222223 0.423828125 0.030555555555555555 0.01796875
0 0.7055555555555556 0.406640625 0.025 0.00859375
0 0.44305555555555554 0.410546875 0.03611111111111111 0.02265625
0 0.2638888888888889 0.334375 0.041666666666666664 0.0359375
0 0.48680555555555555 0.31875 0.059722222222222225 0.0296875
0 0.48125 0.29375 0.029166666666666667 0.0171875
0 0.5284722222222222 0.29296875 0.03194444444444444 0.0171875
0 0.6868055555555556 0.28671875 0.04861111111111111 0.0234375
0 0.5298611111111111 0.271875 0.0763888888888889 0.025
0 0.7798611111111111 0.2578125 0.0625 0.021875
0 0.71875 0.2546875 0.0375 0.0203125
0 0.6694444444444444 0.255859375 0.04722222222222222 0.02421875
0 0.6319444444444444 0.2234375 0.075 0.034375
0 0.4548611111111111 0.195703125 0.0625 0.02890625
0 0.5895833333333333 0.1171875 0.05694444444444444 0.0375
