0 0.6638888888888889 0.63203125 0.044444444444444446 0.0234375
0 0.5375 0.619140625 0.04722222222222222 0.02421875
0 0.39166666666666666 0.605859375 0.04722222222222222 0.02578125
0 0.4041666666666667 0.573046875 0.025 0.02265625
0 0.7534722222222222 0.544921875 0.04861111111111111 0.02578125
0 0.41458333333333336 0.537890625 0.04583333333333333 0.03046875
0 0.36527777777777776 0.514453125 0.03611111111111111 0.02109375
0 0.6708333333333333 0.51953125 0.06944444444444445 0.0375
0 0.5638888888888889 0.51328125 0.06944444444444445 0.03125
0 0.7534722222222222 0.49921875 0.02361111111111111 0.01875
0 0.10069444444444445 0.494140625 0.04861111111111111 0.02890625
0 0.7909722222222222 0.46875 0.043055555555555555 0.0265625
0 0.3090277777777778 0.46015625 0.029166666666666667 0.0171875
0 0.7180555555555556 0.44765625 0.03333333333333333 0.015625
0 0.28402777777777777 0.446484375 0.0375 0.01796875
0 0.6340277777777777 0.43046875 0.0375 0.0234375
0 0.6986111111111111 0.286328125 0.05277777777777778 0.03515625
0 0.6291666666666667 0.138671875 0.019444444444444445 0.01171875
0 0.5375 0.14765625 0.058333333333333334 0.0375
