0 0.03194444444444444 0.730078125 0.03611111111111111 0.01640625
0 0.12916666666666668 0.706640625 0.044444444444444446 0.02109375
0 0.17083333333333334 0.68984375 0.025 0.0171875
0 0.1326388888888889 0.633203125 0.04027777777777778 0.01640625
0 0.30069444444444443 0.60390625 0.05694444444444444 0.0234375
0 0.20069444444444445 0.58125 0.05138888888888889 0.021875
0 0.4131944444444444 0.56875 0.02361111111111111 0.0171875
0 0.041666666666666664 0.43984375 0.05555555555555555 0.0296875
0 0.04791666666666667 0.33984375 0.04861111111111111 0.025
0 0.08958333333333333 0.226953125 0.02361111111111111 0.01484375
