0 0.09513888888888888 0.410546875 0.02361111111111111 0.01328125
0 0.6694444444444444 0.40546875 0.03333333333333333 0.015625
0 0.1326388888888889 0.391796875 0.04027777777777778 0.02109375
0 0.16041666666666668 0.37109375 0.02361111111111111 0.0125
0 0.050694444444444445 0.3703125 0.02361111111111111 0.0109375
0 0.034027777777777775 0.361328125 0.020833333333333332 0.01171875
0 0.27152777777777776 0.341796875 0.02638888888888889 0.01015625
0 0.016666666666666666 0.3140625 0.025 0.01875
0 0.13680555555555557 0.3046875 0.020833333333333332 0.0109375
0 0.16527777777777777 0.3015625 0.019444444444444445 0.0109375
0 0.04722222222222222 0.29140625 0.019444444444444445 0.0125
0 0.02013888888888889 0.29140625 0.02638888888888889 0.015625
0 0.03611111111111111 0.26875 0.022222222222222223 0.0109375
