0 0.9736111111111111 0.90390625 0.05277777777777778 0.03125
0 0.03819444444444445 0.8796875 0.05138888888888889 0.0234375
0 0.21597222222222223 0.857421875 0.0625 0.03203125
0 0.7604166666666666 0.848828125 0.02638888888888889 0.02109375
0 0.6951388888888889 0.830078125 0.05694444444444444 0.01796875
0 0.6513888888888889 0.820703125 0.041666666666666664 0.01484375
0 0.6020833333333333 0.804296875 0.04583333333333333 0.05078125
0 0.42430555555555555 0.778125 0.029166666666666667 0.0203125
0 0.4965277777777778 0.77421875 0.04861111111111111 0.0234375
0 0.47638888888888886 0.746875 0.06111111111111111 0.0296875
0 0.2611111111111111 0.745703125 0.05555555555555555 0.03984375
0 0.6458333333333334 0.728125 0.027777777777777776 0.0125
0 0.60625 0.7421875 0.09861111111111111 0.053125
0 0.6555555555555556 0.7046875 0.019444444444444445 0.0140625
0 0.41041666666666665 0.7125 0.05416666666666667 0.0390625
0 0.7993055555555556 0.6859375 0.04583333333333333 0.028125
0 0.7090277777777778 0.6890625 0.09305555555555556 0.034375
0 0.6916666666666667 0.63828125 0.05 0.0296875
0 0.4888888888888889 0.648828125 0.08611111111111111 0.05234375
0 0.6201388888888889 0.6296875 0.06527777777777778 0.034375
0 0.50625 0.60078125 0.10972222222222222 0.0390625
0 0.7701388888888889 0.573046875 0.04027777777777778 0.02109375
0 0.7284722222222222 0.565234375 0.04861111111111111 0.02734375
0 0.4979166666666667 0.56328125 0.05416666666666667 0.0265625
0 0.6604166666666667 0.56328125 0.06805555555555555 0.040625
0 0.37569444444444444 0.4578125 0.05694444444444444 0.0328125
0 0.6263888888888889 0.420703125 0.03333333333333333 0.02421875
0 0.3951388888888889 0.423046875 0.02638888888888889 0.03046875
0 0.4131944444444444 0.348046875 0.05416666666666667 0.03203125
0 0.5611111111111111 0.300390625 0.05555555555555555 0.03046875
0 0.4895833333333333 0.29609375 0.0625 0.03125
0 0.45555555555555555 0.276953125 0.030555555555555555 0.01328125
0 0.4965277777777778 0.26328125 0.05416666666666667 0.0234375
