0 0.6659722222222222 0.68984375 0.034722222222222224 0.0140625
0 0.8486111111111111 0.678515625 0.027777777777777776 0.01796875
0 0.9923611111111111 0.669921875 0.015277777777777777 0.01796875
0 0.8777777777777778 0.65 0.041666666666666664 0.021875
0 0.9930555555555556 0.634765625 0.013888888888888888 0.01796875
0 0.5944444444444444 0.62890625 0.03888888888888889 0.0234375
0 0.5138888888888888 0.62265625 0.025 0.01875
0 0.46458333333333335 0.621875 0.03194444444444444 0.0171875
0 0.9263888888888889 0.62109375 0.03888888888888889 0.01875
0 0.47152777777777777 0.594921875 0.02361111111111111 0.00859375
0 0.39444444444444443 0.601953125 0.030555555555555555 0.02421875
0 0.5791666666666667 0.5890625 0.058333333333333334 0.01875
0 0.4930555555555556 0.568359375 0.044444444444444446 0.01484375
0 0.6125 0.550390625 0.022222222222222223 0.01640625
0 0.5173611111111112 0.51015625 0.04027777777777778 0.021875
0 0.5583333333333333 0.4796875 0.03611111111111111 0.0171875
0 0.6131944444444445 0.475390625 0.04583333333333333 0.02109375
0 0.5527777777777778 0.447265625 0.03333333333333333 0.02421875
