0 0.21041666666666667 0.83671875 0.0625 0.03125
0 0.2048611111111111 0.75 0.06527777777777778 0.0515625
0 0.9659722222222222 0.60625 0.06805555555555555 0.0296875
0 0.9486111111111111 0.587890625 0.041666666666666664 0.01953125
0 0.08888888888888889 0.546875 0.04722222222222222 0.0203125
0 0.06666666666666667 0.500390625 0.1111111111111111 0.05234375
0 0.8013888888888889 0.478515625 0.041666666666666664 0.01953125
0 0.08541666666666667 0.4734375 0.0375 0.028125
0 0.02638888888888889 0.446875 0.04722222222222222 0.0265625
0 0.9388888888888889 0.394921875 0.05277777777777778 0.02421875
0 0.98125 0.34296875 0.0375 0.0375
