0 0.5291666666666667 0.612890625 0.04722222222222222 0.02421875
0 0.38819444444444445 0.603125 0.04861111111111111 0.0234375
0 0.225 0.591015625 0.058333333333333334 0.03046875
0 0.2388888888888889 0.562890625 0.030555555555555555 0.02578125
0 0.6159722222222223 0.52421875 0.04861111111111111 0.028125
0 0.24791666666666667 0.519921875 0.05138888888888889 0.03046875
0 0.5263888888888889 0.4984375 0.07222222222222222 0.034375
0 0.4173611111111111 0.492578125 0.06805555555555555 0.03203125
0 0.6055555555555555 0.4609375 0.05277777777777778 0.0515625
0 0.16458333333333333 0.441796875 0.02638888888888889 0.02265625
0 0.58125 0.428125 0.04027777777777778 0.0171875
0 0.14166666666666666 0.42734375 0.03888888888888889 0.0234375
0 0.5354166666666667 0.423828125 0.02361111111111111 0.01796875
0 0.4826388888888889 0.407421875 0.043055555555555555 0.02421875
0 0.5548611111111111 0.317578125 0.03194444444444444 0.01484375
0 0.5618055555555556 0.260546875 0.059722222222222225 0.03984375
0 0.47708333333333336 0.108984375 0.034722222222222224 0.01953125
0 0.3784722222222222 0.1171875 0.0625 0.040625
