0 0.025 0.735546875 0.04722222222222222 0.03203125
0 0.4861111111111111 0.726171875 0.03611111111111111 0.02578125
0 0.44027777777777777 0.722265625 0.022222222222222223 0.02109375
0 0.2465277777777778 0.713671875 0.04583333333333333 0.02734375
0 0.18541666666666667 0.697265625 0.04583333333333333 0.03046875
0 0.7284722222222222 0.675390625 0.05138888888888889 0.02265625
0 0.5118055555555555 0.666796875 0.02638888888888889 0.01484375
0 0.42291666666666666 0.6484375 0.043055555555555555 0.01875
0 0.9833333333333333 0.64296875 0.013888888888888888 0.0125
0 0.6993055555555555 0.65 0.04583333333333333 0.034375
0 0.6173611111111111 0.6421875 0.04583333333333333 0.0234375
0 0.7527777777777778 0.63046875 0.05 0.01875
0 0.5548611111111111 0.623828125 0.05416666666666667 0.02578125
0 0.9854166666666667 0.617578125 0.029166666666666667 0.03046875
0 0.4951388888888889 0.6015625 0.0625 0.025
0 0.6375 0.593359375 0.05555555555555555 0.02734375
0 0.08680555555555555 0.562890625 0.03194444444444444 0.02578125
0 0.4756944444444444 0.540234375 0.020833333333333332 0.01328125
0 0.5590277777777778 0.52734375 0.04583333333333333 0.028125
0 0.5875 0.51484375 0.04722222222222222 0.025
0 0.04583333333333333 0.518359375 0.08055555555555556 0.03359375
0 0.5645833333333333 0.4890625 0.043055555555555555 0.0265625
0 0.5076388888888889 0.48125 0.04027777777777778 0.01875
0 0.4597222222222222 0.467578125 0.06666666666666667 0.03984375
0 0.5680555555555555 0.448828125 0.03888888888888889 0.02578125
0 0.5090277777777777 0.4296875 0.02638888888888889 0.0203125
0 0.5145833333333333 0.40625 0.0625 0.021875
0 0.029166666666666667 0.2234375 0.05555555555555555 0.034375
