0 0.5486111111111112 0.896484375 0.07222222222222222 0.04921875
0 0.9340277777777778 0.8734375 0.04861111111111111 0.0140625
0 0.6222222222222222 0.865625 0.058333333333333334 0.015625
0 0.9625 0.846484375 0.058333333333333334 0.03984375
0 0.9569444444444445 0.807421875 0.06111111111111111 0.03359375
0 0.32916666666666666 0.77578125 0.05277777777777778 0.025
0 0.7458333333333333 0.76328125 0.027777777777777776 0.0171875
0 0.30625 0.753125 0.02361111111111111 0.015625
0 0.6722222222222223 0.74140625 0.05555555555555555 0.0296875
0 0.6979166666666666 0.711328125 0.07916666666666666 0.02578125
0 0.45416666666666666 0.703125 0.03888888888888889 0.0234375
0 0.4597222222222222 0.634765625 0.041666666666666664 0.02734375
0 0.42916666666666664 0.607421875 0.058333333333333334 0.02578125
0 0.6361111111111111 0.60859375 0.04722222222222222 0.03125
0 0.23125 0.6046875 0.059722222222222225 0.03125
0 0.4798611111111111 0.607421875 0.0625 0.04609375
0 0.5513888888888889 0.5703125 0.011111111111111112 0.01875
0 0.7013888888888888 0.56953125 0.075 0.0390625
0 0.36041666666666666 0.540625 0.034722222222222224 0.0234375
0 0.5222222222222223 0.5390625 0.03611111111111111 0.025
0 0.44722222222222224 0.533203125 0.04722222222222222 0.03671875
0 0.7395833333333334 0.496484375 0.04583333333333333 0.02421875
0 0.49236111111111114 0.479296875 0.05138888888888889 0.02421875
0 0.4284722222222222 0.46328125 0.04861111111111111 0.0296875
0 0.5819444444444445 0.444140625 0.05 0.02734375
0 0.5340277777777778 0.43828125 0.02638888888888889 0.01875
0 0.5270833333333333 0.41171875 0.05694444444444444 0.0328125
0 0.46319444444444446 0.386328125 0.08472222222222223 0.03515625
0 0.6506944444444445 0.371875 0.034722222222222224 0.0171875
0 0.5777777777777777 0.3765625 0.08333333333333333 0.0328125
0 0.6027777777777777 0.341796875 0.05 0.02578125
0 0.4222222222222222 0.3390625 0.04722222222222222 0.0265625
0 0.5506944444444445 0.299609375 0.03194444444444444 0.02421875
0 0.5055555555555555 0.29609375 0.05555555555555555 0.0265625
0 0.6145833333333334 0.1890625 0.05138888888888889 0.0296875
0 0.6645833333333333 0.116796875 0.03194444444444444 0.02109375
0 0.7090277777777778 0.1125 0.05416666666666667 0.0390625
0 0.6527777777777778 0.083984375 0.041666666666666664 0.02109375
