0 0.48055555555555557 0.776953125 0.03333333333333333 0.02421875
0 0.49375 0.760546875 0.034722222222222224 0.01953125
0 0.4756944444444444 0.7328125 0.029166666666666667 0.0171875
0 0.7486111111111111 0.594140625 0.044444444444444446 0.01484375
0 0.5395833333333333 0.5890625 0.05416666666666667 0.0296875
0 0.5111111111111111 0.54453125 0.03888888888888889 0.0203125
0 0.3840277777777778 0.533203125 0.05694444444444444 0.04453125
0 0.2847222222222222 0.516796875 0.04722222222222222 0.02265625
0 0.49930555555555556 0.511328125 0.05416666666666667 0.03515625
0 0.4263888888888889 0.497265625 0.05 0.02265625
0 0.3284722222222222 0.48203125 0.04027777777777778 0.034375
0 0.4979166666666667 0.469140625 0.015277777777777777 0.01796875
0 0.42291666666666666 0.465625 0.0375 0.0234375
0 0.8520833333333333 0.463671875 0.05694444444444444 0.02421875
0 0.46875 0.433984375 0.018055555555555554 0.01015625
0 0.44375 0.428515625 0.018055555555555554 0.01015625
0 0.3680555555555556 0.424609375 0.03888888888888889 0.02109375
0 0.13194444444444445 0.413671875 0.10555555555555556 0.06953125
0 0.2 0.401953125 0.08611111111111111 0.05390625
0 0.4201388888888889 0.384375 0.04861111111111111 0.03125
0 0.46805555555555556 0.38046875 0.06666666666666667 0.0390625
0 0.3763888888888889 0.340625 0.05555555555555555 0.034375
0 0.1763888888888889 0.351171875 0.11388888888888889 0.06796875
0 0.33055555555555555 0.31875 0.03333333333333333 0.01875
0 0.43472222222222223 0.320703125 0.022222222222222223 0.02421875
0 0.26180555555555557 0.31328125 0.0375 0.0203125
0 0.3958333333333333 0.312109375 0.030555555555555555 0.01953125
0 0.8979166666666667 0.31015625 0.029166666666666667 0.0234375
0 0.5166666666666667 0.288671875 0.05 0.03203125
0 0.3229166666666667 0.264453125 0.04861111111111111 0.03046875
0 0.36875 0.26484375 0.043055555555555555 0.034375
0 0.8916666666666667 0.255859375 0.04722222222222222 0.02890625
0 0.26875 0.248828125 0.029166666666666667 0.02890625
0 0.40555555555555556 0.226953125 0.016666666666666666 0.01640625
0 0.35138888888888886 0.226171875 0.016666666666666666 0.02265625
0 0.3506944444444444 0.184765625 0.05138888888888889 0.02890625
0 0.40625 0.18359375 0.059722222222222225 0.034375
0 0.3326388888888889 0.15078125 0.05694444444444444 0.025
0 0.21041666666666667 0.15078125 0.11805555555555555 0.0421875
