0 0.6680555555555555 0.707421875 0.041666666666666664 0.01953125
0 0.6909722222222222 0.692578125 0.034722222222222224 0.01796875
0 0.6340277777777777 0.6875 0.03194444444444444 0.0234375
0 0.34652777777777777 0.6640625 0.0375 0.025
0 0.2923611111111111 0.653515625 0.020833333333333332 0.02109375
0 0.25625 0.658203125 0.0375 0.03515625
0 0.28055555555555556 0.634375 0.03333333333333333 0.0125
0 0.33541666666666664 0.634375 0.02361111111111111 0.015625
0 0.47152777777777777 0.61875 0.0375 0.0203125
0 0.6493055555555556 0.573828125 0.059722222222222225 0.02578125
0 0.7145833333333333 0.54921875 0.018055555555555554 0.0171875
0 0.8486111111111111 0.55 0.041666666666666664 0.025
0 0.8097222222222222 0.54140625 0.03888888888888889 0.0234375
0 0.7680555555555556 0.530859375 0.044444444444444446 0.02109375
0 0.8625 0.52890625 0.03611111111111111 0.01875
0 0.6159722222222223 0.531640625 0.043055555555555555 0.03671875
0 0.4576388888888889 0.51328125 0.05138888888888889 0.021875
0 0.5694444444444444 0.4859375 0.030555555555555555 0.0140625
0 0.49236111111111114 0.40234375 0.043055555555555555 0.03125
0 0.4479166666666667 0.3921875 0.04861111111111111 0.0359375
0 0.5902777777777778 0.3859375 0.04722222222222222 0.028125
0 0.5368055555555555 0.380078125 0.04583333333333333 0.02890625
