0 0.7743055555555556 0.780078125 0.03194444444444444 0.01640625
0 0.9423611111111111 0.756640625 0.0375 0.01640625
0 0.7284722222222222 0.759375 0.0763888888888889 0.040625
0 0.8902777777777777 0.740234375 0.03333333333333333 0.02578125
0 0.15138888888888888 0.65703125 0.041666666666666664 0.0140625
0 0.14791666666666667 0.63984375 0.0375 0.0171875
0 0.049305555555555554 0.62421875 0.034722222222222224 0.0203125
0 0.9784722222222222 0.62109375 0.04027777777777778 0.01875
0 0.9229166666666667 0.60390625 0.0375 0.021875
0 0.06041666666666667 0.596875 0.03194444444444444 0.0171875
0 0.30694444444444446 0.5875 0.027777777777777776 0.0140625
0 0.7472222222222222 0.57734375 0.04722222222222222 0.0265625
0 0.6430555555555556 0.551953125 0.019444444444444445 0.02109375
0 0.5680555555555555 0.548828125 0.06666666666666667 0.03203125
0 0.4263888888888889 0.5078125 0.022222222222222223 0.0140625
0 0.3729166666666667 0.50859375 0.04583333333333333 0.01875
0 0.26180555555555557 0.50546875 0.0375 0.034375
0 0.24027777777777778 0.466796875 0.041666666666666664 0.02265625
0 0.28194444444444444 0.45703125 0.03333333333333333 0.021875
0 0.83125 0.455859375 0.08472222222222223 0.02734375
0 0.2361111111111111 0.437890625 0.03333333333333333 0.01796875
0 0.2986111111111111 0.414453125 0.03611111111111111 0.02421875
0 0.7965277777777777 0.400390625 0.034722222222222224 0.02265625
0 0.44305555555555554 0.3921875 0.03333333333333333 0.01875
0 0.21041666666666667 0.3828125 0.034722222222222224 0.0203125
0 0.5090277777777777 0.354296875 0.020833333333333332 0.01328125
0 0.25555555555555554 0.355078125 0.030555555555555555 0.01953125
0 0.1375 0.33671875 0.013888888888888888 0.015625
0 0.23125 0.27890625 0.020833333333333332 0.0140625
0 0.022916666666666665 0.26875 0.020833333333333332 0.021875
0 0.1673611111111111 0.258984375 0.0375 0.02265625
0 0.0798611111111111 0.2546875 0.05416666666666667 0.046875
0 0.6729166666666667 0.246484375 0.043055555555555555 0.04296875
0 0.16319444444444445 0.178125 0.029166666666666667 0.015625
0 0.12708333333333333 0.179296875 0.04027777777777778 0.02109375
0 0.6486111111111111 0.1546875 0.044444444444444446 0.01875
0 0.6555555555555556 0.13515625 0.03611111111111111 0.0140625
0 0.5881944444444445 0.101953125 0.05138888888888889 0.04609375
0 0.5069444444444444 0.088671875 0.05 0.03515625
0 0.025694444444444443 0.078125 0.05138888888888889 0.0234375
0 0.07777777777777778 0.059375 0.044444444444444446 0.0421875
0 0.011805555555555555 0.0375 0.02361111111111111 0.025
