0 0.9006944444444445 0.741796875 0.07361111111111111 0.03515625
0 0.08819444444444445 0.727734375 0.05694444444444444 0.03671875
0 0.1423611111111111 0.72109375 0.043055555555555555 0.0296875
0 0.8111111111111111 0.701953125 0.05277777777777778 0.02265625
0 0.15763888888888888 0.670703125 0.06527777777777778 0.03671875
0 0.33958333333333335 0.66484375 0.059722222222222225 0.028125
0 0.17569444444444443 0.646875 0.03194444444444444 0.0203125
0 0.9819444444444444 0.65 0.03611111111111111 0.028125
0 0.7215277777777778 0.626171875 0.020833333333333332 0.01640625
0 0.9069444444444444 0.62890625 0.03888888888888889 0.0296875
0 0.4638888888888889 0.608203125 0.05555555555555555 0.02109375
0 0.5541666666666667 0.562890625 0.06111111111111111 0.02421875
0 0.9604166666666667 0.5640625 0.05416666666666667 0.0359375
0 0.36527777777777776 0.547265625 0.07777777777777778 0.02578125
0 0.2 0.528125 0.05277777777777778 0.0171875
0 0.011805555555555555 0.51171875 0.02361111111111111 0.0203125
0 0.9604166666666667 0.5140625 0.06527777777777778 0.028125
0 0.10277777777777777 0.4953125 0.05 0.0234375
0 0.7743055555555556 0.50546875 0.07361111111111111 0.05
0 0.5743055555555555 0.488671875 0.043055555555555555 0.02421875
0 0.020833333333333332 0.486328125 0.03888888888888889 0.02265625
0 0.33541666666666664 0.462109375 0.05138888888888889 0.01953125
0 0.9590277777777778 0.458203125 0.0375 0.01953125
0 0.9111111111111111 0.475390625 0.12777777777777777 0.05390625
0 0.6534722222222222 0.4484375 0.06527777777777778 0.0390625
0 0.6111111111111112 0.413671875 0.04722222222222222 0.02265625
0 0.6993055555555555 0.39921875 0.04583333333333333 0.0140625
0 0.7930555555555555 0.396875 0.058333333333333334 0.053125
0 0.4534722222222222 0.362890625 0.03194444444444444 0.01328125
0 0.3423611111111111 0.36328125 0.04583333333333333 0.021875
0 0.8555555555555555 0.3609375 0.03333333333333333 0.0203125
0 0.15138888888888888 0.354296875 0.05 0.02578125
0 0.05763888888888889 0.362109375 0.10416666666666667 0.04453125
0 0.7715277777777778 0.345703125 0.09305555555555556 0.03984375
0 0.48541666666666666 0.332421875 0.043055555555555555 0.02578125
0 0.30486111111111114 0.333203125 0.05416666666666667 0.03359375
0 0.018055555555555554 0.330859375 0.03611111111111111 0.03984375
0 0.88125 0.310546875 0.059722222222222225 0.03359375
0 0.3145833333333333 0.2953125 0.05694444444444444 0.0375
0 0.37430555555555556 0.284375 0.02361111111111111 0.0171875
0 0.6777777777777778 0.2875 0.1 0.0359375
0 0.8027777777777778 0.27421875 0.027777777777777776 0.0171875
0 0.35555555555555557 0.258984375 0.04722222222222222 0.02265625
0 0.020833333333333332 0.24375 0.041666666666666664 0.0328125
0 0.11875 0.240234375 0.1486111111111111 0.03984375
0 0.5930555555555556 0.22421875 0.06666666666666667 0.0375
0 0.5034722222222222 0.212109375 0.043055555555555555 0.02578125
0 0.6930555555555555 0.20859375 0.06111111111111111 0.0390625
0 0.8770833333333333 0.2078125 0.07361111111111111 0.0390625
0 0.7909722222222222 0.178515625 0.07083333333333333 0.04140625
0 0.8527777777777777 0.153125 0.05555555555555555 0.0359375
0 0.9597222222222223 0.140625 0.058333333333333334 0.0328125
0 0.6645833333333333 0.15546875 0.0625 0.0640625
0 0.6048611111111111 0.119921875 0.029166666666666667 0.02109375
0 0.23055555555555557 0.11796875 0.05555555555555555 0.03125
0 0.024305555555555556 0.115625 0.04861111111111111 0.0296875
0 0.6847222222222222 0.05703125 0.022222222222222223 0.025
0 0.7673611111111112 0.08984375 0.11527777777777778 0.09375
0 0.3972222222222222 0.07421875 0.12777777777777777 0.065625
0 0.6152777777777778 0.0265625 0.027777777777777776 0.0265625
0 0.7638888888888888 0.00703125 0.05555555555555555 0.0125
