0 0.4930555555555556 0.715625 0.04722222222222222 0.0140625
0 0.6111111111111112 0.655078125 0.019444444444444445 0.01953125
0 0.9041666666666667 0.650390625 0.030555555555555555 0.01796875
0 0.7708333333333334 0.641796875 0.022222222222222223 0.01796875
0 0.2625 0.637890625 0.04722222222222222 0.02578125
0 0.8868055555555555 0.6359375 0.0875 0.028125
0 0.8395833333333333 0.609375 0.04027777777777778 0.0140625
0 0.6527777777777778 0.59375 0.019444444444444445 0.015625
0 0.2375 0.601171875 0.06111111111111111 0.03046875
0 0.2777777777777778 0.583203125 0.03333333333333333 0.01953125
0 0.8729166666666667 0.536328125 0.02638888888888889 0.01015625
0 0.2923611111111111 0.526953125 0.015277777777777777 0.00859375
0 0.03958333333333333 0.525390625 0.04583333333333333 0.01953125
0 0.2513888888888889 0.526953125 0.06111111111111111 0.02578125
0 0.07430555555555556 0.508984375 0.015277777777777777 0.00859375
0 0.08541666666666667 0.48203125 0.02361111111111111 0.01875
0 0.29583333333333334 0.44296875 0.03611111111111111 0.0203125
0 0.46875 0.4328125 0.0375 0.0171875
0 0.13819444444444445 0.429296875 0.015277777777777777 0.01171875
0 0.19930555555555557 0.430078125 0.03194444444444444 0.02421875
0 0.5138888888888888 0.41328125 0.027777777777777776 0.0140625
0 0.2847222222222222 0.41171875 0.04722222222222222 0.0265625
0 0.6791666666666667 0.407421875 0.041666666666666664 0.02890625
0 0.6027777777777777 0.388671875 0.016666666666666666 0.01171875
0 0.5791666666666667 0.37421875 0.025 0.015625
0 0.6236111111111111 0.373046875 0.03611111111111111 0.01953125
0 0.28958333333333336 0.34140625 0.03194444444444444 0.015625
0 0.25555555555555554 0.33671875 0.03611111111111111 0.021875
0 0.46875 0.175 0.043055555555555555 0.025
