0 0.575 0.573046875 0.058333333333333334 0.04140625
0 0.3368055555555556 0.52734375 0.020833333333333332 0.021875
0 0.5631944444444444 0.518359375 0.06527777777777778 0.02421875
0 0.9055555555555556 0.5078125 0.030555555555555555 0.021875
0 0.6277777777777778 0.50078125 0.041666666666666664 0.0203125
0 0.33958333333333335 0.4609375 0.020833333333333332 0.0109375
0 0.5243055555555556 0.456640625 0.02361111111111111 0.01484375
0 0.3819444444444444 0.45546875 0.025 0.0125
0 0.9409722222222222 0.45 0.03194444444444444 0.015625
0 0.50625 0.430859375 0.04027777777777778 0.01484375
0 0.5993055555555555 0.419140625 0.02638888888888889 0.01640625
0 0.9388888888888889 0.4078125 0.022222222222222223 0.0125
0 0.9118055555555555 0.402734375 0.02638888888888889 0.01328125
0 0.2298611111111111 0.397265625 0.029166666666666667 0.01484375
0 0.3645833333333333 0.38359375 0.02638888888888889 0.01875
0 0.9708333333333333 0.38203125 0.03333333333333333 0.01875
0 0.8368055555555556 0.37890625 0.04583333333333333 0.021875
0 0.014583333333333334 0.3703125 0.02361111111111111 0.0109375
0 0.05486111111111111 0.36953125 0.020833333333333332 0.015625
0 0.7486111111111111 0.36796875 0.030555555555555555 0.015625
0 0.05763888888888889 0.3546875 0.020833333333333332 0.0140625
0 0.2881944444444444 0.352734375 0.04861111111111111 0.01484375
0 0.6583333333333333 0.35234375 0.027777777777777776 0.0171875
0 0.8145833333333333 0.3546875 0.04027777777777778 0.03125
0 0.7361111111111112 0.346875 0.06666666666666667 0.015625
0 0.10833333333333334 0.346484375 0.030555555555555555 0.01484375
0 0.8569444444444444 0.350390625 0.03611111111111111 0.02578125
0 0.6104166666666667 0.34609375 0.02361111111111111 0.01875
0 0.38263888888888886 0.33515625 0.0375 0.021875
0 0.19375 0.332421875 0.034722222222222224 0.01796875
0 0.6909722222222222 0.329296875 0.034722222222222224 0.02421875
0 0.7680555555555556 0.3203125 0.03888888888888889 0.01875
0 0.8277777777777777 0.305078125 0.03888888888888889 0.01796875
0 0.5104166666666666 0.294921875 0.06805555555555555 0.02421875
0 0.5020833333333333 0.275390625 0.04027777777777778 0.02578125
0 0.6048611111111111 0.26796875 0.034722222222222224 0.0234375
0 0.7354166666666667 0.221875 0.03194444444444444 0.021875
0 0.5909722222222222 0.202734375 0.043055555555555555 0.02265625
0 0.45208333333333334 0.1640625 0.04027777777777778 0.015625
