0 0.8590277777777777 0.867578125 0.059722222222222225 0.03515625
0 0.91875 0.858203125 0.05694444444444444 0.02421875
0 0.7652777777777777 0.795703125 0.05 0.02265625
0 0.027777777777777776 0.758984375 0.05277777777777778 0.02890625
0 0.8944444444444445 0.7484375 0.03333333333333333 0.0171875
0 0.6152777777777778 0.735546875 0.044444444444444446 0.02265625
0 0.48333333333333334 0.730078125 0.05 0.02890625
0 0.6583333333333333 0.720703125 0.05 0.02265625
0 0.14027777777777778 0.721875 0.08333333333333333 0.0296875
0 0.8097222222222222 0.6875 0.04722222222222222 0.0234375
0 0.12291666666666666 0.688671875 0.043055555555555555 0.02578125
0 0.6166666666666667 0.675390625 0.03888888888888889 0.02421875
0 0.7055555555555556 0.686328125 0.03333333333333333 0.04765625
0 0.5666666666666667 0.6609375 0.06944444444444445 0.0296875
0 0.13472222222222222 0.66015625 0.041666666666666664 0.028125
0 0.2743055555555556 0.648046875 0.029166666666666667 0.01171875
0 0.3861111111111111 0.643359375 0.027777777777777776 0.01796875
0 0.6993055555555555 0.575 0.05416666666666667 0.021875
0 0.7027777777777777 0.529296875 0.125 0.04921875
0 0.5986111111111111 0.51640625 0.03888888888888889 0.0375
0 0.2375 0.502734375 0.044444444444444446 0.02109375
0 0.19791666666666666 0.5 0.0375 0.0171875
0 0.07361111111111111 0.508984375 0.06388888888888888 0.06484375
0 0.14722222222222223 0.471484375 0.06944444444444445 0.03828125
0 0.0875 0.44453125 0.044444444444444446 0.025
