0 0.28125 0.944140625 0.06805555555555555 0.04296875
0 0.10694444444444444 0.895703125 0.11388888888888889 0.03984375
0 0.23958333333333334 0.88671875 0.059722222222222225 0.0328125
0 0.021527777777777778 0.884375 0.04027777777777778 0.0296875
0 0.059027777777777776 0.84765625 0.02638888888888889 0.0203125
0 0.3472222222222222 0.844921875 0.05555555555555555 0.02890625
0 0.9444444444444444 0.821484375 0.05277777777777778 0.02109375
0 0.45416666666666666 0.796484375 0.06111111111111111 0.03828125
0 0.8423611111111111 0.774609375 0.018055555555555554 0.01796875
0 0.7111111111111111 0.776171875 0.05 0.02734375
0 0.9270833333333334 0.776171875 0.05416666666666667 0.02890625
0 0.9847222222222223 0.76796875 0.030555555555555555 0.03125
0 0.6340277777777777 0.759765625 0.05416666666666667 0.02421875
0 0.8305555555555556 0.7546875 0.025 0.0265625
0 0.9847222222222223 0.71640625 0.030555555555555555 0.034375
0 0.5118055555555555 0.70078125 0.05694444444444444 0.021875
0 0.58125 0.677734375 0.05416666666666667 0.03828125
0 0.014583333333333334 0.633984375 0.02361111111111111 0.02421875
0 0.29444444444444445 0.621875 0.10833333333333334 0.0453125
0 0.22013888888888888 0.612109375 0.059722222222222225 0.03203125
0 0.4986111111111111 0.60703125 0.05277777777777778 0.0265625
0 0.2708333333333333 0.594921875 0.058333333333333334 0.02734375
0 0.9590277777777778 0.57734375 0.04027777777777778 0.0265625
0 0.2972222222222222 0.5671875 0.058333333333333334 0.03125
0 0.6118055555555556 0.561328125 0.05138888888888889 0.03046875
0 0.018055555555555554 0.562109375 0.03333333333333333 0.03203125
0 0.6868055555555556 0.550390625 0.03194444444444444 0.01796875
0 0.8770833333333333 0.537890625 0.05138888888888889 0.02421875
0 0.28541666666666665 0.5359375 0.05694444444444444 0.028125
0 0.4597222222222222 0.526953125 0.05555555555555555 0.02421875
0 0.3763888888888889 0.5296875 0.13055555555555556 0.0484375
0 0.7326388888888888 0.5265625 0.07361111111111111 0.04375
0 0.7263888888888889 0.4703125 0.058333333333333334 0.0203125
0 0.525 0.463671875 0.022222222222222223 0.01953125
0 0.29097222222222224 0.46640625 0.04027777777777778 0.0296875
0 0.6888888888888889 0.443359375 0.03611111111111111 0.01796875
0 0.3215277777777778 0.44140625 0.03194444444444444 0.0234375
0 0.014583333333333334 0.431640625 0.02638888888888889 0.03203125
0 0.17708333333333334 0.421484375 0.029166666666666667 0.01484375
0 0.7222222222222222 0.427734375 0.04722222222222222 0.03046875
0 0.4444444444444444 0.4203125 0.05555555555555555 0.025
0 0.2013888888888889 0.41015625 0.03611111111111111 0.0203125
0 0.9798611111111111 0.398828125 0.04027777777777778 0.03203125
0 0.49930555555555556 0.394140625 0.05138888888888889 0.02734375
0 0.8944444444444445 0.405078125 0.1111111111111111 0.05078125
0 0.7902777777777777 0.3828125 0.044444444444444446 0.0265625
0 0.42986111111111114 0.37109375 0.0625 0.0296875
0 0.8555555555555555 0.37109375 0.04722222222222222 0.0328125
0 0.32222222222222224 0.369921875 0.08333333333333333 0.03203125
0 0.6944444444444444 0.359375 0.058333333333333334 0.021875
0 0.8111111111111111 0.355078125 0.03888888888888889 0.01640625
0 0.36875 0.35390625 0.034722222222222224 0.015625
0 0.5875 0.35390625 0.06944444444444445 0.0390625
0 0.6430555555555556 0.351953125 0.03333333333333333 0.03828125
0 0.7222222222222222 0.333203125 0.044444444444444446 0.03046875
0 0.8819444444444444 0.292578125 0.20277777777777778 0.06015625
0 0.7243055555555555 0.266796875 0.04583333333333333 0.02421875
0 0.6631944444444444 0.26640625 0.04861111111111111 0.0296875
0 0.7708333333333334 0.25390625 0.041666666666666664 0.034375
0 0.44166666666666665 0.2546875 0.1 0.059375
0 0.60625 0.20859375 0.05138888888888889 0.0296875
0 0.39375 0.193359375 0.08472222222222223 0.07734375
0 0.4777777777777778 0.1703125 0.05277777777777778 0.034375
0 0.8208333333333333 0.165625 0.06666666666666667 0.0328125
0 0.6090277777777777 0.156640625 0.04583333333333333 0.02578125
0 0.5173611111111112 0.134765625 0.06805555555555555 0.02734375
0 0.6951388888888889 0.133984375 0.09027777777777778 0.03828125
0 0.43333333333333335 0.117578125 0.030555555555555555 0.02265625
0 0.5090277777777777 0.086328125 0.0375 0.01953125
0 0.4395833333333333 0.074609375 0.04027777777777778 0.01953125
0 0.40694444444444444 0.04296875 0.058333333333333334 0.03125
0 0.7027777777777777 0.07890625 0.2611111111111111 0.1109375
0 0.4625 0.01171875 0.06111111111111111 0.0203125
0 0.9020833333333333 0.022265625 0.08194444444444444 0.04296875
