0 0.07916666666666666 0.737109375 0.04722222222222222 0.03203125
0 0.5263888888888889 0.733203125 0.03611111111111111 0.02578125
0 0.4791666666666667 0.730859375 0.022222222222222223 0.02109375
0 0.2951388888888889 0.716015625 0.04583333333333333 0.02734375
0 0.05347222222222222 0.70234375 0.0875 0.0328125
0 0.23541666666666666 0.700390625 0.04583333333333333 0.03046875
0 0.7645833333333333 0.684765625 0.05138888888888889 0.02265625
0 0.5493055555555556 0.673828125 0.02638888888888889 0.01484375
0 0.008333333333333333 0.659765625 0.016666666666666666 0.01953125
0 0.46319444444444446 0.65703125 0.043055555555555555 0.01875
0 0.7340277777777777 0.6609375 0.04583333333333333 0.034375
0 0.6520833333333333 0.6515625 0.04583333333333333 0.0234375
0 0.7847222222222222 0.64140625 0.05 0.01875
0 0.5909722222222222 0.631640625 0.05416666666666667 0.02578125
0 0.53125 0.61015625 0.0625 0.025
0 0.6736111111111112 0.601953125 0.05555555555555555 0.02734375
0 0.058333333333333334 0.5640625 0.027777777777777776 0.0171875
0 0.13402777777777777 0.566796875 0.04027777777777778 0.02578125
0 0.013888888888888888 0.55546875 0.025 0.0234375
0 0.51875 0.549609375 0.020833333333333332 0.01328125
0 0.12291666666666666 0.54921875 0.029166666666666667 0.015625
0 0.6006944444444444 0.53828125 0.04583333333333333 0.028125
0 0.6291666666666667 0.525 0.04722222222222222 0.025
0 0.10069444444444445 0.523046875 0.08194444444444444 0.03359375
0 0.6048611111111111 0.49921875 0.043055555555555555 0.0265625
0 0.5493055555555556 0.49140625 0.04027777777777778 0.01875
0 0.5006944444444444 0.476171875 0.0763888888888889 0.03828125
0 0.6069444444444444 0.458203125 0.03888888888888889 0.02578125
0 0.5520833333333334 0.4390625 0.02638888888888889 0.0203125
0 0.5555555555555556 0.415234375 0.06111111111111111 0.02109375
0 0.08958333333333333 0.23359375 0.0625 0.034375
0 0.049305555555555554 0.21484375 0.034722222222222224 0.021875
