0 0.09861111111111111 0.648046875 0.05277777777777778 0.02265625
0 0.1909722222222222 0.548828125 0.05416666666666667 0.02890625
0 0.8736111111111111 0.530859375 0.022222222222222223 0.01953125
0 0.1 0.522265625 0.06666666666666667 0.03828125
0 0.005555555555555556 0.5125 0.008333333333333333 0.0234375
0 0.85 0.509765625 0.03888888888888889 0.02109375
0 0.19791666666666666 0.49765625 0.0375 0.0234375
0 0.18819444444444444 0.460546875 0.059722222222222225 0.03046875
0 0.12291666666666666 0.437890625 0.0375 0.02578125
0 0.021527777777777778 0.424609375 0.043055555555555555 0.03203125
0 0.14305555555555555 0.32578125 0.05277777777777778 0.025
0 0.15138888888888888 0.258203125 0.07777777777777778 0.04765625
0 0.025 0.0953125 0.03333333333333333 0.021875
