0 0.9618055555555556 0.98203125 0.020833333333333332 0.01875
0 0.9020833333333333 0.980078125 0.04583333333333333 0.02734375
0 0.10902777777777778 0.950390625 0.05694444444444444 0.03046875
0 0.6652777777777777 0.929296875 0.03333333333333333 0.02421875
0 0.6034722222222222 0.91015625 0.06805555555555555 0.01875
0 0.5541666666666667 0.903125 0.030555555555555555 0.025
0 0.5152777777777777 0.87421875 0.041666666666666664 0.0328125
0 0.15625 0.837109375 0.05138888888888889 0.03046875
0 0.42083333333333334 0.84453125 0.06388888888888888 0.046875
0 0.53125 0.826953125 0.05138888888888889 0.02109375
0 0.48541666666666666 0.809765625 0.04861111111111111 0.03671875
0 0.3111111111111111 0.795703125 0.05555555555555555 0.03515625
0 0.70625 0.75625 0.0375 0.0171875
0 0.5923611111111111 0.759765625 0.043055555555555555 0.03046875
0 0.64375 0.7515625 0.03194444444444444 0.01875
0 0.5645833333333333 0.720703125 0.043055555555555555 0.02109375
0 0.40069444444444446 0.721484375 0.09027777777777778 0.04765625
0 0.6083333333333333 0.706640625 0.041666666666666664 0.02109375
0 0.5236111111111111 0.693359375 0.058333333333333334 0.02265625
0 0.44583333333333336 0.677734375 0.04722222222222222 0.01953125
0 0.39791666666666664 0.669921875 0.04027777777777778 0.02109375
0 0.6659722222222222 0.63359375 0.09027777777777778 0.025
0 0.41041666666666665 0.63125 0.059722222222222225 0.028125
0 0.5666666666666667 0.62890625 0.05555555555555555 0.03125
0 0.2833333333333333 0.530078125 0.04722222222222222 0.03046875
0 0.30416666666666664 0.494921875 0.03611111111111111 0.02421875
0 0.30972222222222223 0.428515625 0.05 0.02734375
0 0.45625 0.374609375 0.05416666666666667 0.02890625
0 0.39861111111111114 0.36875 0.030555555555555555 0.0265625
0 0.36041666666666666 0.3546875 0.02638888888888889 0.0140625
0 0.3993055555555556 0.340234375 0.05416666666666667 0.02421875
