0 0.3423611111111111 0.894921875 0.05416666666666667 0.02890625
0 0.3819444444444444 0.866015625 0.041666666666666664 0.02421875
0 0.8173611111111111 0.831640625 0.06527777777777778 0.03046875
0 0.8722222222222222 0.822265625 0.041666666666666664 0.03359375
0 0.5729166666666666 0.78515625 0.034722222222222224 0.0234375
0 0.18541666666666667 0.779296875 0.02638888888888889 0.01953125
0 0.5055555555555555 0.7765625 0.03888888888888889 0.0265625
0 0.015277777777777777 0.774609375 0.027777777777777776 0.03046875
0 0.11597222222222223 0.770703125 0.043055555555555555 0.02734375
0 0.3013888888888889 0.7484375 0.05 0.0234375
0 0.07291666666666667 0.748828125 0.05694444444444444 0.03046875
0 0.40555555555555556 0.7453125 0.04722222222222222 0.0265625
0 0.44166666666666665 0.740625 0.016666666666666666 0.0203125
0 0.6548611111111111 0.729296875 0.04583333333333333 0.02734375
0 0.15486111111111112 0.71875 0.07361111111111111 0.04375
0 0.08541666666666667 0.68359375 0.05138888888888889 0.01875
0 0.8284722222222223 0.668359375 0.04027777777777778 0.02265625
0 0.19930555555555557 0.6625 0.043055555555555555 0.0234375
0 0.03263888888888889 0.660546875 0.029166666666666667 0.02109375
0 0.5708333333333333 0.64921875 0.05 0.021875
0 0.019444444444444445 0.603515625 0.025 0.02109375
0 0.7902777777777777 0.602734375 0.06388888888888888 0.02890625
0 0.5513888888888889 0.589453125 0.041666666666666664 0.02265625
0 0.7201388888888889 0.584375 0.06805555555555555 0.021875
0 0.9104166666666667 0.58359375 0.03194444444444444 0.021875
0 0.8659722222222223 0.543359375 0.04583333333333333 0.01796875
0 0.07777777777777778 0.53671875 0.03888888888888889 0.028125
0 0.9340277777777778 0.50859375 0.043055555555555555 0.0203125
0 0.7805555555555556 0.498046875 0.06388888888888888 0.03203125
0 0.5951388888888889 0.487109375 0.0375 0.02421875
0 0.11041666666666666 0.484765625 0.07083333333333333 0.03828125
0 0.8972222222222223 0.46875 0.06388888888888888 0.028125
0 0.8430555555555556 0.45 0.06388888888888888 0.0296875
0 0.94375 0.43984375 0.04027777777777778 0.025
0 0.4708333333333333 0.338671875 0.05277777777777778 0.02578125
0 0.9041666666666667 0.35078125 0.12222222222222222 0.065625
0 0.7986111111111112 0.313671875 0.03888888888888889 0.01640625
0 0.5416666666666666 0.318359375 0.06111111111111111 0.03046875
0 0.9708333333333333 0.317578125 0.058333333333333334 0.05703125
0 0.017361111111111112 0.2890625 0.03194444444444444 0.0171875
0 0.875 0.27890625 0.058333333333333334 0.0265625
0 0.7868055555555555 0.272265625 0.02638888888888889 0.01953125
0 0.81875 0.2515625 0.03194444444444444 0.0140625
0 0.7472222222222222 0.239453125 0.10277777777777777 0.06015625
0 0.88125 0.208203125 0.08194444444444444 0.03203125
0 0.7368055555555556 0.182421875 0.0625 0.03671875
0 0.8340277777777778 0.14921875 0.05416666666666667 0.0328125
0 0.7375 0.138671875 0.05555555555555555 0.02734375
0 0.8152777777777778 0.096875 0.06111111111111111 0.059375
