0 0.90625 0.683984375 0.02361111111111111 0.01796875
0 0.80625 0.649609375 0.0375 0.03359375
0 0.9451388888888889 0.638671875 0.02638888888888889 0.02265625
0 0.5506944444444445 0.59140625 0.02638888888888889 0.015625
0 0.2222222222222222 0.5890625 0.03333333333333333 0.01875
0 0.9701388888888889 0.600390625 0.059722222222222225 0.06171875
0 0.46458333333333335 0.573046875 0.0375 0.01796875
0 0.5861111111111111 0.560546875 0.03611111111111111 0.02109375
0 0.2 0.556640625 0.030555555555555555 0.01640625
0 0.8277777777777777 0.555859375 0.06111111111111111 0.03359375
0 0.9041666666666667 0.548046875 0.06111111111111111 0.02890625
0 0.4048611111111111 0.54609375 0.06527777777777778 0.0296875
0 0.33402777777777776 0.544140625 0.05138888888888889 0.02578125
0 0.01875 0.53515625 0.03194444444444444 0.021875
0 0.7611111111111111 0.53359375 0.030555555555555555 0.0203125
0 0.7027777777777777 0.535546875 0.05277777777777778 0.02890625
0 0.15833333333333333 0.533203125 0.1388888888888889 0.03359375
0 0.2923611111111111 0.523828125 0.0625 0.03359375
0 0.8298611111111112 0.496875 0.029166666666666667 0.0203125
0 0.011805555555555555 0.487890625 0.018055555555555554 0.01484375
0 0.5152777777777777 0.4921875 0.08611111111111111 0.03125
0 0.5895833333333333 0.4734375 0.05138888888888889 0.034375
0 0.44375 0.46484375 0.043055555555555555 0.028125
0 0.2881944444444444 0.46171875 0.034722222222222224 0.021875
0 0.9048611111111111 0.459765625 0.04583333333333333 0.02578125
0 0.3576388888888889 0.453125 0.05138888888888889 0.0296875
0 0.7756944444444445 0.456640625 0.06805555555555555 0.03828125
0 0.011111111111111112 0.443359375 0.019444444444444445 0.01328125
0 0.058333333333333334 0.43828125 0.025 0.0125
0 0.40347222222222223 0.43203125 0.03194444444444444 0.0234375
0 0.1638888888888889 0.4234375 0.027777777777777776 0.0125
0 0.4951388888888889 0.428125 0.05694444444444444 0.025
0 0.6305555555555555 0.420703125 0.03333333333333333 0.01484375
0 0.2986111111111111 0.43125 0.06388888888888888 0.0359375
0 0.7145833333333333 0.43359375 0.08472222222222223 0.053125
0 0.4618055555555556 0.401953125 0.029166666666666667 0.02265625
0 0.5340277777777778 0.3921875 0.04027777777777778 0.015625
0 0.38819444444444445 0.376953125 0.02361111111111111 0.01640625
0 0.325 0.37421875 0.019444444444444445 0.0109375
0 0.2708333333333333 0.37265625 0.03333333333333333 0.01875
0 0.05138888888888889 0.37734375 0.06666666666666667 0.0359375
0 0.44305555555555554 0.3640625 0.044444444444444446 0.0234375
0 0.1736111111111111 0.350390625 0.030555555555555555 0.01015625
0 0.27569444444444446 0.344140625 0.03194444444444444 0.01328125
0 0.35833333333333334 0.340234375 0.027777777777777776 0.00859375
0 0.06736111111111111 0.340234375 0.018055555555555554 0.01328125
0 0.7763888888888889 0.331640625 0.044444444444444446 0.02265625
0 0.275 0.321484375 0.041666666666666664 0.01953125
0 0.9111111111111111 0.3234375 0.05 0.028125
0 0.6951388888888889 0.30703125 0.0375 0.0265625
0 0.5805555555555556 0.29453125 0.06666666666666667 0.0234375
0 0.6402777777777777 0.28359375 0.04722222222222222 0.0359375
0 0.8263888888888888 0.28828125 0.14166666666666666 0.05
0 0.5375 0.281640625 0.07777777777777778 0.03984375
0 0.15763888888888888 0.26796875 0.02638888888888889 0.015625
0 0.8902777777777777 0.253515625 0.06111111111111111 0.02734375
0 0.8284722222222223 0.245703125 0.05416666666666667 0.03046875
0 0.7423611111111111 0.25 0.10972222222222222 0.0453125
0 0.61875 0.186328125 0.04027777777777778 0.02265625
0 0.9208333333333333 0.182421875 0.04722222222222222 0.02890625
0 0.8138888888888889 0.18359375 0.1111111111111111 0.0625
0 0.6534722222222222 0.1640625 0.043055555555555555 0.0265625
0 0.5618055555555556 0.1453125 0.029166666666666667 0.015625
0 0.6923611111111111 0.140625 0.0375 0.021875
0 0.5090277777777777 0.134765625 0.07916666666666666 0.02734375
0 0.8743055555555556 0.11796875 0.04027777777777778 0.021875
0 0.6111111111111112 0.1265625 0.09722222222222222 0.0484375
0 0.6402777777777777 0.091796875 0.03611111111111111 0.01796875
0 0.9826388888888888 0.0828125 0.034722222222222224 0.040625
0 0.94375 0.063671875 0.0375 0.04453125
0 0.7826388888888889 0.04921875 0.034722222222222224 0.0171875
0 0.8430555555555556 0.05 0.030555555555555555 0.021875
0 0.7888888888888889 0.030859375 0.03333333333333333 0.01796875
