0 0.38472222222222224 0.705859375 0.03888888888888889 0.01328125
0 0.50625 0.644140625 0.0125 0.01953125
0 0.16111111111111112 0.631640625 0.041666666666666664 0.02421875
0 0.6763888888888889 0.628515625 0.030555555555555555 0.01953125
0 0.8166666666666667 0.616796875 0.025 0.01328125
0 0.7395833333333334 0.59453125 0.03194444444444444 0.0125
0 0.15833333333333333 0.58828125 0.09444444444444444 0.040625
0 0.9826388888888888 0.558203125 0.02638888888888889 0.02265625
0 0.7715277777777778 0.522265625 0.018055555555555554 0.01171875
0 0.1701388888888889 0.5203125 0.08472222222222223 0.01875
0 0.8298611111111112 0.508203125 0.009722222222222222 0.00703125
0 0.9201388888888888 0.495703125 0.015277777777777777 0.01328125
0 0.20069444444444445 0.434765625 0.04861111111111111 0.01953125
0 0.034027777777777775 0.422265625 0.02361111111111111 0.01484375
0 0.3784722222222222 0.423828125 0.043055555555555555 0.02265625
0 0.10069444444444445 0.421875 0.034722222222222224 0.0234375
0 0.42083333333333334 0.405078125 0.025 0.01328125
0 0.18611111111111112 0.403515625 0.04722222222222222 0.02734375
0 0.5791666666666667 0.395703125 0.041666666666666664 0.02421875
0 0.5097222222222222 0.378125 0.022222222222222223 0.0125
0 0.4798611111111111 0.368359375 0.02361111111111111 0.02109375
0 0.5256944444444445 0.36171875 0.03194444444444444 0.0171875
0 0.1909722222222222 0.33046875 0.0375 0.0171875
0 0.15347222222222223 0.327734375 0.034722222222222224 0.02109375
0 0.47430555555555554 0.318359375 0.015277777777777777 0.00859375
0 0.4576388888888889 0.31328125 0.018055555555555554 0.0078125
0 0.9923611111111111 0.26015625 0.015277777777777777 0.021875
0 0.36319444444444443 0.16484375 0.04583333333333333 0.0234375
