0 0.9027777777777778 0.7765625 0.10833333333333334 0.0375
0 0.7402777777777778 0.7296875 0.1111111111111111 0.0421875
0 0.3993055555555556 0.64296875 0.029166666666666667 0.025
0 0.23958333333333334 0.629296875 0.0375 0.02109375
0 0.48541666666666666 0.61953125 0.0375 0.0296875
0 0.9909722222222223 0.612109375 0.015277777777777777 0.02265625
0 0.4131944444444444 0.580859375 0.08472222222222223 0.05546875
0 0.22013888888888888 0.568359375 0.029166666666666667 0.03359375
0 0.4791666666666667 0.558984375 0.08055555555555556 0.06015625
0 0.58125 0.52265625 0.07916666666666666 0.0375
0 0.19166666666666668 0.5140625 0.06111111111111111 0.021875
0 0.2763888888888889 0.508203125 0.058333333333333334 0.02265625
0 0.3861111111111111 0.50703125 0.06944444444444445 0.040625
0 0.6625 0.491796875 0.07777777777777778 0.03515625
0 0.5965277777777778 0.47421875 0.043055555555555555 0.0421875
0 0.19791666666666666 0.456640625 0.059722222222222225 0.03203125
0 0.02638888888888889 0.395703125 0.05277777777777778 0.05078125
0 0.49722222222222223 0.371484375 0.041666666666666664 0.02109375
0 0.30972222222222223 0.22734375 0.044444444444444446 0.021875
0 0.7604166666666666 0.226953125 0.05416666666666667 0.03359375
0 0.3909722222222222 0.215625 0.03194444444444444 0.0328125
0 0.6944444444444444 0.208203125 0.05555555555555555 0.03046875
0 0.28402777777777777 0.196875 0.04861111111111111 0.0375
0 0.225 0.189453125 0.06666666666666667 0.03359375
0 0.3625 0.16796875 0.027777777777777776 0.0265625
0 0.30972222222222223 0.11484375 0.025 0.01875
0 0.48055555555555557 0.11015625 0.15555555555555556 0.0515625
0 0.3548611111111111 0.060546875 0.06805555555555555 0.03671875
0 0.4840277777777778 0.04921875 0.12916666666666668 0.046875
