0 0.1326388888888889 0.9828125 0.04027777777777778 0.0234375
0 0.7944444444444444 0.977734375 0.06388888888888888 0.03828125
0 0.13472222222222222 0.9359375 0.03888888888888889 0.028125
0 0.7472222222222222 0.914453125 0.058333333333333334 0.03671875
0 0.05555555555555555 0.905859375 0.04722222222222222 0.02109375
0 0.04861111111111111 0.882421875 0.03611111111111111 0.02890625
0 0.1284722222222222 0.833203125 0.018055555555555554 0.01484375
0 0.044444444444444446 0.829296875 0.03888888888888889 0.02734375
0 0.4013888888888889 0.82265625 0.05555555555555555 0.028125
0 0.15416666666666667 0.799609375 0.03333333333333333 0.02109375
0 0.6388888888888888 0.784375 0.12222222222222222 0.0546875
0 0.015277777777777777 0.765234375 0.030555555555555555 0.02578125
0 0.48819444444444443 0.74375 0.05694444444444444 0.0453125
0 0.65 0.7140625 0.03611111111111111 0.0109375
0 0.01597222222222222 0.712109375 0.029166666666666667 0.02578125
0 0.7354166666666667 0.69296875 0.020833333333333332 0.0171875
0 0.5375 0.697265625 0.05555555555555555 0.03046875
0 0.6791666666666667 0.68984375 0.041666666666666664 0.0234375
0 0.5027777777777778 0.63984375 0.016666666666666666 0.015625
0 0.2951388888888889 0.63984375 0.05694444444444444 0.01875
0 0.725 0.646875 0.09722222222222222 0.0453125
0 0.4354166666666667 0.6390625 0.09305555555555556 0.03125
0 0.6041666666666666 0.62890625 0.07777777777777778 0.0578125
0 0.47638888888888886 0.609765625 0.016666666666666666 0.02265625
0 0.34791666666666665 0.60625 0.04027777777777778 0.015625
0 0.4305555555555556 0.603515625 0.03611111111111111 0.02734375
0 0.39305555555555555 0.56796875 0.07777777777777778 0.0421875
0 0.6173611111111111 0.552734375 0.09305555555555556 0.02890625
0 0.7576388888888889 0.44296875 0.09305555555555556 0.0375
0 0.6083333333333333 0.41796875 0.05555555555555555 0.025
0 0.5048611111111111 0.3984375 0.059722222222222225 0.028125
0 0.5493055555555556 0.373046875 0.0375 0.03203125
0 0.45694444444444443 0.3640625 0.058333333333333334 0.025
0 0.6944444444444444 0.3390625 0.05 0.0265625
0 0.5361111111111111 0.3375 0.05277777777777778 0.0359375
0 0.5138888888888888 0.30546875 0.05277777777777778 0.028125
0 0.6520833333333333 0.270703125 0.04861111111111111 0.03515625
0 0.6833333333333333 0.25546875 0.10555555555555556 0.0578125
