0 0.5590277777777778 0.9265625 0.018055555555555554 0.021875
0 0.40625 0.92734375 0.09305555555555556 0.0515625
0 0.7902777777777777 0.893359375 0.09166666666666666 0.03203125
0 0.018055555555555554 0.848828125 0.03333333333333333 0.02578125
0 0.5208333333333334 0.837890625 0.04722222222222222 0.01953125
0 0.45069444444444445 0.82734375 0.04583333333333333 0.015625
0 0.37083333333333335 0.7828125 0.016666666666666666 0.0140625
0 0.35833333333333334 0.7640625 0.027777777777777776 0.0203125
0 0.23958333333333334 0.7640625 0.0375 0.025
0 0.04513888888888889 0.741796875 0.05694444444444444 0.02578125
0 0.5791666666666667 0.726171875 0.030555555555555555 0.02734375
0 0.37083333333333335 0.73125 0.10555555555555556 0.040625
0 0.19375 0.7046875 0.059722222222222225 0.0359375
0 0.43680555555555556 0.67265625 0.0375 0.03125
0 0.5805555555555556 0.666796875 0.03333333333333333 0.02578125
0 0.31180555555555556 0.633203125 0.07916666666666666 0.04765625
0 0.38263888888888886 0.609765625 0.043055555555555555 0.03203125
0 0.32916666666666666 0.5796875 0.03611111111111111 0.025
0 0.5298611111111111 0.55859375 0.04027777777777778 0.015625
0 0.5840277777777778 0.544921875 0.043055555555555555 0.01796875
0 0.4270833333333333 0.539453125 0.059722222222222225 0.03203125
0 0.20069444444444445 0.440625 0.04583333333333333 0.03125
0 0.2423611111111111 0.4359375 0.03194444444444444 0.028125
0 0.44375 0.39296875 0.04861111111111111 0.021875
0 0.17777777777777778 0.32734375 0.058333333333333334 0.0328125
0 0.3486111111111111 0.271875 0.058333333333333334 0.0265625
0 0.2916666666666667 0.269140625 0.04722222222222222 0.02421875
0 0.2965277777777778 0.238671875 0.04861111111111111 0.02578125
