0 0.9194444444444444 0.58046875 0.03333333333333333 0.015625
0 0.8909722222222223 0.566015625 0.02361111111111111 0.01328125
0 0.8868055555555555 0.50703125 0.020833333333333332 0.0125
0 0.09861111111111111 0.43984375 0.08333333333333333 0.0328125
0 0.8486111111111111 0.380859375 0.06388888888888888 0.02578125
0 0.4152777777777778 0.140234375 0.04722222222222222 0.02890625
0 0.47708333333333336 0.122265625 0.0375 0.03671875
0 0.6388888888888888 0.062109375 0.03888888888888889 0.02109375
0 0.48541666666666666 0.03984375 0.05416666666666667 0.0328125
0 0.6618055555555555 0.026171875 0.07916666666666666 0.02734375
0 0.6013888888888889 0.02421875 0.03611111111111111 0.0265625
