0 0.29444444444444445 0.739453125 0.05277777777777778 0.02421875
0 0.14930555555555555 0.719140625 0.059722222222222225 0.02734375
0 0.9909722222222223 0.696875 0.018055555555555554 0.0125
0 0.99375 0.680859375 0.0125 0.01796875
0 0.7527777777777778 0.67265625 0.03888888888888889 0.015625
0 0.6027777777777777 0.603125 0.058333333333333334 0.025
0 0.5756944444444444 0.58515625 0.05694444444444444 0.0234375
0 0.6347222222222222 0.5734375 0.03611111111111111 0.01875
0 0.2986111111111111 0.55390625 0.044444444444444446 0.025
0 0.2048611111111111 0.465234375 0.018055555555555554 0.01171875
0 0.24791666666666667 0.458984375 0.0375 0.02109375
