0 0.40347222222222223 0.6828125 0.03194444444444444 0.0171875
0 0.7666666666666667 0.68203125 0.04722222222222222 0.0296875
0 0.4 0.66015625 0.08888888888888889 0.0296875
0 0.6055555555555555 0.626953125 0.030555555555555555 0.02109375
0 0.6375 0.62578125 0.025 0.021875
0 0.25763888888888886 0.590625 0.018055555555555554 0.0140625
0 0.03680555555555556 0.590234375 0.034722222222222224 0.01640625
0 0.08888888888888889 0.5859375 0.022222222222222223 0.009375
0 0.42083333333333334 0.5671875 0.027777777777777776 0.015625
0 0.21458333333333332 0.565234375 0.04027777777777778 0.01640625
0 0.19166666666666668 0.551171875 0.06944444444444445 0.03359375
0 0.4513888888888889 0.530859375 0.016666666666666666 0.01640625
0 0.2826388888888889 0.528125 0.043055555555555555 0.025
0 0.6159722222222223 0.491015625 0.0375 0.01796875
0 0.5520833333333334 0.46484375 0.043055555555555555 0.0203125
0 0.5590277777777778 0.440625 0.0375 0.01875
0 0.5166666666666667 0.4265625 0.027777777777777776 0.015625
0 0.6270833333333333 0.369921875 0.059722222222222225 0.02578125
0 0.5229166666666667 0.358203125 0.03194444444444444 0.01640625
0 0.5590277777777778 0.362109375 0.03194444444444444 0.02734375
