0 0.8506944444444444 0.868359375 0.06527777777777778 0.03046875
0 0.2763888888888889 0.85546875 0.06388888888888888 0.025
0 0.22777777777777777 0.842578125 0.058333333333333334 0.01796875
0 0.7729166666666667 0.834375 0.059722222222222225 0.028125
0 0.50625 0.826953125 0.029166666666666667 0.03203125
0 0.3451388888888889 0.81640625 0.02638888888888889 0.028125
0 0.2861111111111111 0.815234375 0.041666666666666664 0.02734375
0 0.12916666666666668 0.7890625 0.09722222222222222 0.0546875
0 0.5402777777777777 0.716015625 0.030555555555555555 0.03671875
0 0.6631944444444444 0.6421875 0.04583333333333333 0.025
0 0.6333333333333333 0.61640625 0.05277777777777778 0.021875
0 0.5909722222222222 0.587890625 0.03194444444444444 0.02421875
0 0.38055555555555554 0.58515625 0.06388888888888888 0.0484375
0 0.21597222222222223 0.56484375 0.04861111111111111 0.021875
0 0.6326388888888889 0.56015625 0.04861111111111111 0.0296875
0 0.4361111111111111 0.539453125 0.10833333333333334 0.03203125
0 0.5395833333333333 0.52890625 0.059722222222222225 0.0234375
0 0.42291666666666666 0.45546875 0.02638888888888889 0.0171875
0 0.42430555555555555 0.43359375 0.059722222222222225 0.028125
0 0.2861111111111111 0.41953125 0.05555555555555555 0.0296875
0 0.33055555555555555 0.411328125 0.05277777777777778 0.02890625
0 0.5263888888888889 0.37890625 0.030555555555555555 0.0125
0 0.5826388888888889 0.378125 0.05694444444444444 0.028125
0 0.23125 0.366015625 0.043055555555555555 0.01328125
0 0.41805555555555557 0.356640625 0.027777777777777776 0.01328125
0 0.6590277777777778 0.35859375 0.05416666666666667 0.0328125
0 0.33958333333333335 0.361328125 0.10972222222222222 0.06953125
0 0.4479166666666667 0.306640625 0.034722222222222224 0.03515625
0 0.4979166666666667 0.294921875 0.02361111111111111 0.03046875
0 0.5868055555555556 0.274609375 0.029166666666666667 0.01328125
0 0.5340277777777778 0.28046875 0.043055555555555555 0.03125
0 0.5875 0.250390625 0.05277777777777778 0.02578125
0 0.5506944444444445 0.23515625 0.034722222222222224 0.0109375
0 0.4576388888888889 0.2390625 0.05416666666666667 0.0296875
0 0.5375 0.2109375 0.05277777777777778 0.0328125
0 0.3611111111111111 0.171875 0.03611111111111111 0.021875
0 0.5013888888888889 0.109375 0.06944444444444445 0.059375
