0 0.1951388888888889 0.515234375 0.05416666666666667 0.03828125
0 0.12638888888888888 0.47109375 0.027777777777777776 0.021875
0 0.5041666666666667 0.463671875 0.030555555555555555 0.01328125
0 0.21388888888888888 0.4625 0.03333333333333333 0.040625
0 0.6590277777777778 0.440234375 0.0375 0.01640625
0 0.09375 0.418359375 0.02638888888888889 0.01484375
0 0.3055555555555556 0.398828125 0.030555555555555555 0.01328125
0 0.6548611111111111 0.377734375 0.020833333333333332 0.01640625
0 0.3215277777777778 0.375 0.02361111111111111 0.0140625
0 0.05694444444444444 0.35078125 0.022222222222222223 0.0125
0 0.5465277777777777 0.35 0.020833333333333332 0.015625
0 0.4361111111111111 0.34609375 0.027777777777777776 0.01875
0 0.38263888888888886 0.329296875 0.06527777777777778 0.03359375
0 0.4444444444444444 0.3203125 0.04722222222222222 0.021875
0 0.2875 0.315625 0.025 0.015625
0 0.03333333333333333 0.316015625 0.05555555555555555 0.03359375
0 0.3451388888888889 0.30546875 0.02638888888888889 0.015625
0 0.3701388888888889 0.294921875 0.034722222222222224 0.01640625
0 0.4263888888888889 0.279296875 0.03333333333333333 0.01640625
0 0.13194444444444445 0.260546875 0.06111111111111111 0.03515625
0 0.28194444444444444 0.24375 0.016666666666666666 0.0125
0 0.33402777777777776 0.208984375 0.029166666666666667 0.01640625
0 0.21875 0.187890625 0.04027777777777778 0.02265625
0 0.09861111111111111 0.16328125 0.03333333333333333 0.01875
0 0.07569444444444444 0.155078125 0.02638888888888889 0.01171875
