0 0.07430555555555556 0.66484375 0.02361111111111111 0.015625
0 0.2326388888888889 0.661328125 0.04861111111111111 0.02578125
0 0.3138888888888889 0.623828125 0.013888888888888888 0.01328125
0 0.12916666666666668 0.62421875 0.030555555555555555 0.015625
0 0.4236111111111111 0.621484375 0.016666666666666666 0.01484375
0 0.2798611111111111 0.617578125 0.03194444444444444 0.01484375
0 0.1840277777777778 0.61171875 0.05138888888888889 0.0265625
0 0.014583333333333334 0.599609375 0.02361111111111111 0.01640625
0 0.08125 0.594921875 0.020833333333333332 0.01171875
0 0.3 0.591796875 0.022222222222222223 0.01953125
0 0.19236111111111112 0.583984375 0.0375 0.02265625
0 0.3173611111111111 0.576953125 0.020833333333333332 0.01171875
0 0.7319444444444444 0.5671875 0.030555555555555555 0.0171875
0 0.020833333333333332 0.569921875 0.03888888888888889 0.02421875
0 0.39652777777777776 0.56171875 0.03194444444444444 0.0171875
0 0.09166666666666666 0.564453125 0.04722222222222222 0.02734375
0 0.006944444444444444 0.5453125 0.013888888888888888 0.015625
0 0.26805555555555555 0.54609375 0.05 0.028125
0 0.7145833333333333 0.531640625 0.02638888888888889 0.01640625
0 0.15486111111111112 0.53671875 0.04861111111111111 0.0265625
0 0.8381944444444445 0.527734375 0.029166666666666667 0.01640625
0 0.9895833333333334 0.52890625 0.018055555555555554 0.0203125
0 0.32916666666666666 0.5203125 0.03888888888888889 0.021875
0 0.9625 0.51640625 0.03333333333333333 0.0171875
0 0.5770833333333333 0.5125 0.02638888888888889 0.0171875
0 0.19375 0.510546875 0.043055555555555555 0.01328125
0 0.5145833333333333 0.513671875 0.03194444444444444 0.02421875
0 0.48194444444444445 0.506640625 0.030555555555555555 0.01484375
0 0.625 0.50546875 0.05555555555555555 0.021875
0 0.28402777777777777 0.496484375 0.02638888888888889 0.01015625
0 0.7291666666666666 0.498828125 0.06111111111111111 0.01953125
0 0.9895833333333334 0.502734375 0.018055555555555554 0.03359375
0 0.8013888888888889 0.483984375 0.03611111111111111 0.01328125
0 0.3972222222222222 0.483984375 0.04722222222222222 0.02578125
0 0.31875 0.474609375 0.018055555555555554 0.01484375
0 0.2701388888888889 0.480078125 0.04583333333333333 0.02578125
0 0.20625 0.473828125 0.0375 0.02265625
0 0.9291666666666667 0.4640625 0.044444444444444446 0.01875
0 0.35347222222222224 0.452734375 0.029166666666666667 0.02265625
0 0.63125 0.434765625 0.020833333333333332 0.00859375
0 0.5618055555555556 0.441796875 0.0375 0.02265625
0 0.24722222222222223 0.42109375 0.030555555555555555 0.015625
0 0.1701388888888889 0.41953125 0.020833333333333332 0.0125
0 0.09652777777777778 0.415625 0.02361111111111111 0.0125
0 0.41875 0.4109375 0.0125 0.0078125
0 0.9493055555555555 0.408203125 0.03194444444444444 0.01328125
0 0.3 0.408984375 0.025 0.01484375
0 0.9090277777777778 0.416796875 0.059722222222222225 0.04453125
0 0.8152777777777778 0.396875 0.03888888888888889 0.0171875
0 0.3506944444444444 0.39296875 0.029166666666666667 0.0125
0 0.9875 0.400390625 0.022222222222222223 0.03046875
0 0.5909722222222222 0.38671875 0.04583333333333333 0.0140625
0 0.9701388888888889 0.386328125 0.029166666666666667 0.02578125
0 0.05625 0.37578125 0.029166666666666667 0.015625
0 0.1798611111111111 0.371484375 0.015277777777777777 0.01015625
0 0.15902777777777777 0.36171875 0.02361111111111111 0.0109375
0 0.11944444444444445 0.356640625 0.019444444444444445 0.01015625
0 0.4888888888888889 0.346484375 0.019444444444444445 0.01171875
0 0.5708333333333333 0.3296875 0.058333333333333334 0.015625
0 0.84375 0.327734375 0.04027777777777778 0.02734375
0 0.7347222222222223 0.332421875 0.06111111111111111 0.03984375
0 0.4736111111111111 0.31796875 0.025 0.0109375
0 0.5430555555555555 0.31796875 0.025 0.0140625
0 0.025694444444444443 0.3171875 0.034722222222222224 0.0171875
0 0.96875 0.309375 0.043055555555555555 0.0125
0 0.45555555555555555 0.309375 0.019444444444444445 0.0140625
0 0.059027777777777776 0.31015625 0.03194444444444444 0.0171875
0 0.5479166666666667 0.302734375 0.02638888888888889 0.01484375
0 0.38055555555555554 0.299609375 0.011111111111111112 0.01171875
0 0.8451388888888889 0.297265625 0.02638888888888889 0.01484375
0 0.9152777777777777 0.287890625 0.027777777777777776 0.01171875
0 0.5840277777777778 0.2984375 0.04027777777777778 0.034375
0 0.8152777777777778 0.28359375 0.022222222222222223 0.01875
0 0.42916666666666664 0.289453125 0.058333333333333334 0.03515625
0 0.5131944444444444 0.27890625 0.02361111111111111 0.015625
0 0.4263888888888889 0.26328125 0.027777777777777776 0.0109375
0 0.5784722222222223 0.262890625 0.03194444444444444 0.01640625
0 0.007638888888888889 0.2578125 0.015277777777777777 0.01875
0 0.1451388888888889 0.25546875 0.02361111111111111 0.015625
0 0.1701388888888889 0.253515625 0.02638888888888889 0.01796875
0 0.29375 0.245703125 0.029166666666666667 0.01640625
0 0.035416666666666666 0.245703125 0.029166666666666667 0.01796875
0 0.1 0.244140625 0.03333333333333333 0.01796875
0 0.23819444444444443 0.2390625 0.02638888888888889 0.0140625
0 0.6444444444444445 0.265234375 0.09722222222222222 0.08359375
0 0.33541666666666664 0.23125 0.03194444444444444 0.015625
0 0.013194444444444444 0.23515625 0.02638888888888889 0.025
0 0.3638888888888889 0.22109375 0.019444444444444445 0.0203125
0 0.2569444444444444 0.2125 0.030555555555555555 0.0203125
0 0.3375 0.20390625 0.027777777777777776 0.015625
0 0.41388888888888886 0.202734375 0.025 0.01484375
0 0.6034722222222222 0.2140625 0.0625 0.040625
0 0.1375 0.2015625 0.016666666666666666 0.0171875
0 0.37569444444444444 0.1984375 0.03194444444444444 0.015625
0 0.027083333333333334 0.19453125 0.018055555555555554 0.0125
0 0.3076388888888889 0.203515625 0.03194444444444444 0.03515625
0 0.19305555555555556 0.195703125 0.025 0.02109375
0 0.4215277777777778 0.179296875 0.059722222222222225 0.02265625
0 0.10347222222222222 0.174609375 0.0375 0.02109375
0 0.17083333333333334 0.161328125 0.03888888888888889 0.02265625
