0 0.2798611111111111 0.69609375 0.018055555555555554 0.0203125
0 0.5277777777777778 0.678125 0.016666666666666666 0.0171875
0 0.7819444444444444 0.65625 0.027777777777777776 0.0203125
0 0.47430555555555554 0.637109375 0.029166666666666667 0.01953125
0 0.8416666666666667 0.636328125 0.03333333333333333 0.01953125
0 0.17847222222222223 0.637109375 0.043055555555555555 0.02265625
0 0.9083333333333333 0.643359375 0.044444444444444446 0.03671875
0 0.8034722222222223 0.6265625 0.02361111111111111 0.015625
0 0.35 0.626953125 0.03333333333333333 0.02734375
0 0.9902777777777778 0.612109375 0.019444444444444445 0.01953125
0 0.7444444444444445 0.602734375 0.016666666666666666 0.01953125
0 0.9736111111111111 0.6 0.027777777777777776 0.015625
0 0.9090277777777778 0.581640625 0.02361111111111111 0.01015625
0 0.8722222222222222 0.576953125 0.025 0.01484375
0 0.5847222222222223 0.567578125 0.013888888888888888 0.01015625
0 0.9006944444444445 0.565625 0.015277777777777777 0.0078125
0 0.8826388888888889 0.562890625 0.009722222222222222 0.00859375
0 0.6479166666666667 0.554296875 0.0125 0.00859375
0 0.7590277777777777 0.55078125 0.009722222222222222 0.009375
0 0.925 0.540625 0.025 0.0125
0 0.9784722222222222 0.514453125 0.015277777777777777 0.00546875
0 0.9131944444444444 0.51875 0.034722222222222224 0.015625
0 0.94375 0.51484375 0.018055555555555554 0.009375
0 0.6569444444444444 0.512109375 0.016666666666666666 0.00703125
0 0.009027777777777777 0.493359375 0.015277777777777777 0.01796875
0 0.9194444444444444 0.486328125 0.025 0.02109375
0 0.1875 0.4765625 0.03888888888888889 0.01875
0 0.3597222222222222 0.45 0.030555555555555555 0.025
0 0.3055555555555556 0.43125 0.013888888888888888 0.015625
0 0.23194444444444445 0.421484375 0.03611111111111111 0.01796875
0 0.275 0.42421875 0.030555555555555555 0.025
0 0.3263888888888889 0.417578125 0.030555555555555555 0.01953125
0 0.9430555555555555 0.3625 0.030555555555555555 0.0171875
0 0.8375 0.34609375 0.030555555555555555 0.015625
0 0.8125 0.33984375 0.025 0.0171875
0 0.84375 0.326171875 0.05138888888888889 0.01953125
0 0.9611111111111111 0.316796875 0.030555555555555555 0.01328125
0 0.7875 0.314453125 0.022222222222222223 0.01328125
0 0.1423611111111111 0.2296875 0.04027777777777778 0.0203125
