0 0.68125 0.7390625 0.0125 0.01875
0 0.8743055555555556 0.706640625 0.04861111111111111 0.02265625
0 0.20416666666666666 0.670703125 0.03333333333333333 0.01640625
0 0.24305555555555555 0.669140625 0.03611111111111111 0.01484375
0 0.6347222222222222 0.652734375 0.016666666666666666 0.01796875
0 0.10347222222222222 0.658984375 0.05416666666666667 0.03046875
0 0.06527777777777778 0.6375 0.05277777777777778 0.0203125
0 0.22708333333333333 0.595703125 0.04861111111111111 0.02109375
0 0.4722222222222222 0.54609375 0.027777777777777776 0.0203125
0 0.1840277777777778 0.5078125 0.04027777777777778 0.0234375
0 0.56875 0.49921875 0.034722222222222224 0.01875
0 0.14097222222222222 0.5015625 0.043055555555555555 0.025
0 0.4701388888888889 0.48359375 0.029166666666666667 0.0125
0 0.5298611111111111 0.462109375 0.05138888888888889 0.02890625
0 0.47152777777777777 0.449609375 0.05416666666666667 0.04921875
0 0.25069444444444444 0.43671875 0.0625 0.0296875
0 0.5493055555555556 0.414453125 0.05416666666666667 0.01796875
0 0.5027777777777778 0.399609375 0.041666666666666664 0.02109375
0 0.2923611111111111 0.399609375 0.04861111111111111 0.02421875
0 0.32569444444444445 0.375 0.04861111111111111 0.025
0 0.5305555555555556 0.355859375 0.05 0.02890625
0 0.4527777777777778 0.34921875 0.044444444444444446 0.01875
0 0.13194444444444445 0.3390625 0.03888888888888889 0.0203125
0 0.5243055555555556 0.315625 0.034722222222222224 0.025
0 0.5763888888888888 0.32109375 0.041666666666666664 0.0453125
0 0.28541666666666665 0.271875 0.034722222222222224 0.021875
0 0.5069444444444444 0.27265625 0.07777777777777778 0.0453125
0 0.35347222222222224 0.254296875 0.0763888888888889 0.03828125
0 0.3729166666666667 0.226171875 0.04027777777777778 0.01328125
0 0.5972222222222222 0.20078125 0.041666666666666664 0.0265625
0 0.3402777777777778 0.196875 0.06388888888888888 0.0296875
0 0.37430555555555556 0.173828125 0.04583333333333333 0.02421875
0 0.5076388888888889 0.15078125 0.034722222222222224 0.0265625
0 0.35208333333333336 0.15703125 0.08472222222222223 0.040625
0 0.98125 0.06484375 0.0375 0.028125
0 0.9861111111111112 0.032421875 0.027777777777777776 0.01796875
0 0.4076388888888889 0.038671875 0.05416666666666667 0.03046875
