0 0.8875 0.770703125 0.04722222222222222 0.03515625
0 0.7152777777777778 0.764453125 0.08333333333333333 0.04453125
0 0.15694444444444444 0.741796875 0.05555555555555555 0.02578125
0 0.9881944444444445 0.719921875 0.02361111111111111 0.01953125
0 0.9652777777777778 0.716796875 0.05 0.01796875
0 0.29305555555555557 0.705078125 0.05 0.02890625
0 0.8527777777777777 0.6828125 0.041666666666666664 0.015625
0 0.7770833333333333 0.658984375 0.09861111111111111 0.02578125
0 0.6895833333333333 0.64375 0.06527777777777778 0.046875
0 0.49027777777777776 0.623046875 0.03611111111111111 0.01484375
0 0.5576388888888889 0.621484375 0.04583333333333333 0.01796875
0 0.7423611111111111 0.6109375 0.0375 0.0234375
0 0.3458333333333333 0.59140625 0.05277777777777778 0.028125
0 0.6729166666666667 0.582421875 0.0875 0.04765625
0 0.48819444444444443 0.561328125 0.06527777777777778 0.03359375
0 0.7229166666666667 0.546484375 0.034722222222222224 0.01171875
0 0.41875 0.537109375 0.02361111111111111 0.01328125
0 0.8125 0.527734375 0.04722222222222222 0.03203125
0 0.8784722222222222 0.52265625 0.043055555555555555 0.025
0 0.5798611111111112 0.520703125 0.04027777777777778 0.02578125
0 0.5472222222222223 0.501953125 0.05555555555555555 0.02890625
0 0.5027777777777778 0.4828125 0.05555555555555555 0.0234375
0 0.7097222222222223 0.48046875 0.08888888888888889 0.05
0 0.4236111111111111 0.465625 0.05277777777777778 0.03125
0 0.4638888888888889 0.44296875 0.03611111111111111 0.021875
0 0.5222222222222223 0.446875 0.08333333333333333 0.0390625
0 0.5305555555555556 0.404296875 0.019444444444444445 0.00859375
0 0.5006944444444444 0.40390625 0.02638888888888889 0.015625
0 0.7645833333333333 0.401171875 0.059722222222222225 0.03359375
0 0.6777777777777778 0.307421875 0.016666666666666666 0.01015625
0 0.4 0.292578125 0.08611111111111111 0.03828125
0 0.6791666666666667 0.2546875 0.022222222222222223 0.0203125
0 0.4263888888888889 0.2546875 0.041666666666666664 0.0328125
0 0.6326388888888889 0.24296875 0.03194444444444444 0.0203125
0 0.6076388888888888 0.21640625 0.015277777777777777 0.0125
0 0.4875 0.167578125 0.058333333333333334 0.03515625
0 0.6506944444444445 0.152734375 0.02361111111111111 0.01484375
0 0.4534722222222222 0.1484375 0.034722222222222224 0.0109375
0 0.6243055555555556 0.115625 0.05416666666666667 0.0265625
0 0.5361111111111111 0.108203125 0.06111111111111111 0.03046875
0 0.46944444444444444 0.084375 0.044444444444444446 0.0234375
0 0.5340277777777778 0.075 0.05416666666666667 0.03125
