0 0.42083333333333334 0.541796875 0.05555555555555555 0.03984375
0 0.18125 0.505859375 0.02361111111111111 0.01640625
0 0.4305555555555556 0.496484375 0.025 0.01796875
0 0.3659722222222222 0.4921875 0.02638888888888889 0.0140625
0 0.7395833333333334 0.479296875 0.034722222222222224 0.01796875
0 0.4340277777777778 0.482421875 0.0625 0.03203125
0 0.6708333333333333 0.4671875 0.03611111111111111 0.015625
0 0.30416666666666664 0.443359375 0.027777777777777776 0.01328125
0 0.27569444444444446 0.436328125 0.018055555555555554 0.01484375
0 0.24583333333333332 0.4375 0.030555555555555555 0.0171875
0 0.7451388888888889 0.423046875 0.029166666666666667 0.01953125
0 0.5493055555555556 0.41796875 0.020833333333333332 0.009375
0 0.10625 0.383203125 0.02638888888888889 0.01015625
0 0.7625 0.382421875 0.03888888888888889 0.01796875
0 0.24166666666666667 0.3703125 0.025 0.0140625
0 0.7861111111111111 0.358203125 0.03333333333333333 0.01796875
0 0.6659722222222222 0.3578125 0.04027777777777778 0.0234375
0 0.5986111111111111 0.35078125 0.022222222222222223 0.0171875
0 0.1909722222222222 0.341015625 0.04027777777777778 0.01484375
0 0.014583333333333334 0.3375 0.02638888888888889 0.015625
0 0.6340277777777777 0.33125 0.03194444444444444 0.015625
0 0.4909722222222222 0.330078125 0.0125 0.01328125
0 0.5715277777777777 0.330078125 0.029166666666666667 0.01484375
0 0.6819444444444445 0.329296875 0.03333333333333333 0.02421875
0 0.24513888888888888 0.324609375 0.034722222222222224 0.02265625
0 0.09027777777777778 0.321484375 0.030555555555555555 0.01796875
0 0.5465277777777777 0.31640625 0.04027777777777778 0.025
0 0.011111111111111112 0.311328125 0.022222222222222223 0.01796875
0 0.5965277777777778 0.3046875 0.0375 0.0171875
0 0.32916666666666666 0.28125 0.022222222222222223 0.015625
0 0.3625 0.2828125 0.03888888888888889 0.0203125
0 0.33541666666666664 0.26484375 0.034722222222222224 0.025
0 0.45555555555555555 0.258984375 0.025 0.01953125
0 0.5604166666666667 0.211328125 0.03194444444444444 0.01796875
0 0.4284722222222222 0.1953125 0.0375 0.025
0 0.3284722222222222 0.169140625 0.029166666666666667 0.01953125
