0 0.8888888888888888 0.625 0.04722222222222222 0.0390625
0 0.9611111111111111 0.626171875 0.07777777777777778 0.05703125
0 0.9826388888888888 0.558203125 0.034722222222222224 0.04140625
0 0.6159722222222223 0.348046875 0.04583333333333333 0.03671875
0 0.8736111111111111 0.335546875 0.07222222222222222 0.02890625
0 0.9145833333333333 0.308984375 0.029166666666666667 0.01484375
0 0.29583333333333334 0.30859375 0.016666666666666666 0.015625
0 0.8715277777777778 0.30625 0.02638888888888889 0.015625
0 0.9444444444444444 0.2859375 0.04722222222222222 0.021875
0 0.8993055555555556 0.284765625 0.034722222222222224 0.02265625
0 0.8826388888888889 0.2078125 0.06805555555555555 0.0296875
