0 0.68125 0.977734375 0.018055555555555554 0.01484375
0 0.6284722222222222 0.979296875 0.043055555555555555 0.02421875
0 0.030555555555555555 0.96171875 0.041666666666666664 0.0296875
0 0.9618055555555556 0.937890625 0.043055555555555555 0.03359375
0 0.9048611111111111 0.93046875 0.06805555555555555 0.0359375
0 0.21944444444444444 0.912890625 0.06388888888888888 0.02734375
0 0.04791666666666667 0.909375 0.06527777777777778 0.0328125
0 0.9256944444444445 0.90703125 0.05416666666666667 0.0328125
0 0.8152777777777778 0.90234375 0.08055555555555556 0.040625
0 0.6743055555555556 0.886328125 0.05416666666666667 0.02109375
0 0.3611111111111111 0.851953125 0.044444444444444446 0.02890625
0 0.7951388888888888 0.840625 0.04861111111111111 0.025
0 0.13194444444444445 0.83046875 0.04722222222222222 0.015625
0 0.9458333333333333 0.8390625 0.07222222222222222 0.040625
0 0.8652777777777778 0.78984375 0.07222222222222222 0.0375
0 0.3111111111111111 0.784765625 0.044444444444444446 0.03046875
0 0.1597222222222222 0.7671875 0.03888888888888889 0.0203125
0 0.43680555555555556 0.751171875 0.04861111111111111 0.02109375
0 0.86875 0.75703125 0.0625 0.0390625
0 0.7708333333333334 0.748046875 0.05277777777777778 0.02265625
0 0.6416666666666667 0.75234375 0.058333333333333334 0.0328125
0 0.02638888888888889 0.741015625 0.03611111111111111 0.02421875
0 0.9826388888888888 0.73515625 0.034722222222222224 0.0265625
0 0.9354166666666667 0.737109375 0.03194444444444444 0.03046875
0 0.71875 0.723828125 0.06527777777777778 0.03984375
0 0.8631944444444445 0.72265625 0.10694444444444444 0.040625
0 0.9604166666666667 0.716015625 0.04861111111111111 0.03515625
0 0.5326388888888889 0.7046875 0.04861111111111111 0.025
0 0.9881944444444445 0.69921875 0.02361111111111111 0.028125
0 0.5090277777777777 0.66328125 0.04583333333333333 0.0234375
0 0.6416666666666667 0.657421875 0.07222222222222222 0.03828125
0 0.03263888888888889 0.64453125 0.04027777777777778 0.0171875
0 0.6930555555555555 0.64296875 0.019444444444444445 0.0171875
0 0.8006944444444445 0.611328125 0.02361111111111111 0.01640625
0 0.44166666666666665 0.608984375 0.03611111111111111 0.01953125
0 0.32222222222222224 0.605078125 0.041666666666666664 0.02109375
0 0.01875 0.60859375 0.0375 0.0375
0 0.09097222222222222 0.60078125 0.04861111111111111 0.0265625
0 0.6743055555555556 0.601953125 0.10138888888888889 0.04453125
0 0.46111111111111114 0.579296875 0.03888888888888889 0.02421875
0 0.2833333333333333 0.578125 0.03611111111111111 0.0265625
0 0.8138888888888889 0.5625 0.07222222222222222 0.03125
0 0.2875 0.545703125 0.041666666666666664 0.03359375
0 0.7277777777777777 0.5375 0.05 0.0203125
0 0.5423611111111111 0.54296875 0.05694444444444444 0.03125
0 0.64375 0.532421875 0.02638888888888889 0.01484375
0 0.7833333333333333 0.528125 0.022222222222222223 0.0140625
0 0.31666666666666665 0.513671875 0.030555555555555555 0.01953125
0 0.018055555555555554 0.501953125 0.03333333333333333 0.02578125
0 0.09236111111111112 0.506640625 0.09583333333333334 0.03828125
0 0.15625 0.4921875 0.04583333333333333 0.025
0 0.44583333333333336 0.46796875 0.027777777777777776 0.0140625
0 0.5152777777777777 0.480078125 0.06388888888888888 0.03984375
0 0.775 0.46953125 0.06666666666666667 0.0328125
0 0.6284722222222222 0.444140625 0.12638888888888888 0.05234375
0 0.7152777777777778 0.42578125 0.05555555555555555 0.025
0 0.8583333333333333 0.409375 0.06388888888888888 0.0296875
0 0.98125 0.40703125 0.034722222222222224 0.028125
0 0.18125 0.40078125 0.05138888888888889 0.0234375
0 0.5138888888888888 0.402734375 0.041666666666666664 0.03515625
0 0.6993055555555555 0.39296875 0.04861111111111111 0.0265625
0 0.03263888888888889 0.394140625 0.04861111111111111 0.03203125
0 0.49583333333333335 0.374609375 0.016666666666666666 0.01484375
0 0.3506944444444444 0.3765625 0.04861111111111111 0.028125
0 0.015277777777777777 0.369921875 0.030555555555555555 0.02734375
0 0.30694444444444446 0.354296875 0.1111111111111111 0.04765625
0 0.6090277777777777 0.373828125 0.14027777777777778 0.08828125
0 0.010416666666666666 0.3203125 0.020833333333333332 0.0125
0 0.5416666666666666 0.315625 0.041666666666666664 0.01875
0 0.6083333333333333 0.300390625 0.025 0.01640625
0 0.6416666666666667 0.291796875 0.044444444444444446 0.03046875
0 0.5743055555555555 0.288671875 0.034722222222222224 0.02890625
0 0.6138888888888889 0.266015625 0.041666666666666664 0.01484375
0 0.6715277777777777 0.2625 0.043055555555555555 0.0296875
0 0.6256944444444444 0.221484375 0.07083333333333333 0.03828125
0 0.6277777777777778 0.16796875 0.05 0.034375
0 0.5076388888888889 0.147265625 0.04583333333333333 0.02578125
0 0.5173611111111112 0.1140625 0.018055555555555554 0.01875
0 0.5652777777777778 0.10859375 0.04722222222222222 0.0328125
0 0.3423611111111111 0.094140625 0.06527777777777778 0.03046875
