0 0.6465277777777778 0.977734375 0.059722222222222225 0.03828125
0 0.8402777777777778 0.971484375 0.058333333333333334 0.02734375
0 0.21666666666666667 0.957421875 0.07777777777777778 0.04609375
0 0.6472222222222223 0.940625 0.058333333333333334 0.034375
0 0.33055555555555555 0.873828125 0.05 0.02578125
0 0.8381944444444445 0.873828125 0.059722222222222225 0.02734375
0 0.9131944444444444 0.86796875 0.03194444444444444 0.0234375
0 0.7875 0.8671875 0.044444444444444446 0.0296875
0 0.4388888888888889 0.85390625 0.03333333333333333 0.0203125
0 0.6402777777777777 0.835546875 0.05 0.02265625
0 0.7506944444444444 0.8203125 0.020833333333333332 0.0171875
0 0.7888888888888889 0.825390625 0.05277777777777778 0.03046875
0 0.21597222222222223 0.80546875 0.04861111111111111 0.0265625
0 0.2625 0.786328125 0.05555555555555555 0.03046875
0 0.44375 0.76875 0.05694444444444444 0.0359375
0 0.32708333333333334 0.725390625 0.09027777777777778 0.06484375
0 0.5868055555555556 0.67890625 0.05416666666666667 0.0421875
0 0.7472222222222222 0.66015625 0.030555555555555555 0.015625
0 0.68125 0.6546875 0.05138888888888889 0.0265625
0 0.41944444444444445 0.647265625 0.027777777777777776 0.02109375
0 0.2847222222222222 0.64140625 0.06388888888888888 0.0421875
0 0.75625 0.626953125 0.04583333333333333 0.02109375
0 0.8229166666666666 0.619921875 0.04583333333333333 0.02421875
0 0.3784722222222222 0.604296875 0.0375 0.02890625
0 0.7430555555555556 0.599609375 0.05277777777777778 0.02890625
0 0.39305555555555555 0.55625 0.027777777777777776 0.015625
0 0.6083333333333333 0.562109375 0.05277777777777778 0.03359375
0 0.5145833333333333 0.548828125 0.04027777777777778 0.01953125
0 0.6986111111111111 0.529296875 0.022222222222222223 0.01796875
0 0.55625 0.519140625 0.02361111111111111 0.00859375
0 0.425 0.519921875 0.05 0.02421875
0 0.5923611111111111 0.49453125 0.05138888888888889 0.025
0 0.50625 0.40234375 0.03194444444444444 0.0171875
0 0.45625 0.3921875 0.05138888888888889 0.025
0 0.36319444444444443 0.39375 0.05416666666666667 0.028125
0 0.3972222222222222 0.351953125 0.07777777777777778 0.03203125
0 0.4888888888888889 0.3109375 0.030555555555555555 0.0234375
0 0.4548611111111111 0.28203125 0.03194444444444444 0.0203125
0 0.42291666666666666 0.22578125 0.03194444444444444 0.0203125
