0 0.6916666666666667 0.742578125 0.03611111111111111 0.01171875
0 0.6819444444444445 0.72578125 0.025 0.01875
0 0.7423611111111111 0.712890625 0.029166666666666667 0.01796875
0 0.8708333333333333 0.661328125 0.019444444444444445 0.00703125
0 0.60625 0.644921875 0.018055555555555554 0.01484375
0 0.80625 0.625 0.043055555555555555 0.021875
0 0.5118055555555555 0.62109375 0.015277777777777777 0.015625
0 0.9951388888888889 0.6078125 0.009722222222222222 0.015625
0 0.15 0.60546875 0.019444444444444445 0.0140625
0 0.5013888888888889 0.60390625 0.030555555555555555 0.015625
0 0.6270833333333333 0.5984375 0.02361111111111111 0.015625
0 0.94375 0.583984375 0.03194444444444444 0.01796875
0 0.6472222222222223 0.576171875 0.044444444444444446 0.01953125
0 0.19027777777777777 0.547265625 0.030555555555555555 0.01640625
0 0.7375 0.548046875 0.041666666666666664 0.02734375
0 0.6256944444444444 0.5453125 0.04027777777777778 0.0234375
0 0.07291666666666667 0.5328125 0.02638888888888889 0.0140625
0 0.9131944444444444 0.533203125 0.02361111111111111 0.01953125
0 0.3 0.534765625 0.03888888888888889 0.02265625
0 0.7180555555555556 0.53359375 0.03611111111111111 0.021875
0 0.14791666666666667 0.527734375 0.03194444444444444 0.01796875
0 0.11527777777777778 0.518359375 0.030555555555555555 0.01796875
0 0.4965277777777778 0.519921875 0.04583333333333333 0.02734375
0 0.04722222222222222 0.515625 0.04722222222222222 0.0234375
0 0.5736111111111111 0.514453125 0.05 0.02578125
0 0.7513888888888889 0.51015625 0.044444444444444446 0.0234375
0 0.4479166666666667 0.500390625 0.029166666666666667 0.01796875
0 0.38680555555555557 0.501171875 0.04583333333333333 0.02421875
0 0.013888888888888888 0.495703125 0.027777777777777776 0.02890625
0 0.6590277777777778 0.455859375 0.029166666666666667 0.01171875
0 0.21388888888888888 0.46171875 0.07777777777777778 0.0296875
0 0.7513888888888889 0.455078125 0.030555555555555555 0.01953125
0 0.28125 0.445703125 0.043055555555555555 0.02890625
0 0.14930555555555555 0.438671875 0.034722222222222224 0.02265625
0 0.5701388888888889 0.43515625 0.03194444444444444 0.0171875
0 0.44305555555555554 0.43125 0.05555555555555555 0.03125
0 0.06805555555555555 0.427734375 0.041666666666666664 0.02421875
0 0.6416666666666667 0.42109375 0.027777777777777776 0.0140625
0 0.10902777777777778 0.408984375 0.029166666666666667 0.02109375
0 0.018055555555555554 0.40859375 0.03333333333333333 0.028125
0 0.31527777777777777 0.40625 0.03333333333333333 0.0296875
0 0.20208333333333334 0.404296875 0.05694444444444444 0.03046875
0 0.3902777777777778 0.402734375 0.07222222222222222 0.03203125
0 0.1798611111111111 0.382421875 0.03194444444444444 0.01640625
0 0.24305555555555555 0.37265625 0.027777777777777776 0.01875
0 0.8909722222222223 0.362109375 0.034722222222222224 0.01640625
0 0.04513888888888889 0.360546875 0.02361111111111111 0.01796875
0 0.9423611111111111 0.348046875 0.034722222222222224 0.01796875
0 0.15486111111111112 0.34609375 0.03194444444444444 0.01875
0 0.8666666666666667 0.334375 0.044444444444444446 0.0296875
0 0.08263888888888889 0.3234375 0.02361111111111111 0.0078125
0 0.5826388888888889 0.313671875 0.04027777777777778 0.02265625
0 0.7694444444444445 0.321875 0.058333333333333334 0.040625
0 0.00625 0.30234375 0.0125 0.0140625
0 0.40208333333333335 0.30390625 0.043055555555555555 0.034375
0 0.5472222222222223 0.294140625 0.03888888888888889 0.02109375
0 0.3055555555555556 0.283984375 0.027777777777777776 0.02109375
0 0.4875 0.27734375 0.07222222222222222 0.0390625
0 0.3451388888888889 0.270703125 0.0375 0.03203125
0 0.8006944444444445 0.268359375 0.05138888888888889 0.02890625
0 0.2548611111111111 0.26875 0.07916666666666666 0.0375
0 0.8715277777777778 0.254296875 0.04861111111111111 0.02578125
0 0.55 0.250390625 0.04722222222222222 0.02265625
0 0.5034722222222222 0.242578125 0.043055555555555555 0.02734375
0 0.42291666666666666 0.24296875 0.0875 0.0390625
0 0.8722222222222222 0.226171875 0.041666666666666664 0.02265625
0 0.9166666666666666 0.22265625 0.041666666666666664 0.021875
0 0.4965277777777778 0.2015625 0.04027777777777778 0.025
0 0.6708333333333333 0.1984375 0.05555555555555555 0.034375
0 0.5763888888888888 0.184375 0.03611111111111111 0.0265625
0 0.33125 0.180078125 0.029166666666666667 0.01796875
0 0.47847222222222224 0.176953125 0.09305555555555556 0.03984375
0 0.36319444444444443 0.158984375 0.0375 0.02109375
0 0.35 0.1375 0.019444444444444445 0.0140625
0 0.32916666666666666 0.133203125 0.030555555555555555 0.01796875
0 0.7854166666666667 0.133984375 0.05138888888888889 0.02109375
0 0.2375 0.131640625 0.09444444444444444 0.03046875
0 0.2916666666666667 0.118359375 0.027777777777777776 0.01796875
0 0.5611111111111111 0.119140625 0.03333333333333333 0.02109375
0 0.32222222222222224 0.11328125 0.030555555555555555 0.021875
0 0.2722222222222222 0.10625 0.022222222222222223 0.0109375
0 0.6861111111111111 0.1046875 0.030555555555555555 0.0125
0 0.34791666666666665 0.0921875 0.0375 0.015625
0 0.6541666666666667 0.091015625 0.06944444444444445 0.03671875
0 0.6215277777777778 0.06015625 0.018055555555555554 0.0125
0 0.5368055555555555 0.05859375 0.02638888888888889 0.0171875
0 0.48125 0.045703125 0.03194444444444444 0.03359375
