0 0.9576388888888889 0.643359375 0.08472222222222223 0.04609375
0 0.8423611111111111 0.44609375 0.043055555555555555 0.021875
0 0.6430555555555556 0.36328125 0.044444444444444446 0.0375
0 0.9006944444444445 0.352734375 0.06805555555555555 0.03203125
0 0.9430555555555555 0.325 0.03888888888888889 0.0171875
0 0.9041666666666667 0.323828125 0.03888888888888889 0.01640625
0 0.3145833333333333 0.320703125 0.0125 0.01640625
0 0.9743055555555555 0.303515625 0.043055555555555555 0.02421875
0 0.9388888888888889 0.297265625 0.06666666666666667 0.02734375
0 0.9215277777777777 0.22578125 0.06527777777777778 0.03125
