0 0.8138888888888889 0.942578125 0.041666666666666664 0.02421875
0 0.88125 0.93125 0.0375 0.021875
0 0.7034722222222223 0.890234375 0.04861111111111111 0.02421875
0 0.06944444444444445 0.8390625 0.06388888888888888 0.03125
0 0.8041666666666667 0.834375 0.03888888888888889 0.0265625
0 0.4041666666666667 0.830078125 0.044444444444444446 0.02578125
0 0.5895833333333333 0.817578125 0.02638888888888889 0.02109375
0 0.05138888888888889 0.800390625 0.03333333333333333 0.02265625
0 0.7291666666666666 0.778125 0.03333333333333333 0.0203125
0 0.5576388888888889 0.772265625 0.043055555555555555 0.01953125
0 0.1 0.76484375 0.022222222222222223 0.015625
0 0.6402777777777777 0.77890625 0.027777777777777776 0.0453125
0 0.47638888888888886 0.7625 0.041666666666666664 0.021875
0 0.1486111111111111 0.7609375 0.030555555555555555 0.0234375
0 0.5166666666666667 0.758203125 0.041666666666666664 0.02578125
0 0.4798611111111111 0.682421875 0.029166666666666667 0.01953125
0 0.6243055555555556 0.672265625 0.04027777777777778 0.02109375
0 0.6354166666666666 0.626953125 0.12083333333333333 0.04765625
0 0.5395833333333333 0.61875 0.043055555555555555 0.0328125
0 0.14027777777777778 0.61015625 0.03888888888888889 0.01875
0 0.09930555555555555 0.608203125 0.04027777777777778 0.01484375
0 0.05138888888888889 0.580859375 0.08055555555555556 0.04140625
