0 0.48055555555555557 0.773828125 0.06388888888888888 0.02734375
0 0.44930555555555557 0.7171875 0.059722222222222225 0.034375
0 0.2798611111111111 0.68125 0.034722222222222224 0.0171875
0 0.17777777777777778 0.63203125 0.05 0.0265625
0 0.049305555555555554 0.6234375 0.029166666666666667 0.0109375
0 0.375 0.594140625 0.09722222222222222 0.04140625
0 0.43680555555555556 0.5734375 0.029166666666666667 0.0109375
0 0.2722222222222222 0.562109375 0.07777777777777778 0.04921875
0 0.6701388888888888 0.524609375 0.03194444444444444 0.01484375
0 0.31527777777777777 0.522265625 0.05277777777777778 0.02890625
0 0.30625 0.4921875 0.02638888888888889 0.0171875
0 0.35833333333333334 0.4765625 0.013888888888888888 0.0203125
0 0.5819444444444445 0.476171875 0.06666666666666667 0.03046875
0 0.26180555555555557 0.46875 0.0763888888888889 0.0234375
0 0.44166666666666665 0.46796875 0.12222222222222222 0.046875
0 0.02361111111111111 0.453515625 0.044444444444444446 0.02890625
0 0.2701388888888889 0.444140625 0.04583333333333333 0.02421875
0 0.3715277777777778 0.44140625 0.043055555555555555 0.021875
0 0.23541666666666666 0.436328125 0.02638888888888889 0.02109375
0 0.17847222222222223 0.431640625 0.04583333333333333 0.02890625
0 0.28888888888888886 0.410546875 0.013888888888888888 0.01953125
0 0.11527777777777778 0.38515625 0.058333333333333334 0.028125
0 0.4 0.38359375 0.08611111111111111 0.03125
0 0.9583333333333334 0.391015625 0.08333333333333333 0.04921875
0 0.5347222222222222 0.273046875 0.08611111111111111 0.04296875
0 0.3993055555555556 0.248828125 0.05138888888888889 0.02265625
0 0.9548611111111112 0.24140625 0.09027777777777778 0.05
0 0.2965277777777778 0.2109375 0.10138888888888889 0.0578125
0 0.20902777777777778 0.176953125 0.043055555555555555 0.00859375
0 0.4986111111111111 0.163671875 0.05555555555555555 0.02421875
0 0.2986111111111111 0.157421875 0.05555555555555555 0.03984375
0 0.27847222222222223 0.1203125 0.04583333333333333 0.0203125
0 0.44305555555555554 0.116796875 0.030555555555555555 0.01484375
0 0.46597222222222223 0.085546875 0.04027777777777778 0.03203125
0 0.3951388888888889 0.08515625 0.05694444444444444 0.0375
0 0.4131944444444444 0.052734375 0.043055555555555555 0.02109375
0 0.4722222222222222 0.05390625 0.03611111111111111 0.03125
