0 0.8486111111111111 0.6171875 0.04722222222222222 0.021875
0 0.47847222222222224 0.59921875 0.03194444444444444 0.0140625
0 0.7881944444444444 0.5859375 0.05694444444444444 0.0421875
0 0.4222222222222222 0.578515625 0.06111111111111111 0.03046875
0 0.6465277777777778 0.545703125 0.06805555555555555 0.01953125
0 0.07083333333333333 0.515234375 0.025 0.01796875
0 0.015277777777777777 0.501171875 0.027777777777777776 0.03984375
0 0.39444444444444443 0.482421875 0.030555555555555555 0.02109375
0 0.37777777777777777 0.466796875 0.041666666666666664 0.01484375
0 0.2388888888888889 0.473046875 0.05555555555555555 0.02890625
0 0.3076388888888889 0.445703125 0.04861111111111111 0.03203125
0 0.5972222222222222 0.406640625 0.027777777777777776 0.01796875
0 0.6444444444444445 0.40078125 0.03888888888888889 0.025
0 0.5854166666666667 0.37265625 0.04583333333333333 0.01875
0 0.6006944444444444 0.34375 0.05694444444444444 0.0265625
0 0.5576388888888889 0.3296875 0.043055555555555555 0.0234375
0 0.6458333333333334 0.263671875 0.044444444444444446 0.02265625
0 0.5708333333333333 0.2578125 0.08611111111111111 0.028125
