0 0.22847222222222222 0.709765625 0.03194444444444444 0.02265625
0 0.4375 0.696875 0.06111111111111111 0.03125
0 0.7104166666666667 0.691015625 0.05138888888888889 0.02109375
0 0.6451388888888889 0.690625 0.04861111111111111 0.0203125
0 0.7076388888888889 0.6640625 0.034722222222222224 0.015625
0 0.08055555555555556 0.6359375 0.027777777777777776 0.015625
0 0.5118055555555555 0.63125 0.029166666666666667 0.021875
0 0.5736111111111111 0.615625 0.027777777777777776 0.0140625
0 0.07152777777777777 0.609765625 0.034722222222222224 0.01953125
0 0.7770833333333333 0.580078125 0.07361111111111111 0.02421875
0 0.6270833333333333 0.555859375 0.043055555555555555 0.01640625
0 0.4888888888888889 0.55234375 0.05277777777777778 0.0328125
0 0.5055555555555555 0.507421875 0.05555555555555555 0.02109375
0 0.0625 0.4734375 0.027777777777777776 0.01875
0 0.21458333333333332 0.41640625 0.034722222222222224 0.015625
0 0.5069444444444444 0.4140625 0.06388888888888888 0.025
0 0.2881944444444444 0.4015625 0.04027777777777778 0.0265625
0 0.017361111111111112 0.35703125 0.034722222222222224 0.0140625
0 0.23125 0.371875 0.0625 0.059375
0 0.4798611111111111 0.30625 0.04583333333333333 0.021875
0 0.9027777777777778 0.30390625 0.03333333333333333 0.021875
0 0.5541666666666667 0.17734375 0.04722222222222222 0.03125
