0 0.7118055555555556 0.98125 0.05694444444444444 0.0265625
0 0.9326388888888889 0.969140625 0.05694444444444444 0.03515625
0 0.9840277777777777 0.9640625 0.02638888888888889 0.028125
0 0.16111111111111112 0.923046875 0.022222222222222223 0.01796875
0 0.36180555555555555 0.919921875 0.043055555555555555 0.03046875
0 0.5145833333333333 0.909765625 0.04861111111111111 0.02578125
0 0.5875 0.878515625 0.07222222222222222 0.03828125
0 0.2743055555555556 0.831640625 0.07916666666666666 0.03828125
0 0.19305555555555556 0.81875 0.08333333333333333 0.03125
0 0.7444444444444445 0.794140625 0.022222222222222223 0.01328125
0 0.6423611111111112 0.798828125 0.043055555555555555 0.02578125
0 0.24444444444444444 0.7953125 0.06111111111111111 0.0265625
0 0.7979166666666667 0.775390625 0.0625 0.03671875
0 0.9006944444444445 0.75625 0.043055555555555555 0.0125
0 0.28541666666666665 0.762890625 0.05416666666666667 0.02734375
0 0.5833333333333334 0.75 0.04722222222222222 0.0296875
0 0.2826388888888889 0.73125 0.05416666666666667 0.0296875
0 0.8222222222222222 0.725 0.030555555555555555 0.0203125
0 0.7291666666666666 0.71875 0.05555555555555555 0.0328125
0 0.3625 0.71953125 0.11944444444444445 0.046875
0 0.9569444444444445 0.69609375 0.04722222222222222 0.021875
0 0.6854166666666667 0.658203125 0.04027777777777778 0.02109375
0 0.30625 0.630859375 0.04861111111111111 0.02109375
0 0.63125 0.6171875 0.05694444444444444 0.0375
0 0.4305555555555556 0.609375 0.058333333333333334 0.028125
0 0.08958333333333333 0.5984375 0.029166666666666667 0.021875
0 0.13472222222222222 0.594140625 0.044444444444444446 0.02109375
0 0.6083333333333333 0.583984375 0.03888888888888889 0.01640625
0 0.6513888888888889 0.573046875 0.019444444444444445 0.01171875
0 0.9604166666666667 0.576171875 0.06527777777777778 0.04921875
0 0.7659722222222223 0.5671875 0.05416666666666667 0.0390625
0 0.4048611111111111 0.559375 0.05694444444444444 0.028125
0 0.8597222222222223 0.57890625 0.12222222222222222 0.071875
0 0.24791666666666667 0.554296875 0.043055555555555555 0.02890625
0 0.30069444444444443 0.5546875 0.05416666666666667 0.0328125
0 0.34652777777777777 0.551171875 0.034722222222222224 0.02734375
0 0.6180555555555556 0.54765625 0.07222222222222222 0.0421875
0 0.9770833333333333 0.526953125 0.043055555555555555 0.03046875
0 0.9722222222222222 0.486328125 0.03333333333333333 0.01484375
0 0.7618055555555555 0.48203125 0.07916666666666666 0.028125
0 0.8590277777777777 0.480078125 0.09027777777777778 0.03671875
0 0.6638888888888889 0.469921875 0.06944444444444445 0.03671875
0 0.42569444444444443 0.45078125 0.08194444444444444 0.0296875
0 0.9583333333333334 0.4 0.03888888888888889 0.0171875
0 0.6576388888888889 0.382421875 0.043055555555555555 0.01796875
0 0.7361111111111112 0.380859375 0.06111111111111111 0.02890625
0 0.3715277777777778 0.390234375 0.10138888888888889 0.06171875
0 0.46597222222222223 0.373828125 0.0625 0.03203125
0 0.6458333333333334 0.347265625 0.04722222222222222 0.02265625
0 0.4895833333333333 0.341796875 0.059722222222222225 0.03203125
0 0.6097222222222223 0.33203125 0.03888888888888889 0.03125
0 0.4284722222222222 0.325 0.06527777777777778 0.03125
0 0.4791666666666667 0.30625 0.041666666666666664 0.025
0 0.6180555555555556 0.305078125 0.044444444444444446 0.02421875
0 0.42430555555555555 0.2921875 0.043055555555555555 0.028125
0 0.7527777777777778 0.290625 0.05 0.0328125
0 0.6965277777777777 0.287109375 0.08194444444444444 0.07421875
0 0.39166666666666666 0.257421875 0.06111111111111111 0.02734375
0 0.8722222222222222 0.25703125 0.075 0.0359375
0 0.44166666666666665 0.2265625 0.06111111111111111 0.028125
0 0.5513888888888889 0.208203125 0.05 0.03515625
0 0.6131944444444445 0.18203125 0.07083333333333333 0.0421875
0 0.5729166666666666 0.1671875 0.04583333333333333 0.021875
0 0.5777777777777777 0.130859375 0.06666666666666667 0.04609375
0 0.5194444444444445 0.120703125 0.022222222222222223 0.02890625
0 0.6541666666666667 0.123046875 0.075 0.03671875
0 0.68125 0.052734375 0.09027777777777778 0.06953125
