0 0.8902777777777777 0.627734375 0.07222222222222222 0.04453125
0 0.64375 0.584375 0.034722222222222224 0.0265625
0 0.09027777777777778 0.578515625 0.025 0.02109375
0 0.5944444444444444 0.578125 0.030555555555555555 0.025
0 0.13402777777777777 0.5703125 0.0375 0.021875
0 0.8513888888888889 0.570703125 0.06111111111111111 0.03046875
0 0.9784722222222222 0.551171875 0.04027777777777778 0.02109375
0 0.1451388888888889 0.534375 0.043055555555555555 0.0203125
0 0.029166666666666667 0.484375 0.03888888888888889 0.0359375
0 0.7284722222222222 0.4546875 0.034722222222222224 0.0109375
0 0.04791666666666667 0.444921875 0.0375 0.01484375
0 0.31180555555555556 0.433984375 0.020833333333333332 0.01171875
0 0.2861111111111111 0.426171875 0.03611111111111111 0.01640625
0 0.05625 0.423046875 0.02638888888888889 0.01640625
0 0.45902777777777776 0.41953125 0.034722222222222224 0.0296875
0 0.5659722222222222 0.406640625 0.0375 0.01796875
0 0.41875 0.390234375 0.0375 0.01171875
0 0.5138888888888888 0.391015625 0.019444444444444445 0.01484375
0 0.12361111111111112 0.38515625 0.027777777777777776 0.0078125
0 0.7402777777777778 0.389453125 0.027777777777777776 0.01796875
0 0.17152777777777778 0.38515625 0.020833333333333332 0.0125
0 0.7097222222222223 0.3859375 0.03333333333333333 0.021875
0 0.16944444444444445 0.36875 0.027777777777777776 0.015625
0 0.4576388888888889 0.3671875 0.029166666666666667 0.01875
0 0.9791666666666666 0.363671875 0.03333333333333333 0.02109375
0 0.6222222222222222 0.35859375 0.019444444444444445 0.01875
0 0.25416666666666665 0.357421875 0.03611111111111111 0.02734375
0 0.8527777777777777 0.35703125 0.04722222222222222 0.03125
0 0.3548611111111111 0.344921875 0.0375 0.01953125
0 0.9541666666666667 0.344140625 0.03611111111111111 0.02421875
0 0.1951388888888889 0.325390625 0.029166666666666667 0.02109375
0 0.8395833333333333 0.30859375 0.04583333333333333 0.0265625
0 0.7986111111111112 0.3046875 0.03611111111111111 0.025
0 0.8173611111111111 0.2875 0.04861111111111111 0.028125
0 0.6284722222222222 0.27421875 0.04027777777777778 0.015625
0 0.8770833333333333 0.272265625 0.03194444444444444 0.02109375
0 0.1375 0.243359375 0.03888888888888889 0.01796875
0 0.8333333333333334 0.195703125 0.044444444444444446 0.02421875
0 0.825 0.165234375 0.022222222222222223 0.02265625
0 0.78125 0.1609375 0.02638888888888889 0.021875
