0 0.38263888888888886 0.807421875 0.04861111111111111 0.02421875
0 0.35694444444444445 0.728515625 0.013888888888888888 0.01640625
0 0.05694444444444444 0.720703125 0.05 0.03046875
0 0.6465277777777778 0.689453125 0.06805555555555555 0.02578125
0 0.39652777777777776 0.69609375 0.09861111111111111 0.05625
0 0.4576388888888889 0.675 0.04861111111111111 0.025
0 0.6791666666666667 0.651171875 0.05277777777777778 0.02109375
0 0.3770833333333333 0.651171875 0.0375 0.02734375
0 0.6013888888888889 0.644140625 0.05277777777777778 0.02421875
0 0.6625 0.61640625 0.05555555555555555 0.025
0 0.07152777777777777 0.608984375 0.02638888888888889 0.01015625
0 0.7416666666666667 0.603515625 0.05277777777777778 0.02109375
0 0.030555555555555555 0.602734375 0.027777777777777776 0.02109375
0 0.3402777777777778 0.589453125 0.041666666666666664 0.03515625
0 0.5902777777777778 0.591015625 0.125 0.04765625
0 0.5166666666666667 0.548046875 0.03333333333333333 0.02421875
0 0.17847222222222223 0.53984375 0.05138888888888889 0.03125
0 0.6701388888888888 0.525390625 0.11805555555555555 0.04453125
0 0.8756944444444444 0.51328125 0.04861111111111111 0.021875
0 0.5020833333333333 0.507421875 0.06805555555555555 0.03515625
0 0.4173611111111111 0.4953125 0.05138888888888889 0.03125
0 0.13958333333333334 0.4640625 0.05416666666666667 0.03125
0 0.4708333333333333 0.44765625 0.027777777777777776 0.0140625
0 0.39444444444444443 0.45 0.044444444444444446 0.025
0 0.38333333333333336 0.41328125 0.022222222222222223 0.009375
0 0.5111111111111111 0.398046875 0.022222222222222223 0.01328125
0 0.40347222222222223 0.25703125 0.05694444444444444 0.0328125
