0 0.06666666666666667 0.7546875 0.05277777777777778 0.0265625
0 0.14722222222222223 0.71328125 0.04722222222222222 0.0203125
0 0.6340277777777777 0.67890625 0.06805555555555555 0.034375
0 0.26180555555555557 0.6890625 0.10416666666666667 0.0546875
0 0.7611111111111111 0.674609375 0.075 0.03046875
0 0.22847222222222222 0.658984375 0.03194444444444444 0.01328125
0 0.13958333333333334 0.659375 0.0763888888888889 0.0421875
0 0.6569444444444444 0.643359375 0.06388888888888888 0.03046875
0 0.44027777777777777 0.6375 0.058333333333333334 0.03125
0 0.07430555555555556 0.6328125 0.034722222222222224 0.025
0 0.7736111111111111 0.625 0.03888888888888889 0.0203125
0 0.04097222222222222 0.620703125 0.05138888888888889 0.04453125
0 0.4270833333333333 0.559375 0.04583333333333333 0.0484375
0 0.48333333333333334 0.5125 0.04722222222222222 0.0234375
0 0.6 0.480078125 0.05 0.03203125
0 0.5645833333333333 0.44765625 0.04583333333333333 0.01875
0 0.5340277777777778 0.426953125 0.04861111111111111 0.02578125
0 0.7048611111111112 0.41875 0.04027777777777778 0.015625
0 0.6125 0.41015625 0.06944444444444445 0.0296875
0 0.5041666666666667 0.398046875 0.05277777777777778 0.02578125
0 0.5340277777777778 0.38125 0.029166666666666667 0.0203125
0 0.6611111111111111 0.340234375 0.08611111111111111 0.03203125
0 0.5902777777777778 0.33046875 0.044444444444444446 0.025
0 0.6291666666666667 0.315625 0.03888888888888889 0.01875
0 0.4583333333333333 0.315625 0.044444444444444446 0.0296875
0 0.40347222222222223 0.309765625 0.04583333333333333 0.02578125
0 0.58125 0.295703125 0.04027777777777778 0.02421875
0 0.7270833333333333 0.291796875 0.0375 0.01953125
0 0.6298611111111111 0.28671875 0.043055555555555555 0.0234375
0 0.7986111111111112 0.285546875 0.03333333333333333 0.02421875
0 0.5048611111111111 0.252734375 0.043055555555555555 0.03046875
0 0.39652777777777776 0.248828125 0.05138888888888889 0.03046875
