0 0.7048611111111112 0.85390625 0.029166666666666667 0.0265625
0 0.7576388888888889 0.845703125 0.059722222222222225 0.04453125
0 0.8958333333333334 0.79453125 0.05555555555555555 0.0296875
0 0.9625 0.745703125 0.044444444444444446 0.02109375
0 0.17083333333333334 0.725390625 0.07222222222222222 0.03984375
0 0.5145833333333333 0.7265625 0.05138888888888889 0.065625
0 0.6888888888888889 0.6640625 0.044444444444444446 0.025
0 0.2534722222222222 0.658203125 0.043055555555555555 0.02109375
0 0.6423611111111112 0.65546875 0.04027777777777778 0.028125
0 0.37222222222222223 0.64296875 0.04722222222222222 0.0265625
0 0.5173611111111112 0.6265625 0.043055555555555555 0.0265625
0 0.6479166666666667 0.6203125 0.034722222222222224 0.025
0 0.15833333333333333 0.60234375 0.05 0.025
0 0.8486111111111111 0.59609375 0.03333333333333333 0.015625
0 0.19305555555555556 0.583984375 0.05 0.02578125
0 0.38263888888888886 0.56796875 0.04861111111111111 0.0265625
0 0.8625 0.56015625 0.019444444444444445 0.0140625
0 0.3819444444444444 0.551171875 0.016666666666666666 0.00546875
0 0.7125 0.550390625 0.030555555555555555 0.01171875
0 0.12986111111111112 0.530859375 0.02638888888888889 0.02109375
0 0.98125 0.5203125 0.034722222222222224 0.0171875
0 0.93125 0.50859375 0.02361111111111111 0.0078125
0 0.25833333333333336 0.533984375 0.08888888888888889 0.05859375
0 0.8875 0.498046875 0.03333333333333333 0.01484375
0 0.6256944444444444 0.491796875 0.018055555555555554 0.01953125
0 0.4986111111111111 0.497265625 0.04722222222222222 0.03046875
0 0.2152777777777778 0.485546875 0.019444444444444445 0.01640625
0 0.5583333333333333 0.48203125 0.04722222222222222 0.021875
0 0.3451388888888889 0.483203125 0.03194444444444444 0.03046875
0 0.9923611111111111 0.466796875 0.015277777777777777 0.01484375
0 0.6270833333333333 0.459375 0.0375 0.0125
0 0.6861111111111111 0.455859375 0.05 0.02421875
0 0.21180555555555555 0.45625 0.08472222222222223 0.0484375
0 0.6326388888888889 0.4328125 0.04583333333333333 0.0234375
0 0.3055555555555556 0.430078125 0.04722222222222222 0.02890625
0 0.5222222222222223 0.390625 0.03611111111111111 0.0234375
0 0.3055555555555556 0.3859375 0.022222222222222223 0.0140625
0 0.4354166666666667 0.380859375 0.034722222222222224 0.02421875
0 0.6013888888888889 0.369921875 0.019444444444444445 0.01640625
0 0.1909722222222222 0.365234375 0.020833333333333332 0.01328125
0 0.4791666666666667 0.3546875 0.013888888888888888 0.0109375
0 0.34305555555555556 0.35625 0.03888888888888889 0.0265625
0 0.2076388888888889 0.339453125 0.015277777777777777 0.01328125
0 0.4326388888888889 0.33046875 0.02638888888888889 0.0203125
0 0.5208333333333334 0.33125 0.05277777777777778 0.0265625
0 0.4986111111111111 0.31171875 0.022222222222222223 0.00625
0 0.17430555555555555 0.2921875 0.02361111111111111 0.0171875
0 0.5909722222222222 0.28046875 0.018055555555555554 0.0109375
0 0.2569444444444444 0.27734375 0.025 0.0109375
0 0.21041666666666667 0.266796875 0.009722222222222222 0.01015625
0 0.37430555555555556 0.255859375 0.02638888888888889 0.01796875
0 0.4395833333333333 0.240234375 0.0375 0.01796875
0 0.3909722222222222 0.229296875 0.04861111111111111 0.02265625
0 0.30069444444444443 0.226953125 0.05138888888888889 0.02578125
0 0.3423611111111111 0.185546875 0.07361111111111111 0.03203125
0 0.42777777777777776 0.15078125 0.041666666666666664 0.0234375
0 0.4027777777777778 0.1171875 0.044444444444444446 0.0234375
0 0.37430555555555556 0.06171875 0.0375 0.0203125
