0 0.8458333333333333 0.704296875 0.058333333333333334 0.02578125
0 0.4979166666666667 0.684375 0.018055555555555554 0.0140625
0 0.9166666666666666 0.657421875 0.022222222222222223 0.01796875
0 0.7361111111111112 0.64375 0.022222222222222223 0.0140625
0 0.5618055555555556 0.641015625 0.04027777777777778 0.01640625
0 0.8076388888888889 0.64453125 0.05694444444444444 0.0328125
0 0.3333333333333333 0.635546875 0.030555555555555555 0.01796875
0 0.5548611111111111 0.624609375 0.04027777777777778 0.01328125
0 0.4326388888888889 0.6125 0.02638888888888889 0.0125
0 0.5090277777777777 0.608984375 0.03194444444444444 0.01328125
0 0.8215277777777777 0.614453125 0.04861111111111111 0.02578125
0 0.2951388888888889 0.605859375 0.029166666666666667 0.01640625
0 0.775 0.597265625 0.022222222222222223 0.01171875
0 0.7201388888888889 0.597265625 0.020833333333333332 0.01328125
0 0.4791666666666667 0.59375 0.041666666666666664 0.0203125
0 0.5479166666666667 0.5875 0.05138888888888889 0.028125
0 0.6486111111111111 0.583984375 0.05277777777777778 0.02734375
0 0.4756944444444444 0.569140625 0.03194444444444444 0.02109375
0 0.8805555555555555 0.57421875 0.06666666666666667 0.034375
0 0.51875 0.559375 0.029166666666666667 0.0171875
0 0.7375 0.55703125 0.05 0.028125
0 0.9388888888888889 0.548828125 0.041666666666666664 0.02265625
0 0.0798611111111111 0.53515625 0.05416666666666667 0.0234375
0 0.007638888888888889 0.523828125 0.015277777777777777 0.01796875
0 0.4930555555555556 0.52109375 0.06388888888888888 0.028125
0 0.9 0.489453125 0.027777777777777776 0.01328125
0 0.8256944444444444 0.494140625 0.04583333333333333 0.02265625
0 0.9923611111111111 0.493359375 0.0125 0.02265625
0 0.7604166666666666 0.486328125 0.043055555555555555 0.01953125
0 0.6381944444444444 0.464453125 0.02638888888888889 0.01171875
0 0.9875 0.4671875 0.025 0.028125
0 0.7201388888888889 0.44375 0.02638888888888889 0.0140625
0 0.7923611111111111 0.43828125 0.02361111111111111 0.0125
0 0.65 0.425 0.027777777777777776 0.015625
0 0.6819444444444445 0.425390625 0.030555555555555555 0.01953125
0 0.8902777777777777 0.422265625 0.025 0.01640625
0 0.5375 0.419921875 0.025 0.01328125
0 0.7097222222222223 0.416796875 0.025 0.01484375
0 0.6548611111111111 0.40859375 0.020833333333333332 0.0125
0 0.6388888888888888 0.39765625 0.019444444444444445 0.015625
0 0.20069444444444445 0.399609375 0.04027777777777778 0.02421875
0 0.7347222222222223 0.388671875 0.030555555555555555 0.02421875
0 0.23125 0.3875 0.04027777777777778 0.0234375
0 0.5111111111111111 0.378125 0.030555555555555555 0.015625
0 0.58125 0.366796875 0.02361111111111111 0.01640625
0 0.43333333333333335 0.364453125 0.025 0.01640625
0 0.09236111111111112 0.378515625 0.0625 0.04453125
0 0.3111111111111111 0.3609375 0.044444444444444446 0.0140625
0 0.5458333333333333 0.35859375 0.019444444444444445 0.0140625
0 0.9520833333333333 0.35078125 0.029166666666666667 0.009375
0 0.9020833333333333 0.35390625 0.034722222222222224 0.015625
0 0.41875 0.33828125 0.029166666666666667 0.0140625
0 0.13541666666666666 0.344921875 0.07083333333333333 0.03046875
0 0.9347222222222222 0.3203125 0.022222222222222223 0.0109375
0 0.3861111111111111 0.323046875 0.05 0.02734375
0 0.9138888888888889 0.308203125 0.022222222222222223 0.01328125
0 0.5569444444444445 0.30859375 0.030555555555555555 0.0171875
0 0.22291666666666668 0.30625 0.04861111111111111 0.028125
0 0.9951388888888889 0.2828125 0.009722222222222222 0.0171875
0 0.4409722222222222 0.2734375 0.02361111111111111 0.009375
0 0.43819444444444444 0.255859375 0.03194444444444444 0.01640625
0 0.28194444444444444 0.25859375 0.04722222222222222 0.0265625
0 0.6458333333333334 0.251171875 0.027777777777777776 0.01796875
0 0.4986111111111111 0.251953125 0.03333333333333333 0.02109375
0 0.5333333333333333 0.240234375 0.022222222222222223 0.01640625
0 0.8041666666666667 0.239453125 0.03333333333333333 0.01953125
0 0.6201388888888889 0.238671875 0.034722222222222224 0.01796875
0 0.7277777777777777 0.23359375 0.03333333333333333 0.015625
0 0.41944444444444445 0.23046875 0.03333333333333333 0.0203125
0 0.50625 0.226171875 0.029166666666666667 0.02109375
0 0.8465277777777778 0.221875 0.0375 0.0171875
0 0.4701388888888889 0.224609375 0.034722222222222224 0.02265625
0 0.3861111111111111 0.21953125 0.022222222222222223 0.015625
0 0.09097222222222222 0.217578125 0.03194444444444444 0.01484375
0 0.8027777777777778 0.214453125 0.027777777777777776 0.01640625
0 0.9041666666666667 0.21171875 0.03333333333333333 0.0203125
0 0.7763888888888889 0.2046875 0.03333333333333333 0.021875
0 0.05347222222222222 0.19765625 0.02361111111111111 0.0171875
0 0.26458333333333334 0.201953125 0.04861111111111111 0.03046875
0 0.11597222222222223 0.193359375 0.034722222222222224 0.01640625
0 0.6638888888888889 0.18984375 0.022222222222222223 0.0203125
0 0.5284722222222222 0.187109375 0.02361111111111111 0.01484375
0 0.9270833333333334 0.187890625 0.0375 0.01953125
0 0.9694444444444444 0.1859375 0.03611111111111111 0.0171875
0 0.02013888888888889 0.180859375 0.034722222222222224 0.01328125
0 0.8451388888888889 0.1921875 0.06805555555555555 0.0390625
0 0.7458333333333333 0.18359375 0.022222222222222223 0.025
0 0.9923611111111111 0.179296875 0.0125 0.02109375
0 0.6361111111111111 0.162890625 0.044444444444444446 0.01953125
0 0.07708333333333334 0.16015625 0.029166666666666667 0.0140625
0 0.975 0.16484375 0.03333333333333333 0.025
0 0.03888888888888889 0.14375 0.03333333333333333 0.015625
0 0.7298611111111111 0.14609375 0.043055555555555555 0.0265625
0 0.19583333333333333 0.13046875 0.044444444444444446 0.021875
0 0.10347222222222222 0.125 0.02638888888888889 0.0171875
0 0.10208333333333333 0.094140625 0.0875 0.04609375
0 0.26180555555555557 0.10546875 0.07916666666666666 0.071875
0 0.18611111111111112 0.06796875 0.04722222222222222 0.0328125
0 0.043055555555555555 0.058984375 0.030555555555555555 0.01796875
0 0.10833333333333334 0.059375 0.05 0.0234375
