0 0.10208333333333333 0.902734375 0.0375 0.02265625
0 0.33541666666666664 0.88984375 0.043055555555555555 0.025
0 0.3416666666666667 0.846484375 0.044444444444444446 0.03203125
0 0.13194444444444445 0.8171875 0.04722222222222222 0.0296875
0 0.3277777777777778 0.790234375 0.11666666666666667 0.04609375
0 0.5805555555555556 0.733203125 0.025 0.01796875
0 0.25833333333333336 0.680078125 0.08333333333333333 0.03984375
0 0.33819444444444446 0.65078125 0.05138888888888889 0.028125
0 0.3458333333333333 0.601171875 0.06111111111111111 0.02890625
0 0.2972222222222222 0.609375 0.06388888888888888 0.0609375
0 0.21041666666666667 0.5875 0.0375 0.021875
0 0.3638888888888889 0.5109375 0.03888888888888889 0.01875
0 0.7194444444444444 0.51015625 0.05 0.0296875
0 0.2986111111111111 0.478125 0.03888888888888889 0.0265625
0 0.24444444444444444 0.476171875 0.07222222222222222 0.09765625
0 0.3173611111111111 0.4234375 0.05694444444444444 0.0453125
0 0.5930555555555556 0.41875 0.11944444444444445 0.0453125
0 0.49375 0.4125 0.07361111111111111 0.0453125
0 0.47708333333333336 0.3703125 0.03194444444444444 0.0140625
0 0.4722222222222222 0.332421875 0.06388888888888888 0.03671875
0 0.53125 0.310546875 0.05416666666666667 0.03671875
0 0.31875 0.2984375 0.0625 0.03125
0 0.3416666666666667 0.25859375 0.05 0.0234375
0 0.4375 0.163671875 0.09444444444444444 0.04609375
0 0.4756944444444444 0.0765625 0.09583333333333334 0.0515625
