0 0.4375 0.664453125 0.044444444444444446 0.02265625
0 0.2423611111111111 0.6609375 0.020833333333333332 0.015625
0 0.29930555555555555 0.621484375 0.029166666666666667 0.01484375
0 0.5875 0.619921875 0.016666666666666666 0.01328125
0 0.09930555555555555 0.622265625 0.04861111111111111 0.01953125
0 0.4965277777777778 0.621484375 0.043055555555555555 0.02578125
0 0.3902777777777778 0.609375 0.04722222222222222 0.03125
0 0.04791666666666667 0.59609375 0.029166666666666667 0.015625
0 0.1798611111111111 0.5953125 0.029166666666666667 0.0171875
0 0.25069444444444444 0.588671875 0.029166666666666667 0.01640625
0 0.50625 0.588671875 0.018055555555555554 0.02265625
0 0.40069444444444446 0.581640625 0.04027777777777778 0.02265625
0 0.15694444444444444 0.575390625 0.030555555555555555 0.01796875
0 0.9340277777777778 0.562109375 0.034722222222222224 0.01484375
0 0.5666666666666667 0.555859375 0.027777777777777776 0.01796875
0 0.2875 0.56015625 0.04722222222222222 0.0265625
0 0.13472222222222222 0.5515625 0.04722222222222222 0.0234375
0 0.20625 0.555078125 0.04861111111111111 0.04296875
0 0.04097222222222222 0.530859375 0.018055555555555554 0.00859375
0 0.47152777777777777 0.540625 0.05138888888888889 0.0296875
0 0.35 0.53203125 0.05 0.0234375
0 0.9111111111111111 0.51875 0.041666666666666664 0.021875
0 0.5465277777777777 0.5140625 0.05416666666666667 0.0234375
0 0.375 0.50390625 0.030555555555555555 0.0125
0 0.15902777777777777 0.506640625 0.04583333333333333 0.02421875
0 0.7319444444444444 0.50625 0.03888888888888889 0.0265625
0 0.6597222222222222 0.50078125 0.03611111111111111 0.0171875
0 0.8104166666666667 0.49765625 0.05694444444444444 0.0234375
0 0.5527777777777778 0.4890625 0.025 0.009375
0 0.9479166666666666 0.4890625 0.03194444444444444 0.0171875
0 0.9152777777777777 0.491015625 0.03333333333333333 0.02109375
0 0.5326388888888889 0.470703125 0.029166666666666667 0.01328125
0 0.6131944444444445 0.47578125 0.04861111111111111 0.0265625
0 0.4666666666666667 0.473046875 0.041666666666666664 0.02421875
0 0.5708333333333333 0.467578125 0.013888888888888888 0.02109375
0 0.4027777777777778 0.46640625 0.044444444444444446 0.0234375
0 0.8569444444444444 0.441015625 0.025 0.01015625
0 0.5652777777777778 0.440234375 0.03333333333333333 0.02734375
0 0.7888888888888889 0.429296875 0.041666666666666664 0.01953125
0 0.2652777777777778 0.40859375 0.025 0.0140625
0 0.41875 0.41015625 0.05416666666666667 0.0203125
0 0.39305555555555555 0.3859375 0.022222222222222223 0.0125
0 0.5395833333333333 0.3828125 0.018055555555555554 0.015625
0 0.5173611111111112 0.38203125 0.02361111111111111 0.0140625
0 0.18125 0.375 0.03194444444444444 0.0125
0 0.55625 0.37109375 0.03194444444444444 0.0140625
0 0.22777777777777777 0.367578125 0.030555555555555555 0.01640625
0 0.3402777777777778 0.3609375 0.016666666666666666 0.0109375
0 0.325 0.35078125 0.025 0.0078125
0 0.28680555555555554 0.346875 0.018055555555555554 0.0109375
0 0.11388888888888889 0.349609375 0.05277777777777778 0.02890625
0 0.6611111111111111 0.3328125 0.025 0.0109375
0 0.07847222222222222 0.330859375 0.04027777777777778 0.01484375
0 0.7479166666666667 0.313671875 0.059722222222222225 0.01796875
0 0.044444444444444446 0.316015625 0.05277777777777778 0.02734375
0 0.80625 0.29921875 0.020833333333333332 0.0109375
0 0.24305555555555555 0.29921875 0.03333333333333333 0.0171875
0 0.6333333333333333 0.29921875 0.04722222222222222 0.025
0 0.9861111111111112 0.305078125 0.027777777777777776 0.04296875
0 0.7618055555555555 0.291015625 0.029166666666666667 0.01640625
0 0.7229166666666667 0.29296875 0.029166666666666667 0.0265625
0 0.9895833333333334 0.276953125 0.020833333333333332 0.01328125
0 0.13333333333333333 0.265625 0.03611111111111111 0.009375
0 0.8229166666666666 0.273046875 0.0875 0.02734375
0 0.6881944444444444 0.262109375 0.02361111111111111 0.01328125
0 0.6305555555555555 0.26796875 0.058333333333333334 0.028125
0 0.7138888888888889 0.253125 0.019444444444444445 0.0078125
0 0.1375 0.248046875 0.027777777777777776 0.01171875
0 0.059027777777777776 0.248828125 0.03194444444444444 0.01796875
0 0.6256944444444444 0.241796875 0.02638888888888889 0.00859375
0 0.18333333333333332 0.245703125 0.03611111111111111 0.02109375
0 0.7958333333333333 0.24140625 0.03611111111111111 0.0171875
0 0.3458333333333333 0.241796875 0.027777777777777776 0.01796875
0 0.6701388888888888 0.240234375 0.03194444444444444 0.02109375
0 0.9083333333333333 0.255078125 0.13333333333333333 0.05390625
0 0.8256944444444444 0.233203125 0.02638888888888889 0.01015625
0 0.21944444444444444 0.23359375 0.030555555555555555 0.0140625
0 0.7611111111111111 0.23359375 0.030555555555555555 0.0234375
0 0.2875 0.23046875 0.03888888888888889 0.01875
0 0.4777777777777778 0.2296875 0.03333333333333333 0.01875
0 0.41388888888888886 0.223828125 0.025 0.01328125
0 0.09652777777777778 0.223046875 0.06527777777777778 0.02578125
0 0.17152777777777778 0.222265625 0.06805555555555555 0.02578125
0 0.5173611111111112 0.21484375 0.0375 0.01875
0 0.55 0.203125 0.030555555555555555 0.0203125
0 0.4847222222222222 0.2 0.041666666666666664 0.0234375
0 0.9361111111111111 0.20625 0.06944444444444445 0.0421875
0 0.4409722222222222 0.19609375 0.0375 0.0234375
0 0.6645833333333333 0.189453125 0.02638888888888889 0.01171875
0 0.32083333333333336 0.18515625 0.022222222222222223 0.021875
0 0.21041666666666667 0.180859375 0.020833333333333332 0.01640625
0 0.5076388888888889 0.180859375 0.0625 0.02578125
0 0.5625 0.176171875 0.027777777777777776 0.01796875
0 0.38472222222222224 0.176953125 0.022222222222222223 0.02578125
0 0.8680555555555556 0.17734375 0.07222222222222222 0.04375
0 0.28958333333333336 0.15703125 0.0375 0.01875
0 0.6201388888888889 0.158203125 0.07083333333333333 0.02578125
0 0.3645833333333333 0.14140625 0.0375 0.0203125
