0 0.8569444444444444 0.8765625 0.041666666666666664 0.021875
0 0.7979166666666667 0.88125 0.05694444444444444 0.0359375
0 0.6965277777777777 0.818359375 0.05694444444444444 0.02421875
0 0.8076388888888889 0.77109375 0.04027777777777778 0.0265625
0 0.0625 0.757421875 0.08888888888888889 0.03203125
0 0.4152777777777778 0.753515625 0.044444444444444446 0.02734375
0 0.5868055555555556 0.742578125 0.029166666666666667 0.02265625
0 0.05347222222222222 0.719140625 0.04861111111111111 0.02578125
0 0.7347222222222223 0.705859375 0.03611111111111111 0.02265625
0 0.5520833333333334 0.69765625 0.043055555555555555 0.028125
0 0.6326388888888889 0.70625 0.0375 0.046875
0 0.4791666666666667 0.68515625 0.04722222222222222 0.0265625
0 0.05763888888888889 0.682421875 0.02638888888888889 0.02109375
0 0.19305555555555556 0.6796875 0.027777777777777776 0.021875
0 0.5166666666666667 0.68125 0.041666666666666664 0.0265625
0 0.30277777777777776 0.671484375 0.027777777777777776 0.01328125
0 0.6277777777777778 0.59453125 0.044444444444444446 0.0203125
0 0.013194444444444444 0.55078125 0.02361111111111111 0.040625
0 0.6298611111111111 0.5515625 0.12916666666666668 0.0546875
0 0.5256944444444445 0.539453125 0.0375 0.03359375
0 0.16319444444444445 0.53046875 0.04027777777777778 0.01875
0 0.011805555555555555 0.516796875 0.020833333333333332 0.01953125
0 0.07013888888888889 0.5015625 0.07361111111111111 0.0390625
0 0.020833333333333332 0.472265625 0.03333333333333333 0.02265625
