0 0.8368055555555556 0.9703125 0.02361111111111111 0.028125
0 0.15208333333333332 0.930078125 0.043055555555555555 0.02265625
0 0.27361111111111114 0.9 0.03611111111111111 0.0203125
0 0.31180555555555556 0.894140625 0.034722222222222224 0.02265625
0 0.7986111111111112 0.880078125 0.041666666666666664 0.01796875
0 0.8729166666666667 0.896484375 0.10416666666666667 0.05703125
0 0.90625 0.875390625 0.020833333333333332 0.01796875
0 0.34305555555555556 0.87421875 0.027777777777777776 0.0265625
0 0.39861111111111114 0.865625 0.041666666666666664 0.021875
0 0.8743055555555556 0.8140625 0.018055555555555554 0.0140625
0 0.46041666666666664 0.81015625 0.02361111111111111 0.0125
0 0.3736111111111111 0.816796875 0.05277777777777778 0.02734375
0 0.23680555555555555 0.81015625 0.029166666666666667 0.0171875
0 0.9847222222222223 0.80859375 0.030555555555555555 0.021875
0 0.5083333333333333 0.806640625 0.041666666666666664 0.02890625
0 0.31805555555555554 0.8015625 0.027777777777777776 0.021875
0 0.7729166666666667 0.816796875 0.0763888888888889 0.10078125
0 0.6486111111111111 0.778515625 0.06111111111111111 0.02421875
0 0.25069444444444444 0.7640625 0.043055555555555555 0.0265625
0 0.7381944444444445 0.74375 0.0375 0.0171875
0 0.2916666666666667 0.730859375 0.022222222222222223 0.00859375
0 0.7236111111111111 0.7265625 0.022222222222222223 0.0125
0 0.9777777777777777 0.7234375 0.044444444444444446 0.0296875
0 0.36041666666666666 0.7125 0.04583333333333333 0.034375
0 0.8055555555555556 0.70078125 0.03888888888888889 0.0328125
0 0.9861111111111112 0.69453125 0.027777777777777776 0.025
0 0.9097222222222222 0.68046875 0.075 0.03125
0 0.3715277777777778 0.675 0.04027777777777778 0.021875
0 0.9638888888888889 0.670703125 0.022222222222222223 0.02265625
0 0.40902777777777777 0.667578125 0.043055555555555555 0.02421875
0 0.7520833333333333 0.641015625 0.05416666666666667 0.03046875
0 0.33819444444444446 0.640625 0.07361111111111111 0.0484375
0 0.2520833333333333 0.643359375 0.07916666666666666 0.06171875
0 0.4986111111111111 0.624609375 0.03333333333333333 0.02578125
0 0.3875 0.61328125 0.05555555555555555 0.0265625
0 0.6597222222222222 0.588671875 0.041666666666666664 0.01640625
0 0.6729166666666667 0.571484375 0.02638888888888889 0.01640625
0 0.5576388888888889 0.55859375 0.06527777777777778 0.0375
0 0.6569444444444444 0.541015625 0.030555555555555555 0.01328125
0 0.6041666666666666 0.526171875 0.08055555555555556 0.03046875
0 0.9881944444444445 0.51484375 0.02361111111111111 0.0140625
0 0.4201388888888889 0.508203125 0.04583333333333333 0.04296875
0 0.625 0.480859375 0.030555555555555555 0.01796875
0 0.4125 0.453515625 0.03888888888888889 0.02421875
0 0.6958333333333333 0.438671875 0.030555555555555555 0.02265625
0 0.4173611111111111 0.42890625 0.0375 0.021875
0 0.6138888888888889 0.419140625 0.075 0.03828125
0 0.7819444444444444 0.408984375 0.044444444444444446 0.02265625
0 0.6625 0.39375 0.04722222222222222 0.025
0 0.61875 0.37421875 0.04027777777777778 0.0203125
0 0.5597222222222222 0.36328125 0.05 0.025
0 0.46944444444444444 0.3640625 0.04722222222222222 0.0265625
0 0.5555555555555556 0.328515625 0.07777777777777778 0.02578125
0 0.4736111111111111 0.32265625 0.06388888888888888 0.0296875
0 0.41388888888888886 0.30390625 0.03611111111111111 0.0234375
0 0.5375 0.29921875 0.03333333333333333 0.0171875
0 0.4791666666666667 0.25390625 0.05277777777777778 0.028125
0 0.3770833333333333 0.24296875 0.04027777777777778 0.025
0 0.46319444444444446 0.20078125 0.04027777777777778 0.0234375
