0 0.020833333333333332 0.764453125 0.03333333333333333 0.02421875
0 0.22361111111111112 0.747265625 0.044444444444444446 0.02265625
0 0.059722222222222225 0.73515625 0.03611111111111111 0.0359375
0 0.3034722222222222 0.70546875 0.0375 0.028125
0 0.0125 0.70234375 0.019444444444444445 0.021875
0 0.1423611111111111 0.692578125 0.043055555555555555 0.03046875
0 0.05555555555555555 0.6859375 0.06111111111111111 0.0421875
0 0.9625 0.63046875 0.04722222222222222 0.0140625
0 0.4131944444444444 0.61875 0.0625 0.0234375
0 0.07361111111111111 0.609765625 0.03888888888888889 0.01171875
0 0.90625 0.61015625 0.10138888888888889 0.0375
0 0.25416666666666665 0.57890625 0.04722222222222222 0.025
0 0.7201388888888889 0.544921875 0.04027777777777778 0.02890625
0 0.7770833333333333 0.5390625 0.0375 0.028125
0 0.16666666666666666 0.53046875 0.06111111111111111 0.03125
0 0.8638888888888889 0.52421875 0.05 0.028125
0 0.013888888888888888 0.516796875 0.025 0.03046875
0 0.23472222222222222 0.47109375 0.05 0.0203125
0 0.1798611111111111 0.4578125 0.034722222222222224 0.0296875
0 0.6840277777777778 0.45546875 0.06527777777777778 0.0359375
0 0.08125 0.450390625 0.09583333333333334 0.04296875
0 0.22013888888888888 0.4375 0.05694444444444444 0.0203125
0 0.49236111111111114 0.44453125 0.09583333333333334 0.0375
0 0.05138888888888889 0.41484375 0.03888888888888889 0.025
0 0.5284722222222222 0.37421875 0.06527777777777778 0.0359375
0 0.09236111111111112 0.3453125 0.04027777777777778 0.025
0 0.010416666666666666 0.330078125 0.018055555555555554 0.03359375
0 0.8923611111111112 0.31640625 0.04583333333333333 0.0265625
0 0.005555555555555556 0.2734375 0.011111111111111112 0.0234375
0 0.1375 0.238671875 0.044444444444444446 0.02734375
0 0.09375 0.225 0.04861111111111111 0.028125
0 0.6152777777777778 0.2125 0.06111111111111111 0.05
0 0.05138888888888889 0.195703125 0.1 0.11015625
0 0.03958333333333333 0.123046875 0.07361111111111111 0.04765625
0 0.6472222222222223 0.0859375 0.030555555555555555 0.025
0 0.7138888888888889 0.069140625 0.019444444444444445 0.02109375
0 0.7201388888888889 0.05078125 0.03194444444444444 0.0234375
0 0.8159722222222222 0.021875 0.08194444444444444 0.0421875
