0 0.7041666666666667 0.619140625 0.030555555555555555 0.01953125
0 0.6458333333333334 0.6078125 0.025 0.0140625
0 0.9833333333333333 0.608984375 0.03333333333333333 0.02265625
0 0.7909722222222222 0.6078125 0.04027777777777778 0.025
0 0.6055555555555555 0.602734375 0.03611111111111111 0.01640625
0 0.7854166666666667 0.581640625 0.03194444444444444 0.01953125
0 0.9368055555555556 0.579296875 0.04027777777777778 0.01796875
0 0.38055555555555554 0.5703125 0.025 0.0171875
0 0.8527777777777777 0.5359375 0.03611111111111111 0.0140625
0 0.475 0.516796875 0.016666666666666666 0.01640625
0 0.9840277777777777 0.466015625 0.03194444444444444 0.02734375
0 0.011805555555555555 0.449609375 0.020833333333333332 0.02109375
0 0.49375 0.43515625 0.03194444444444444 0.0171875
0 0.23125 0.425 0.04027777777777778 0.0234375
0 0.02013888888888889 0.4109375 0.04027777777777778 0.0125
0 0.8861111111111111 0.36328125 0.03888888888888889 0.015625
0 0.2951388888888889 0.359375 0.0375 0.0234375
0 0.7715277777777778 0.326953125 0.034722222222222224 0.02265625
0 0.8979166666666667 0.31875 0.04027777777777778 0.0203125
0 0.8395833333333333 0.307421875 0.04583333333333333 0.02421875
0 0.9513888888888888 0.197265625 0.027777777777777776 0.01640625
0 0.3951388888888889 0.185546875 0.0375 0.02734375
0 0.4798611111111111 0.044921875 0.03194444444444444 0.02734375
0 0.5791666666666667 0.011328125 0.07777777777777778 0.02265625
