0 0.5847222222222223 0.809765625 0.04722222222222222 0.03203125
0 0.5881944444444445 0.743359375 0.02361111111111111 0.01484375
0 0.40555555555555556 0.73359375 0.016666666666666666 0.0171875
0 0.5020833333333333 0.703515625 0.02361111111111111 0.01171875
0 0.47291666666666665 0.703515625 0.020833333333333332 0.01796875
0 0.3958333333333333 0.701953125 0.03611111111111111 0.03046875
0 0.6506944444444445 0.6359375 0.02638888888888889 0.0203125
0 0.6965277777777777 0.6109375 0.04027777777777778 0.015625
0 0.8166666666666667 0.60859375 0.03888888888888889 0.025
0 0.5381944444444444 0.60859375 0.04583333333333333 0.028125
0 0.5965277777777778 0.5953125 0.02638888888888889 0.015625
0 0.6381944444444444 0.5859375 0.043055555555555555 0.0140625
0 0.7083333333333334 0.55625 0.03333333333333333 0.0171875
0 0.6520833333333333 0.54921875 0.034722222222222224 0.01875
0 0.7152777777777778 0.517578125 0.03888888888888889 0.02421875
0 0.7520833333333333 0.5078125 0.029166666666666667 0.0140625
0 0.44375 0.53125 0.05694444444444444 0.0625
0 0.6180555555555556 0.49921875 0.030555555555555555 0.015625
0 0.39166666666666666 0.4796875 0.06111111111111111 0.0265625
0 0.5152777777777777 0.472265625 0.03333333333333333 0.01953125
0 0.5506944444444445 0.465234375 0.043055555555555555 0.02421875
0 0.3145833333333333 0.466796875 0.04027777777777778 0.03671875
0 0.33125 0.4421875 0.0375 0.0171875
0 0.42569444444444443 0.446875 0.07361111111111111 0.03125
0 0.6111111111111112 0.42890625 0.044444444444444446 0.0234375
0 0.35208333333333336 0.40234375 0.03194444444444444 0.0171875
0 0.4986111111111111 0.403515625 0.058333333333333334 0.05234375
0 0.3548611111111111 0.375 0.0875 0.034375
0 0.4722222222222222 0.3515625 0.041666666666666664 0.0203125
0 0.43333333333333335 0.345703125 0.019444444444444445 0.01171875
0 0.4041666666666667 0.34140625 0.041666666666666664 0.0234375
0 0.525 0.335546875 0.041666666666666664 0.02265625
0 0.5506944444444445 0.308203125 0.0375 0.02578125
0 0.37222222222222223 0.3078125 0.044444444444444446 0.0265625
0 0.44305555555555554 0.305078125 0.05277777777777778 0.03046875
0 0.44166666666666665 0.266015625 0.06666666666666667 0.03046875
0 0.5395833333333333 0.255859375 0.029166666666666667 0.02109375
0 0.4236111111111111 0.220703125 0.019444444444444445 0.01171875
0 0.44305555555555554 0.217578125 0.016666666666666666 0.01015625
0 0.49444444444444446 0.21796875 0.027777777777777776 0.0171875
0 0.39444444444444443 0.20234375 0.019444444444444445 0.009375
0 0.4638888888888889 0.20234375 0.03611111111111111 0.0265625
0 0.5444444444444444 0.18125 0.044444444444444446 0.025
