0 0.42430555555555555 0.6765625 0.020833333333333332 0.021875
0 0.09791666666666667 0.665625 0.04861111111111111 0.021875
0 0.5930555555555556 0.65234375 0.027777777777777776 0.0109375
0 0.94375 0.64296875 0.04027777777777778 0.025
0 0.6666666666666666 0.6234375 0.03888888888888889 0.01875
0 0.06944444444444445 0.62890625 0.06111111111111111 0.03125
0 0.9708333333333333 0.615625 0.025 0.021875
0 0.3138888888888889 0.604296875 0.011111111111111112 0.00859375
0 0.4791666666666667 0.6078125 0.022222222222222223 0.0171875
0 0.1076388888888889 0.60625 0.029166666666666667 0.0140625
0 0.5854166666666667 0.596484375 0.015277777777777777 0.00859375
0 0.7236111111111111 0.58984375 0.013888888888888888 0.0078125
0 0.8993055555555556 0.5875 0.0375 0.0234375
0 0.7 0.55 0.008333333333333333 0.0078125
0 0.1 0.5515625 0.07222222222222222 0.025
0 0.9263888888888889 0.53359375 0.022222222222222223 0.0125
0 0.8569444444444444 0.51796875 0.027777777777777776 0.0140625
0 0.39652777777777776 0.46328125 0.015277777777777777 0.0078125
0 0.14027777777777778 0.466015625 0.04722222222222222 0.01953125
0 0.3194444444444444 0.453125 0.03611111111111111 0.0203125
0 0.03263888888888889 0.45625 0.034722222222222224 0.0265625
0 0.35208333333333336 0.43515625 0.02361111111111111 0.0109375
0 0.125 0.43515625 0.04722222222222222 0.0265625
0 0.5069444444444444 0.425390625 0.03611111111111111 0.02421875
0 0.44722222222222224 0.408203125 0.027777777777777776 0.01640625
0 0.41388888888888886 0.3984375 0.025 0.0234375
0 0.4638888888888889 0.3921875 0.030555555555555555 0.01875
0 0.7645833333333333 0.369140625 0.015277777777777777 0.01484375
0 0.12638888888888888 0.36328125 0.030555555555555555 0.01875
0 0.09375 0.362109375 0.0375 0.02109375
0 0.7173611111111111 0.346875 0.0125 0.0078125
0 0.7368055555555556 0.335546875 0.009722222222222222 0.00546875
0 0.7284722222222222 0.328515625 0.009722222222222222 0.00546875
0 0.9909722222222223 0.323046875 0.018055555555555554 0.01953125
0 0.6270833333333333 0.31796875 0.02638888888888889 0.009375
0 0.9666666666666667 0.31796875 0.030555555555555555 0.0171875
0 0.7777777777777778 0.31171875 0.011111111111111112 0.00625
0 0.6451388888888889 0.304296875 0.015277777777777777 0.00859375
0 0.7763888888888889 0.297265625 0.016666666666666666 0.00703125
0 0.9277777777777778 0.291796875 0.030555555555555555 0.02109375
0 0.6270833333333333 0.26640625 0.015277777777777777 0.009375
0 0.2986111111111111 0.2015625 0.044444444444444446 0.0265625
