0 0.7534722222222222 0.9671875 0.0625 0.0328125
0 0.37430555555555556 0.822265625 0.04027777777777778 0.02421875
0 0.4527777777777778 0.566796875 0.058333333333333334 0.03671875
0 0.4125 0.51484375 0.05 0.021875
0 0.9180555555555555 0.521875 0.07777777777777778 0.040625
0 0.7194444444444444 0.505859375 0.05277777777777778 0.02890625
0 0.6097222222222223 0.47734375 0.025 0.015625
0 0.03819444444444445 0.441796875 0.04861111111111111 0.02734375
0 0.5729166666666666 0.3609375 0.015277777777777777 0.01875
0 0.7770833333333333 0.346484375 0.029166666666666667 0.02265625
0 0.74375 0.30703125 0.05416666666666667 0.0265625
0 0.03680555555555556 0.316796875 0.07361111111111111 0.04609375
0 0.7159722222222222 0.215625 0.02361111111111111 0.0171875
0 0.6833333333333333 0.1546875 0.1111111111111111 0.0734375
