0 0.7381944444444445 0.9953125 0.059722222222222225 0.009375
0 0.06388888888888888 0.946875 0.03888888888888889 0.028125
0 0.6861111111111111 0.936328125 0.058333333333333334 0.03671875
0 0.3458333333333333 0.83671875 0.05555555555555555 0.028125
0 0.0875 0.809765625 0.03333333333333333 0.02109375
0 0.58125 0.80234375 0.12361111111111112 0.0546875
0 0.42916666666666664 0.758203125 0.05555555555555555 0.04609375
0 0.6041666666666666 0.73125 0.03611111111111111 0.0109375
0 0.6798611111111111 0.71015625 0.020833333333333332 0.0171875
0 0.4847222222222222 0.709765625 0.05555555555555555 0.03046875
0 0.6291666666666667 0.7046875 0.041666666666666664 0.0234375
0 0.6722222222222223 0.664453125 0.09166666666666666 0.04453125
0 0.23819444444444443 0.65 0.0375 0.01875
0 0.37916666666666665 0.6484375 0.08333333333333333 0.028125
0 0.5520833333333334 0.64296875 0.08194444444444444 0.0578125
0 0.4222222222222222 0.623828125 0.016666666666666666 0.02265625
0 0.2923611111111111 0.61796875 0.04027777777777778 0.015625
0 0.3763888888888889 0.615234375 0.03611111111111111 0.02734375
0 0.33611111111111114 0.5796875 0.07777777777777778 0.0421875
0 0.5694444444444444 0.56796875 0.09444444444444444 0.03125
0 0.7131944444444445 0.45859375 0.09305555555555556 0.0375
0 0.5638888888888889 0.431640625 0.05555555555555555 0.02109375
0 0.45694444444444443 0.41015625 0.05555555555555555 0.028125
0 0.5034722222222222 0.386328125 0.0375 0.03203125
0 0.40555555555555556 0.37578125 0.058333333333333334 0.025
0 0.6527777777777778 0.3515625 0.05 0.0265625
0 0.4888888888888889 0.35 0.05277777777777778 0.0359375
0 0.46944444444444444 0.3171875 0.05277777777777778 0.028125
0 0.6701388888888888 0.286328125 0.04027777777777778 0.02734375
0 0.6076388888888888 0.285546875 0.04861111111111111 0.03515625
0 0.6944444444444444 0.27265625 0.022222222222222223 0.0140625
0 0.6354166666666666 0.2578125 0.10972222222222222 0.028125
