0 0.6645833333333333 0.790234375 0.09305555555555556 0.05703125
0 0.8673611111111111 0.775390625 0.043055555555555555 0.03203125
0 0.7263888888888889 0.749609375 0.030555555555555555 0.02890625
0 0.43680555555555556 0.745703125 0.05138888888888889 0.02421875
0 0.30486111111111114 0.74765625 0.05416666666666667 0.028125
0 0.7916666666666666 0.7296875 0.041666666666666664 0.0234375
0 0.975 0.738671875 0.05 0.05078125
0 0.18125 0.71015625 0.05138888888888889 0.0296875
0 0.4166666666666667 0.695703125 0.022222222222222223 0.01171875
0 0.29444444444444445 0.691015625 0.08333333333333333 0.04296875
0 0.10625 0.682421875 0.0875 0.04765625
0 0.5222222222222223 0.662109375 0.04722222222222222 0.02265625
0 0.21319444444444444 0.669140625 0.06527777777777778 0.03984375
0 0.6534722222222222 0.657421875 0.04861111111111111 0.02890625
0 0.37222222222222223 0.656640625 0.07222222222222222 0.03203125
0 0.45625 0.642578125 0.10972222222222222 0.04453125
0 0.4027777777777778 0.616015625 0.041666666666666664 0.02421875
0 0.5409722222222222 0.61015625 0.07361111111111111 0.0578125
0 0.3625 0.558203125 0.058333333333333334 0.02109375
0 0.05763888888888889 0.549609375 0.02638888888888889 0.01953125
0 0.6 0.555078125 0.06666666666666667 0.03203125
0 0.31527777777777777 0.5359375 0.03888888888888889 0.015625
0 0.6847222222222222 0.52265625 0.03333333333333333 0.0171875
0 0.04861111111111111 0.519921875 0.05277777777777778 0.01796875
0 0.8048611111111111 0.50625 0.029166666666666667 0.0109375
0 0.7131944444444445 0.490234375 0.034722222222222224 0.01484375
0 0.03333333333333333 0.479296875 0.03611111111111111 0.01953125
0 0.13680555555555557 0.466015625 0.034722222222222224 0.01015625
0 0.8027777777777778 0.462890625 0.027777777777777776 0.01953125
0 0.7159722222222222 0.46640625 0.02361111111111111 0.0265625
0 0.6854166666666667 0.451953125 0.03194444444444444 0.02890625
0 0.43333333333333335 0.448828125 0.03888888888888889 0.02265625
0 0.5201388888888889 0.44140625 0.02361111111111111 0.0171875
0 0.10208333333333333 0.44765625 0.04027777777777778 0.0359375
0 0.8090277777777778 0.426171875 0.04027777777777778 0.01171875
0 0.5319444444444444 0.4234375 0.027777777777777776 0.0140625
0 0.049305555555555554 0.413671875 0.04027777777777778 0.02109375
0 0.5638888888888889 0.40859375 0.016666666666666666 0.0140625
0 0.10486111111111111 0.407421875 0.04027777777777778 0.02421875
0 0.1451388888888889 0.402734375 0.034722222222222224 0.01953125
0 0.6958333333333333 0.40234375 0.07777777777777778 0.0234375
0 0.47847222222222224 0.394921875 0.03194444444444444 0.01796875
0 0.8055555555555556 0.40078125 0.05555555555555555 0.03125
0 0.225 0.388671875 0.027777777777777776 0.01015625
0 0.03680555555555556 0.38046875 0.018055555555555554 0.0125
0 0.011805555555555555 0.37578125 0.020833333333333332 0.01875
0 0.2701388888888889 0.36953125 0.04583333333333333 0.021875
0 0.5506944444444445 0.366796875 0.034722222222222224 0.01953125
0 0.6402777777777777 0.3578125 0.030555555555555555 0.0140625
0 0.034027777777777775 0.355859375 0.02361111111111111 0.01640625
0 0.9520833333333333 0.35390625 0.04583333333333333 0.021875
0 0.3909722222222222 0.33984375 0.03194444444444444 0.015625
0 0.6201388888888889 0.335546875 0.034722222222222224 0.02109375
0 0.8159722222222222 0.32421875 0.034722222222222224 0.0125
0 0.66875 0.31328125 0.029166666666666667 0.01875
0 0.4618055555555556 0.31171875 0.034722222222222224 0.01875
0 0.8458333333333333 0.3015625 0.041666666666666664 0.021875
0 0.7541666666666667 0.290234375 0.03611111111111111 0.01796875
0 0.6736111111111112 0.269921875 0.03888888888888889 0.02265625
0 0.8118055555555556 0.250390625 0.04583333333333333 0.02265625
0 0.8513888888888889 0.207421875 0.041666666666666664 0.02421875
0 0.8090277777777778 0.185546875 0.034722222222222224 0.01328125
0 0.9270833333333334 0.187890625 0.0625 0.03203125
0 0.9020833333333333 0.15859375 0.043055555555555555 0.025
0 0.9541666666666667 0.13046875 0.03888888888888889 0.0203125
0 0.9875 0.12578125 0.025 0.0171875
0 0.7118055555555556 0.122265625 0.043055555555555555 0.02421875
0 0.78125 0.1140625 0.034722222222222224 0.021875
0 0.7402777777777778 0.10390625 0.03611111111111111 0.021875
0 0.8027777777777778 0.081640625 0.03611111111111111 0.01953125
0 0.7513888888888889 0.0828125 0.03888888888888889 0.028125
0 0.8868055555555555 0.07265625 0.05138888888888889 0.040625
0 0.8125 0.058203125 0.03611111111111111 0.02109375
0 0.8680555555555556 0.03359375 0.041666666666666664 0.0234375
0 0.7673611111111112 0.0328125 0.04861111111111111 0.0296875
0 0.8833333333333333 0.011328125 0.03611111111111111 0.01484375
0 0.7069444444444445 0.024609375 0.06666666666666667 0.04609375
0 0.6458333333333334 0.008984375 0.04722222222222222 0.01640625
