0 0.6159722222222223 0.809375 0.04027777777777778 0.0328125
0 0.9645833333333333 0.7625 0.059722222222222225 0.021875
0 0.45694444444444443 0.7328125 0.03611111111111111 0.0171875
0 0.55625 0.734375 0.0375 0.03125
0 0.5645833333333333 0.7125 0.029166666666666667 0.0140625
0 0.6118055555555556 0.686328125 0.02361111111111111 0.01328125
0 0.5291666666666667 0.69140625 0.05 0.028125
0 0.6354166666666666 0.672265625 0.018055555555555554 0.01484375
0 0.5534722222222223 0.608203125 0.09305555555555556 0.03828125
0 0.3277777777777778 0.57734375 0.044444444444444446 0.021875
0 0.2722222222222222 0.545703125 0.027777777777777776 0.01640625
0 0.5444444444444444 0.5390625 0.03611111111111111 0.0203125
0 0.3923611111111111 0.548046875 0.08194444444444444 0.04765625
0 0.44583333333333336 0.5265625 0.019444444444444445 0.01875
0 0.5666666666666667 0.516015625 0.03888888888888889 0.02421875
0 0.6083333333333333 0.504296875 0.030555555555555555 0.02265625
0 0.3402777777777778 0.47734375 0.1 0.0359375
0 0.04861111111111111 0.47265625 0.06666666666666667 0.0359375
0 0.5569444444444445 0.467578125 0.06666666666666667 0.04453125
0 0.3347222222222222 0.4421875 0.04722222222222222 0.021875
0 0.018055555555555554 0.4234375 0.030555555555555555 0.0140625
0 0.7159722222222222 0.415625 0.0375 0.0234375
0 0.40208333333333335 0.412109375 0.05138888888888889 0.03984375
0 0.6486111111111111 0.4109375 0.07222222222222222 0.0484375
0 0.07569444444444444 0.3859375 0.02638888888888889 0.0125
0 0.043055555555555555 0.37421875 0.016666666666666666 0.0125
0 0.3236111111111111 0.362890625 0.025 0.01171875
0 0.24305555555555555 0.35 0.03333333333333333 0.0171875
0 0.5152777777777777 0.351171875 0.05 0.02734375
0 0.017361111111111112 0.340625 0.02638888888888889 0.0125
0 0.54375 0.3328125 0.02638888888888889 0.0140625
0 0.6951388888888889 0.30546875 0.05694444444444444 0.0375
0 0.5409722222222222 0.303125 0.08194444444444444 0.0390625
0 0.6291666666666667 0.26875 0.03333333333333333 0.021875
0 0.3854166666666667 0.262890625 0.05138888888888889 0.03203125
0 0.5326388888888889 0.230859375 0.04027777777777778 0.02578125
0 0.42569444444444443 0.21875 0.034722222222222224 0.01875
0 0.5597222222222222 0.20234375 0.041666666666666664 0.0234375
0 0.4236111111111111 0.16171875 0.04722222222222222 0.028125
0 0.5076388888888889 0.17734375 0.10138888888888889 0.0640625
0 0.4736111111111111 0.14765625 0.03888888888888889 0.0234375
0 0.47152777777777777 0.105859375 0.11527777777777778 0.05546875
0 0.4736111111111111 0.074609375 0.041666666666666664 0.02734375
0 0.525 0.049609375 0.06666666666666667 0.05234375
