0 0.26944444444444443 0.8328125 0.058333333333333334 0.0375
0 0.2673611111111111 0.74375 0.06805555555555555 0.05
0 0.9875 0.616015625 0.025 0.01484375
0 0.9847222222222223 0.591796875 0.030555555555555555 0.01953125
0 0.16458333333333333 0.54140625 0.0375 0.025
0 0.15763888888888888 0.507421875 0.06527777777777778 0.03046875
0 0.10138888888888889 0.484375 0.041666666666666664 0.0296875
0 0.8569444444444444 0.47890625 0.044444444444444446 0.0203125
0 0.15625 0.467578125 0.034722222222222224 0.02265625
0 0.09583333333333334 0.441015625 0.044444444444444446 0.02578125
0 0.9840277777777777 0.396875 0.03194444444444444 0.025
