0 0.7513888888888889 0.683203125 0.058333333333333334 0.03203125
0 0.475 0.663671875 0.027777777777777776 0.01953125
0 0.8118055555555556 0.63984375 0.05694444444444444 0.0265625
0 0.3194444444444444 0.616796875 0.041666666666666664 0.01796875
0 0.5347222222222222 0.615625 0.03888888888888889 0.040625
0 0.7076388888888889 0.612890625 0.07083333333333333 0.06015625
0 0.27708333333333335 0.5890625 0.03194444444444444 0.0171875
0 0.41944444444444445 0.58515625 0.05 0.0390625
0 0.48194444444444445 0.57578125 0.05277777777777778 0.040625
0 0.5715277777777777 0.565625 0.05694444444444444 0.03125
0 0.8034722222222223 0.559765625 0.0875 0.03984375
0 0.4076388888888889 0.551171875 0.05138888888888889 0.02734375
0 0.6465277777777778 0.5390625 0.04583333333333333 0.0265625
0 0.8534722222222222 0.52734375 0.04583333333333333 0.028125
0 0.9333333333333333 0.51328125 0.041666666666666664 0.01875
0 0.6270833333333333 0.510546875 0.029166666666666667 0.01796875
0 0.01875 0.513671875 0.0375 0.03046875
0 0.4284722222222222 0.505078125 0.059722222222222225 0.03515625
0 0.9625 0.490625 0.06388888888888888 0.028125
0 0.7701388888888889 0.484375 0.06527777777777778 0.0359375
0 0.8729166666666667 0.473046875 0.03194444444444444 0.01953125
0 0.69375 0.473046875 0.04861111111111111 0.02734375
0 0.12708333333333333 0.460546875 0.043055555555555555 0.01953125
0 0.6298611111111111 0.4515625 0.029166666666666667 0.015625
0 0.9145833333333333 0.463671875 0.07361111111111111 0.05859375
0 0.7090277777777778 0.431640625 0.03194444444444444 0.01484375
0 0.6597222222222222 0.4109375 0.06111111111111111 0.021875
0 0.5125 0.406640625 0.027777777777777776 0.01640625
0 0.8638888888888889 0.404296875 0.025 0.01640625
0 0.9270833333333334 0.39765625 0.0375 0.0125
0 0.7743055555555556 0.383984375 0.02361111111111111 0.01171875
0 0.6326388888888889 0.383203125 0.02361111111111111 0.01484375
0 0.8236111111111111 0.375 0.03611111111111111 0.015625
0 0.4152777777777778 0.36875 0.030555555555555555 0.0140625
0 0.15208333333333332 0.376953125 0.07916666666666666 0.04140625
0 0.4798611111111111 0.36171875 0.0375 0.01875
0 0.5701388888888889 0.355078125 0.03194444444444444 0.02421875
0 0.02361111111111111 0.362890625 0.044444444444444446 0.04609375
0 0.5256944444444445 0.34375 0.03194444444444444 0.0125
0 0.26319444444444445 0.346484375 0.04027777777777778 0.01796875
0 0.38958333333333334 0.34609375 0.0375 0.0265625
0 0.9402777777777778 0.3359375 0.03611111111111111 0.0171875
0 0.18958333333333333 0.321875 0.0375 0.0171875
0 0.03888888888888889 0.32734375 0.058333333333333334 0.0328125
0 0.10486111111111111 0.3046875 0.02638888888888889 0.015625
0 0.33541666666666664 0.3109375 0.08472222222222223 0.040625
0 0.5138888888888888 0.293359375 0.041666666666666664 0.02265625
0 0.04375 0.29296875 0.04027777777777778 0.0234375
0 0.15486111111111112 0.290625 0.05416666666666667 0.028125
0 0.8916666666666667 0.28046875 0.03333333333333333 0.0234375
0 0.9569444444444445 0.265625 0.07222222222222222 0.0328125
0 0.3993055555555556 0.252734375 0.04027777777777778 0.03671875
0 0.32013888888888886 0.237890625 0.04027777777777778 0.02109375
0 0.9513888888888888 0.236328125 0.03611111111111111 0.01953125
0 0.2111111111111111 0.241796875 0.05277777777777778 0.03046875
0 0.6104166666666667 0.235546875 0.034722222222222224 0.01953125
0 0.9909722222222223 0.234765625 0.015277777777777777 0.02265625
0 0.7638888888888888 0.225390625 0.044444444444444446 0.02265625
0 0.5659722222222222 0.224609375 0.043055555555555555 0.02421875
0 0.6923611111111111 0.215625 0.04027777777777778 0.0234375
0 0.4701388888888889 0.22578125 0.07083333333333333 0.0484375
0 0.058333333333333334 0.2078125 0.022222222222222223 0.0140625
0 0.4263888888888889 0.209375 0.03611111111111111 0.0234375
0 0.3645833333333333 0.2046875 0.07083333333333333 0.028125
0 0.027777777777777776 0.18515625 0.030555555555555555 0.01875
0 0.9861111111111112 0.180859375 0.025 0.01640625
0 0.19652777777777777 0.18828125 0.05138888888888889 0.034375
0 0.08819444444444445 0.18046875 0.0375 0.01875
0 0.6111111111111112 0.17421875 0.03611111111111111 0.0234375
0 0.9201388888888888 0.169140625 0.03194444444444444 0.01640625
0 0.8083333333333333 0.1890625 0.18611111111111112 0.059375
0 0.4847222222222222 0.1703125 0.022222222222222223 0.0234375
0 0.6763888888888889 0.169140625 0.05 0.02578125
0 0.12083333333333333 0.15390625 0.03333333333333333 0.0203125
0 0.05 0.150390625 0.041666666666666664 0.01953125
0 0.9375 0.150390625 0.08611111111111111 0.03046875
0 0.58125 0.146484375 0.043055555555555555 0.02421875
0 0.6680555555555555 0.13125 0.04722222222222222 0.0265625
0 0.027083333333333334 0.1125 0.020833333333333332 0.015625
0 0.14791666666666667 0.11796875 0.043055555555555555 0.028125
0 0.04027777777777778 0.0859375 0.07777777777777778 0.034375
0 0.18263888888888888 0.09140625 0.1375 0.0765625
0 0.03958333333333333 0.049609375 0.07083333333333333 0.02890625
0 0.11319444444444444 0.04609375 0.034722222222222224 0.0234375
0 0.07569444444444444 0.016796875 0.029166666666666667 0.01796875
