0 0.9402777777777778 0.619921875 0.025 0.02734375
0 0.8729166666666667 0.610546875 0.0375 0.02421875
0 0.33402777777777776 0.6046875 0.03194444444444444 0.025
0 0.3784722222222222 0.596875 0.043055555555555555 0.0234375
0 0.38263888888888886 0.558984375 0.043055555555555555 0.02421875
0 0.19444444444444445 0.50078125 0.03611111111111111 0.0375
0 0.8673611111111111 0.475390625 0.03194444444444444 0.01171875
0 0.9368055555555556 0.473828125 0.02638888888888889 0.01171875
0 0.14166666666666666 0.456640625 0.03888888888888889 0.01484375
0 0.20902777777777778 0.456640625 0.034722222222222224 0.01640625
0 0.4756944444444444 0.4484375 0.07083333333333333 0.034375
0 0.2152777777777778 0.43515625 0.022222222222222223 0.015625
0 0.29305555555555557 0.42421875 0.027777777777777776 0.01875
0 0.7819444444444444 0.423046875 0.03888888888888889 0.02265625
0 0.9354166666666667 0.40703125 0.029166666666666667 0.0125
0 0.60625 0.405859375 0.04027777777777778 0.01640625
0 0.9041666666666667 0.403125 0.027777777777777776 0.015625
0 0.11875 0.403125 0.02361111111111111 0.0171875
0 0.3013888888888889 0.398828125 0.027777777777777776 0.01171875
0 0.3472222222222222 0.399609375 0.022222222222222223 0.01484375
0 0.3402777777777778 0.382421875 0.025 0.01484375
0 0.9881944444444445 0.38125 0.02361111111111111 0.015625
0 0.6444444444444445 0.381640625 0.03333333333333333 0.01796875
0 0.8770833333333333 0.373046875 0.02361111111111111 0.02421875
0 0.5451388888888888 0.359765625 0.0375 0.02109375
0 0.3548611111111111 0.33828125 0.02638888888888889 0.0125
0 0.13680555555555557 0.33125 0.03194444444444444 0.0140625
0 0.06944444444444445 0.293359375 0.013888888888888888 0.01015625
0 0.9006944444444445 0.2859375 0.04861111111111111 0.021875
0 0.06597222222222222 0.265234375 0.034722222222222224 0.01953125
0 0.3486111111111111 0.253515625 0.027777777777777776 0.01953125
0 0.06527777777777778 0.233203125 0.025 0.01328125
