0 0.3458333333333333 0.867578125 0.05277777777777778 0.03671875
0 0.8916666666666667 0.84765625 0.06388888888888888 0.040625
0 0.21597222222222223 0.830078125 0.034722222222222224 0.01953125
0 0.8145833333333333 0.825 0.06805555555555555 0.0734375
0 0.94375 0.791796875 0.04861111111111111 0.02890625
0 0.08680555555555555 0.782421875 0.04583333333333333 0.02265625
0 0.03194444444444444 0.780078125 0.041666666666666664 0.01953125
0 0.3 0.770703125 0.05555555555555555 0.01953125
0 0.9291666666666667 0.772265625 0.04722222222222222 0.02421875
0 0.9888888888888889 0.77109375 0.022222222222222223 0.028125
0 0.5340277777777778 0.7578125 0.05694444444444444 0.03125
0 0.24930555555555556 0.744921875 0.02638888888888889 0.01796875
0 0.9541666666666667 0.749609375 0.06388888888888888 0.03515625
0 0.10138888888888889 0.748828125 0.05 0.03984375
0 0.22361111111111112 0.734375 0.03888888888888889 0.0140625
0 0.8763888888888889 0.71875 0.06388888888888888 0.0359375
0 0.07013888888888889 0.7140625 0.06805555555555555 0.0328125
0 0.3715277777777778 0.71171875 0.05138888888888889 0.0296875
0 0.8770833333333333 0.66796875 0.03194444444444444 0.0234375
0 0.4284722222222222 0.653515625 0.020833333333333332 0.01015625
0 0.1388888888888889 0.663671875 0.075 0.03828125
0 0.6111111111111112 0.63359375 0.030555555555555555 0.0203125
0 0.17847222222222223 0.61640625 0.04027777777777778 0.025
0 0.3472222222222222 0.603125 0.03611111111111111 0.0140625
0 0.45416666666666666 0.602734375 0.025 0.01484375
0 0.7236111111111111 0.585546875 0.044444444444444446 0.01171875
0 0.09583333333333334 0.563671875 0.030555555555555555 0.01953125
0 0.5694444444444444 0.546484375 0.019444444444444445 0.01328125
0 0.6868055555555556 0.523828125 0.020833333333333332 0.01015625
0 0.8979166666666667 0.526171875 0.0375 0.01640625
0 0.8958333333333334 0.495703125 0.025 0.01484375
0 0.23680555555555555 0.455859375 0.04583333333333333 0.01796875
0 0.15902777777777777 0.4453125 0.043055555555555555 0.0234375
0 0.2326388888888889 0.4421875 0.04861111111111111 0.021875
0 0.8659722222222223 0.34765625 0.02638888888888889 0.0125
0 0.33819444444444446 0.328125 0.04027777777777778 0.025
0 0.05138888888888889 0.314453125 0.03333333333333333 0.01484375
0 0.28402777777777777 0.3 0.034722222222222224 0.021875
0 0.4284722222222222 0.296875 0.043055555555555555 0.0234375
0 0.23472222222222222 0.291015625 0.03888888888888889 0.01484375
0 0.4722222222222222 0.293359375 0.05277777777777778 0.03203125
0 0.7152777777777778 0.292578125 0.1388888888888889 0.04453125
0 0.3770833333333333 0.283203125 0.04583333333333333 0.02578125
0 0.06527777777777778 0.275 0.027777777777777776 0.0125
0 0.9354166666666667 0.269921875 0.029166666666666667 0.01796875
0 0.12291666666666666 0.27265625 0.043055555555555555 0.0234375
0 0.09722222222222222 0.262890625 0.03888888888888889 0.02265625
0 0.2701388888888889 0.2625 0.04861111111111111 0.025
0 0.5722222222222222 0.23984375 0.06111111111111111 0.025
0 0.5138888888888888 0.234375 0.05277777777777778 0.034375
0 0.7458333333333333 0.236328125 0.06944444444444445 0.03984375
0 0.4013888888888889 0.22265625 0.04722222222222222 0.0234375
0 0.875 0.207421875 0.025 0.01328125
0 0.011111111111111112 0.209375 0.019444444444444445 0.0203125
0 0.05625 0.2125 0.0763888888888889 0.0328125
0 0.2513888888888889 0.19921875 0.03888888888888889 0.0203125
0 0.9881944444444445 0.18125 0.020833333333333332 0.0078125
0 0.10486111111111111 0.191796875 0.043055555555555555 0.02890625
0 0.8916666666666667 0.17109375 0.027777777777777776 0.01875
0 0.18680555555555556 0.16484375 0.04027777777777778 0.01875
0 0.4701388888888889 0.167578125 0.05138888888888889 0.02890625
0 0.6326388888888889 0.160546875 0.06527777777777778 0.03828125
0 0.19305555555555556 0.146875 0.03333333333333333 0.01875
0 0.9583333333333334 0.143359375 0.03611111111111111 0.01796875
0 0.3229166666666667 0.144921875 0.04583333333333333 0.02578125
0 0.2722222222222222 0.1421875 0.044444444444444446 0.0296875
0 0.79375 0.15078125 0.10138888888888889 0.0484375
0 0.08819444444444445 0.128515625 0.02361111111111111 0.01953125
0 0.25625 0.11484375 0.043055555555555555 0.0265625
0 0.33819444444444446 0.10625 0.0375 0.015625
0 0.9854166666666667 0.09921875 0.02638888888888889 0.0171875
0 0.8381944444444445 0.091796875 0.059722222222222225 0.03828125
0 0.4354166666666667 0.08203125 0.043055555555555555 0.0234375
0 0.3 0.080078125 0.05277777777777778 0.03203125
0 0.6055555555555555 0.078515625 0.07222222222222222 0.03984375
0 0.5118055555555555 0.062109375 0.043055555555555555 0.02265625
0 0.3784722222222222 0.060546875 0.08194444444444444 0.03671875
0 0.3173611111111111 0.052734375 0.0375 0.02578125
0 0.9673611111111111 0.055078125 0.0625 0.04765625
0 0.5111111111111111 0.039453125 0.04722222222222222 0.01953125
0 0.8763888888888889 0.0375 0.027777777777777776 0.01875
0 0.22291666666666668 0.040625 0.0763888888888889 0.0390625
0 0.7638888888888888 0.02109375 0.05 0.0265625
0 0.9756944444444444 0.01171875 0.04027777777777778 0.01875
