0 0.8486111111111111 0.987890625 0.07777777777777778 0.02421875
0 0.6590277777777778 0.8921875 0.06527777777777778 0.040625
0 0.9118055555555555 0.869921875 0.02638888888888889 0.01171875
0 0.8173611111111111 0.8828125 0.05416666666666667 0.040625
0 0.55625 0.846484375 0.04861111111111111 0.01953125
0 0.32083333333333336 0.84140625 0.04722222222222222 0.03125
0 0.010416666666666666 0.83203125 0.018055555555555554 0.0296875
0 0.8756944444444444 0.80625 0.04583333333333333 0.025
0 0.9708333333333333 0.808984375 0.05 0.03828125
0 0.8222222222222222 0.805859375 0.06388888888888888 0.04296875
0 0.17708333333333334 0.785546875 0.05694444444444444 0.02578125
0 0.02013888888888889 0.783984375 0.04027777777777778 0.03046875
0 0.8493055555555555 0.780859375 0.059722222222222225 0.02578125
0 0.7256944444444444 0.776953125 0.04861111111111111 0.03203125
0 0.9743055555555555 0.76953125 0.05138888888888889 0.0296875
0 0.7548611111111111 0.763671875 0.04027777777777778 0.02109375
0 0.6041666666666666 0.758984375 0.04722222222222222 0.01953125
0 0.3145833333333333 0.733203125 0.04027777777777778 0.02265625
0 0.7138888888888889 0.71640625 0.041666666666666664 0.0234375
0 0.8673611111111111 0.71875 0.07361111111111111 0.0390625
0 0.30416666666666664 0.6828125 0.041666666666666664 0.0171875
0 0.76875 0.671875 0.04861111111111111 0.034375
0 0.25972222222222224 0.663671875 0.025 0.02265625
0 0.3763888888888889 0.63671875 0.041666666666666664 0.0265625
0 0.7923611111111111 0.638671875 0.06527777777777778 0.03515625
0 0.96875 0.633984375 0.04861111111111111 0.02890625
0 0.69375 0.630859375 0.05694444444444444 0.02265625
0 0.5673611111111111 0.634765625 0.05694444444444444 0.03046875
0 0.8965277777777778 0.6234375 0.0875 0.025
0 0.7993055555555556 0.61015625 0.09305555555555556 0.0390625
0 0.6465277777777778 0.609375 0.059722222222222225 0.0375
0 0.8881944444444444 0.59296875 0.034722222222222224 0.015625
0 0.4652777777777778 0.591796875 0.041666666666666664 0.02421875
0 0.9326388888888889 0.590234375 0.05138888888888889 0.03046875
0 0.4486111111111111 0.551171875 0.04722222222222222 0.02421875
0 0.5833333333333334 0.54765625 0.06111111111111111 0.0359375
0 0.6222222222222222 0.526953125 0.030555555555555555 0.02265625
0 0.7493055555555556 0.502734375 0.04583333333333333 0.01953125
0 0.3861111111111111 0.499609375 0.03333333333333333 0.01640625
0 0.2638888888888889 0.4984375 0.044444444444444446 0.01875
0 0.03333333333333333 0.48828125 0.05 0.025
0 0.6090277777777777 0.491796875 0.11805555555555555 0.04453125
0 0.225 0.471875 0.05 0.021875
0 0.39652777777777776 0.469921875 0.05416666666666667 0.02109375
0 0.7472222222222222 0.45703125 0.075 0.0328125
0 0.2986111111111111 0.430859375 0.027777777777777776 0.01328125
0 0.23055555555555557 0.437890625 0.041666666666666664 0.03046875
0 0.48055555555555557 0.434765625 0.05555555555555555 0.03515625
0 0.6805555555555556 0.420703125 0.05 0.03984375
0 0.2534722222222222 0.40703125 0.043055555555555555 0.0234375
0 0.05694444444444444 0.39609375 0.1111111111111111 0.0484375
0 0.45208333333333334 0.372265625 0.06805555555555555 0.03984375
0 0.7125 0.36328125 0.058333333333333334 0.0359375
0 0.5743055555555555 0.342578125 0.1125 0.03828125
0 0.7243055555555555 0.325390625 0.029166666666666667 0.02734375
0 0.5208333333333334 0.323828125 0.030555555555555555 0.03515625
0 0.6506944444444445 0.316796875 0.05416666666666667 0.03046875
0 0.4486111111111111 0.302734375 0.025 0.01328125
0 0.9826388888888888 0.31171875 0.034722222222222224 0.0328125
0 0.8020833333333334 0.301953125 0.059722222222222225 0.03203125
0 0.9284722222222223 0.29921875 0.05138888888888889 0.0296875
0 0.10902777777777778 0.290234375 0.04861111111111111 0.02578125
0 0.64375 0.28359375 0.05694444444444444 0.0296875
0 0.4270833333333333 0.2625 0.015277777777777777 0.0140625
0 0.2791666666666667 0.262109375 0.058333333333333334 0.02734375
0 0.5020833333333333 0.26953125 0.15138888888888888 0.06875
0 0.5736111111111111 0.2328125 0.08888888888888889 0.0296875
0 0.23472222222222222 0.240234375 0.11388888888888889 0.04921875
0 0.4798611111111111 0.20234375 0.04583333333333333 0.0265625
0 0.5743055555555555 0.17890625 0.04861111111111111 0.034375
0 0.5229166666666667 0.1765625 0.07083333333333333 0.0375
0 0.6048611111111111 0.144140625 0.04583333333333333 0.03203125
0 0.5645833333333333 0.103125 0.0625 0.0421875
0 0.5576388888888889 0.04453125 0.05416666666666667 0.0359375
0 0.43680555555555556 0.020703125 0.04027777777777778 0.02265625
