0 0.8527777777777777 0.57890625 0.1361111111111111 0.05625
0 0.8291666666666667 0.51171875 0.05277777777777778 0.0265625
0 0.8979166666666667 0.494921875 0.12083333333333333 0.06328125
0 0.9048611111111111 0.45078125 0.02638888888888889 0.0328125
0 0.9541666666666667 0.44765625 0.06111111111111111 0.040625
0 0.9819444444444444 0.425 0.03611111111111111 0.05
0 0.8513888888888889 0.393359375 0.06111111111111111 0.04140625
0 0.9868055555555556 0.355078125 0.020833333333333332 0.03828125
0 0.9395833333333333 0.348828125 0.07361111111111111 0.04921875
0 0.95625 0.309375 0.0875 0.04375
0 0.5951388888888889 0.291796875 0.0763888888888889 0.05078125
