0 0.8923611111111112 0.77265625 0.034722222222222224 0.0140625
0 0.8847222222222222 0.755859375 0.025 0.01953125
0 0.9493055555555555 0.744140625 0.034722222222222224 0.02109375
0 0.7916666666666666 0.667578125 0.025 0.01640625
0 0.6958333333333333 0.641796875 0.027777777777777776 0.01484375
0 0.6916666666666667 0.62734375 0.03611111111111111 0.0125
0 0.8222222222222222 0.621875 0.019444444444444445 0.01875
0 0.8506944444444444 0.600390625 0.04583333333333333 0.02421875
0 0.11597222222222223 0.5828125 0.029166666666666667 0.0140625
0 0.8368055555555556 0.56796875 0.04583333333333333 0.0265625
0 0.3576388888888889 0.563671875 0.034722222222222224 0.01796875
0 0.9527777777777777 0.563671875 0.06944444444444445 0.04296875
0 0.4756944444444444 0.55 0.0375 0.0203125
0 0.09305555555555556 0.548828125 0.030555555555555555 0.01796875
0 0.3138888888888889 0.54375 0.03333333333333333 0.01875
0 0.005555555555555556 0.538671875 0.011111111111111112 0.01015625
0 0.6972222222222222 0.541015625 0.05 0.02890625
0 0.2826388888888889 0.53359375 0.03194444444444444 0.0171875
0 0.025694444444444443 0.53203125 0.03194444444444444 0.015625
0 0.22291666666666668 0.537109375 0.059722222222222225 0.03046875
0 0.7763888888888889 0.5328125 0.05277777777777778 0.0265625
0 0.050694444444444445 0.526171875 0.02638888888888889 0.01328125
0 0.9743055555555555 0.528515625 0.04861111111111111 0.02734375
0 0.10347222222222222 0.51953125 0.029166666666666667 0.0140625
0 0.07916666666666666 0.5203125 0.030555555555555555 0.015625
0 0.5805555555555556 0.5203125 0.05 0.025
0 0.1763888888888889 0.515625 0.04722222222222222 0.03125
0 0.7055555555555556 0.488671875 0.019444444444444445 0.01640625
0 0.375 0.483984375 0.03888888888888889 0.02421875
0 0.4111111111111111 0.47734375 0.044444444444444446 0.0203125
0 0.9458333333333333 0.465234375 0.03611111111111111 0.01796875
0 0.8458333333333333 0.462890625 0.03333333333333333 0.01640625
0 0.46944444444444444 0.462109375 0.04722222222222222 0.02890625
0 0.32569444444444445 0.455859375 0.034722222222222224 0.02265625
0 0.7729166666666667 0.44765625 0.0375 0.0203125
0 0.24305555555555555 0.444140625 0.04722222222222222 0.02421875
0 0.6444444444444445 0.44453125 0.05277777777777778 0.034375
0 0.19722222222222222 0.429296875 0.041666666666666664 0.02578125
0 0.05 0.421484375 0.03611111111111111 0.01640625
0 0.2847222222222222 0.424609375 0.027777777777777776 0.02578125
0 0.16875 0.419140625 0.029166666666666667 0.02265625
0 0.5055555555555555 0.412109375 0.03611111111111111 0.01640625
0 0.375 0.419140625 0.05 0.03046875
0 0.5868055555555556 0.425 0.0763888888888889 0.053125
0 0.3472222222222222 0.394921875 0.022222222222222223 0.01484375
0 0.41805555555555557 0.384765625 0.03333333333333333 0.01953125
0 0.2791666666666667 0.3734375 0.019444444444444445 0.0109375
0 0.21388888888888888 0.37109375 0.022222222222222223 0.0140625
0 0.15208333333333332 0.367578125 0.034722222222222224 0.01640625
0 0.26180555555555557 0.3640625 0.020833333333333332 0.0171875
0 0.32569444444444445 0.35625 0.0375 0.021875
0 0.06319444444444444 0.346484375 0.0375 0.01484375
0 0.16041666666666668 0.339453125 0.03194444444444444 0.01484375
0 0.24791666666666667 0.334765625 0.02638888888888889 0.00859375
0 0.010416666666666666 0.319140625 0.015277777777777777 0.00703125
0 0.5819444444444445 0.318359375 0.03333333333333333 0.01484375
0 0.15833333333333333 0.318359375 0.05 0.02421875
0 0.9777777777777777 0.325 0.044444444444444446 0.0421875
0 0.78125 0.315625 0.04027777777777778 0.025
0 0.575 0.300390625 0.027777777777777776 0.02109375
0 0.7451388888888889 0.296484375 0.04583333333333333 0.02421875
0 0.5159722222222223 0.28515625 0.034722222222222224 0.01875
0 0.46458333333333335 0.287890625 0.05416666666666667 0.02421875
0 0.4215277777777778 0.275390625 0.0125 0.01015625
0 0.4027777777777778 0.280859375 0.044444444444444446 0.02265625
0 0.5208333333333334 0.2703125 0.03333333333333333 0.0203125
0 0.6756944444444445 0.28046875 0.08472222222222223 0.0453125
0 0.5847222222222223 0.2609375 0.027777777777777776 0.0125
0 0.04513888888888889 0.261328125 0.02638888888888889 0.01640625
0 0.7493055555555556 0.257421875 0.059722222222222225 0.04609375
0 0.6375 0.244140625 0.04722222222222222 0.03203125
0 0.6951388888888889 0.241796875 0.05138888888888889 0.03046875
0 0.5909722222222222 0.239453125 0.04583333333333333 0.03046875
0 0.6965277777777777 0.198828125 0.04861111111111111 0.02578125
0 0.88125 0.191015625 0.0625 0.03515625
0 0.49930555555555556 0.18203125 0.03194444444444444 0.01875
0 0.78125 0.178125 0.043055555555555555 0.025
0 0.6041666666666666 0.172265625 0.019444444444444445 0.01640625
0 0.6534722222222222 0.179296875 0.043055555555555555 0.03515625
0 0.7027777777777777 0.167578125 0.05 0.03203125
0 0.5326388888888889 0.15859375 0.034722222222222224 0.021875
0 0.4409722222222222 0.141015625 0.029166666666666667 0.01640625
0 0.5756944444444444 0.13828125 0.03194444444444444 0.015625
0 0.5215277777777778 0.13828125 0.018055555555555554 0.0171875
0 0.4951388888888889 0.13359375 0.029166666666666667 0.015625
0 0.3923611111111111 0.130859375 0.07916666666666666 0.02421875
0 0.46041666666666664 0.118359375 0.03194444444444444 0.01796875
0 0.7465277777777778 0.1140625 0.034722222222222224 0.0171875
0 0.4930555555555556 0.1125 0.03333333333333333 0.021875
0 0.8784722222222222 0.09765625 0.0375 0.0203125
0 0.5208333333333334 0.0875 0.03888888888888889 0.015625
0 0.8493055555555555 0.08359375 0.05138888888888889 0.034375
0 0.8298611111111112 0.07265625 0.0125 0.0203125
0 0.7166666666666667 0.04921875 0.027777777777777776 0.01875
0 0.6583333333333333 0.038671875 0.03333333333333333 0.03359375
