0 0.2798611111111111 0.769140625 0.043055555555555555 0.02578125
0 0.25833333333333336 0.754296875 0.016666666666666666 0.01953125
0 0.22708333333333333 0.698828125 0.07361111111111111 0.02109375
0 0.2625 0.678515625 0.03888888888888889 0.01796875
0 0.21180555555555555 0.660546875 0.04861111111111111 0.03046875
0 0.8909722222222223 0.63359375 0.0375 0.0171875
0 0.2548611111111111 0.634765625 0.05138888888888889 0.02734375
0 0.9736111111111111 0.62109375 0.03333333333333333 0.0171875
0 0.2423611111111111 0.4984375 0.0375 0.0171875
0 0.8305555555555556 0.494140625 0.022222222222222223 0.01640625
0 0.2423611111111111 0.474609375 0.02638888888888889 0.02109375
0 0.8840277777777777 0.42890625 0.034722222222222224 0.01875
0 0.7673611111111112 0.416796875 0.034722222222222224 0.01171875
