0 0.5458333333333333 0.669921875 0.041666666666666664 0.01640625
0 0.7368055555555556 0.613671875 0.029166666666666667 0.01484375
0 0.5166666666666667 0.588671875 0.022222222222222223 0.01796875
0 0.21666666666666667 0.519140625 0.044444444444444446 0.02265625
0 0.16666666666666666 0.506640625 0.019444444444444445 0.01171875
0 0.10555555555555556 0.507421875 0.03888888888888889 0.01953125
0 0.2465277777777778 0.501953125 0.029166666666666667 0.01484375
0 0.11180555555555556 0.48203125 0.034722222222222224 0.0140625
0 0.15763888888888888 0.477734375 0.04583333333333333 0.01640625
0 0.059722222222222225 0.48046875 0.044444444444444446 0.0265625
0 0.23055555555555557 0.4515625 0.05277777777777778 0.0328125
0 0.7604166666666666 0.449609375 0.05416666666666667 0.03046875
0 0.34652777777777777 0.437890625 0.034722222222222224 0.01640625
0 0.8798611111111111 0.4359375 0.02638888888888889 0.015625
0 0.2902777777777778 0.41484375 0.03333333333333333 0.021875
0 0.15833333333333333 0.418359375 0.05277777777777778 0.02890625
0 0.7361111111111112 0.401953125 0.041666666666666664 0.03046875
0 0.6090277777777777 0.39296875 0.04027777777777778 0.0203125
0 0.19305555555555556 0.357421875 0.04722222222222222 0.02421875
0 0.12777777777777777 0.35 0.05 0.028125
0 0.7958333333333333 0.273828125 0.044444444444444446 0.02890625
0 0.5833333333333334 0.253125 0.07222222222222222 0.034375
0 0.675 0.233203125 0.05 0.01796875
0 0.21875 0.202734375 0.0625 0.01484375
0 0.14791666666666667 0.21171875 0.07361111111111111 0.0328125
0 0.7381944444444445 0.148046875 0.09305555555555556 0.06640625
0 0.76875 0.1078125 0.0375 0.0265625
