0 0.9611111111111111 0.611328125 0.07777777777777778 0.03671875
0 0.10972222222222222 0.601171875 0.06944444444444445 0.03046875
0 0.14583333333333334 0.56796875 0.03333333333333333 0.021875
0 0.08958333333333333 0.54765625 0.0375 0.009375
0 0.3527777777777778 0.54140625 0.058333333333333334 0.034375
0 0.1111111111111111 0.517578125 0.03333333333333333 0.01328125
0 0.41458333333333336 0.5140625 0.034722222222222224 0.0234375
0 0.38263888888888886 0.509375 0.02361111111111111 0.0140625
0 0.48680555555555555 0.5125 0.03194444444444444 0.0265625
0 0.07291666666666667 0.50234375 0.0375 0.0203125
0 0.7326388888888888 0.4875 0.07916666666666666 0.05625
0 0.5819444444444445 0.466015625 0.03611111111111111 0.01328125
0 0.6041666666666666 0.451953125 0.019444444444444445 0.01171875
0 0.07847222222222222 0.452734375 0.018055555555555554 0.01640625
0 0.7951388888888888 0.439453125 0.034722222222222224 0.01953125
0 0.46111111111111114 0.423828125 0.025 0.01796875
0 0.49722222222222223 0.428125 0.03611111111111111 0.0296875
0 0.7222222222222222 0.417578125 0.025 0.01171875
0 0.2847222222222222 0.405078125 0.027777777777777776 0.01171875
0 0.41597222222222224 0.4046875 0.029166666666666667 0.0140625
0 0.8027777777777778 0.406640625 0.06111111111111111 0.02890625
0 0.6430555555555556 0.392578125 0.027777777777777776 0.01171875
0 0.8458333333333333 0.381640625 0.03333333333333333 0.01953125
0 0.9256944444444445 0.379296875 0.043055555555555555 0.02265625
0 0.024305555555555556 0.376953125 0.029166666666666667 0.01796875
0 0.13472222222222222 0.373828125 0.03611111111111111 0.01796875
0 0.2972222222222222 0.373828125 0.05 0.03046875
0 0.15833333333333333 0.36328125 0.03333333333333333 0.021875
0 0.3284722222222222 0.344921875 0.05694444444444444 0.02265625
0 0.26805555555555555 0.34140625 0.025 0.015625
0 0.5708333333333333 0.340625 0.027777777777777776 0.0171875
0 0.6958333333333333 0.33671875 0.027777777777777776 0.0125
0 0.9458333333333333 0.33828125 0.03888888888888889 0.0234375
0 0.15763888888888888 0.32421875 0.034722222222222224 0.0125
0 0.9881944444444445 0.3171875 0.02361111111111111 0.034375
0 0.32916666666666666 0.29921875 0.025 0.015625
0 0.08055555555555556 0.262890625 0.027777777777777776 0.01640625
0 0.4236111111111111 0.26171875 0.03333333333333333 0.015625
0 0.2902777777777778 0.253515625 0.030555555555555555 0.01953125
0 0.13333333333333333 0.245703125 0.025 0.01328125
0 0.4215277777777778 0.233984375 0.02638888888888889 0.01640625
0 0.07708333333333334 0.227734375 0.03194444444444444 0.01484375
0 0.36875 0.211328125 0.034722222222222224 0.02890625
0 0.07361111111111111 0.205859375 0.022222222222222223 0.01796875
0 0.2361111111111111 0.203125 0.03333333333333333 0.015625
0 0.45694444444444443 0.17578125 0.030555555555555555 0.021875
0 0.19791666666666666 0.16875 0.02638888888888889 0.0140625
0 0.16666666666666666 0.15703125 0.027777777777777776 0.01875
0 0.04722222222222222 0.15703125 0.03888888888888889 0.028125
0 0.25069444444444444 0.147265625 0.020833333333333332 0.01640625
0 0.2222222222222222 0.147265625 0.03333333333333333 0.01953125
0 0.013194444444444444 0.1390625 0.02638888888888889 0.015625
0 0.3138888888888889 0.133203125 0.019444444444444445 0.01328125
0 0.2847222222222222 0.13359375 0.030555555555555555 0.0203125
0 0.07083333333333333 0.11484375 0.05555555555555555 0.025
