0 0.27152777777777776 0.765234375 0.034722222222222224 0.01796875
0 0.03611111111111111 0.755859375 0.04722222222222222 0.03203125
0 0.44722222222222224 0.748046875 0.022222222222222223 0.02109375
0 0.48333333333333334 0.748828125 0.03611111111111111 0.02578125
0 0.25625 0.73515625 0.04861111111111111 0.028125
0 0.19930555555555557 0.719140625 0.04583333333333333 0.03046875
0 0.030555555555555555 0.717578125 0.05277777777777778 0.02890625
0 0.7326388888888888 0.702734375 0.05138888888888889 0.02265625
0 0.5131944444444444 0.694140625 0.02638888888888889 0.01484375
0 0.4284722222222222 0.67421875 0.043055555555555555 0.01875
0 0.7006944444444444 0.6796875 0.04583333333333333 0.034375
0 0.6159722222222223 0.6703125 0.04583333333333333 0.0234375
0 0.7472222222222222 0.66015625 0.05 0.01875
0 0.5576388888888889 0.649609375 0.05416666666666667 0.02578125
0 0.9777777777777777 0.644921875 0.044444444444444446 0.02109375
0 0.48819444444444443 0.63125 0.0375 0.015625
0 0.6402777777777777 0.621484375 0.05555555555555555 0.02734375
0 0.029861111111111113 0.577734375 0.05416666666666667 0.02578125
0 0.48541666666666666 0.566796875 0.020833333333333332 0.01328125
0 0.09236111111111112 0.576953125 0.04861111111111111 0.03671875
0 0.5645833333333333 0.5546875 0.04583333333333333 0.028125
0 0.5972222222222222 0.54453125 0.04722222222222222 0.025
0 0.0625 0.540234375 0.07777777777777778 0.03359375
0 0.5729166666666666 0.51640625 0.043055555555555555 0.0265625
0 0.5173611111111112 0.5109375 0.04027777777777778 0.01875
0 0.46805555555555556 0.496875 0.07777777777777778 0.0390625
0 0.5763888888888888 0.477734375 0.03888888888888889 0.02578125
0 0.5173611111111112 0.46015625 0.02638888888888889 0.0203125
0 0.525 0.4359375 0.06388888888888888 0.0203125
0 0.04722222222222222 0.24453125 0.08888888888888889 0.0484375
