0 0.4125 0.726171875 0.03611111111111111 0.02578125
0 0.17430555555555555 0.709765625 0.04583333333333333 0.02734375
0 0.11180555555555556 0.692578125 0.04583333333333333 0.03046875
0 0.6604166666666667 0.679296875 0.05138888888888889 0.02265625
0 0.4465277777777778 0.666015625 0.02638888888888889 0.01484375
0 0.9152777777777777 0.648046875 0.022222222222222223 0.01171875
0 0.35625 0.64765625 0.043055555555555555 0.01875
0 0.6284722222222222 0.653125 0.04583333333333333 0.034375
0 0.5493055555555556 0.6453125 0.04583333333333333 0.0234375
0 0.6833333333333333 0.63359375 0.05 0.01875
0 0.4895833333333333 0.625390625 0.05416666666666667 0.02578125
0 0.9333333333333333 0.626953125 0.058333333333333334 0.03359375
0 0.9798611111111111 0.60390625 0.04027777777777778 0.0234375
0 0.42291666666666666 0.60234375 0.0625 0.025
0 0.5722222222222222 0.594921875 0.05555555555555555 0.02734375
0 0.01597222222222222 0.551171875 0.03194444444444444 0.02578125
0 0.4076388888888889 0.538671875 0.020833333333333332 0.01328125
0 0.007638888888888889 0.530078125 0.015277777777777777 0.01171875
0 0.5090277777777777 0.523046875 0.07083333333333333 0.03671875
0 0.009722222222222222 0.503515625 0.019444444444444445 0.02421875
0 0.5034722222222222 0.48828125 0.043055555555555555 0.025
0 0.44722222222222224 0.478515625 0.041666666666666664 0.01796875
0 0.38055555555555554 0.47734375 0.027777777777777776 0.021875
0 0.4083333333333333 0.458203125 0.05277777777777778 0.02734375
0 0.5013888888888889 0.446484375 0.03888888888888889 0.02578125
0 0.4479166666666667 0.428125 0.02638888888888889 0.0203125
0 0.45069444444444445 0.402734375 0.0625 0.01953125
