0 0.06875 0.676171875 0.07361111111111111 0.03828125
0 0.9680555555555556 0.651171875 0.025 0.01796875
0 0.8791666666666667 0.649609375 0.030555555555555555 0.02109375
0 0.46805555555555556 0.646484375 0.03611111111111111 0.01640625
0 0.7076388888888889 0.641796875 0.04861111111111111 0.03671875
0 0.5645833333333333 0.623046875 0.05138888888888889 0.01796875
0 0.4326388888888889 0.61875 0.034722222222222224 0.01875
0 0.9743055555555555 0.609375 0.04583333333333333 0.0171875
0 0.7611111111111111 0.5984375 0.05277777777777778 0.0296875
0 0.8902777777777777 0.59609375 0.08333333333333333 0.0328125
0 0.6819444444444445 0.59453125 0.05 0.053125
0 0.9680555555555556 0.567578125 0.06388888888888888 0.02890625
0 0.5548611111111111 0.56328125 0.020833333333333332 0.0203125
0 0.2986111111111111 0.556640625 0.058333333333333334 0.02734375
0 0.21458333333333332 0.54609375 0.04583333333333333 0.0234375
0 0.07222222222222222 0.548046875 0.10277777777777777 0.03515625
0 0.8284722222222223 0.523046875 0.02361111111111111 0.00703125
0 0.6951388888888889 0.53125 0.0763888888888889 0.034375
0 0.8361111111111111 0.496875 0.030555555555555555 0.0109375
0 0.022222222222222223 0.505078125 0.041666666666666664 0.03046875
0 0.9715277777777778 0.493359375 0.04861111111111111 0.02421875
0 0.17916666666666667 0.46796875 0.030555555555555555 0.0234375
0 0.8333333333333334 0.445703125 0.022222222222222223 0.01796875
0 0.9236111111111112 0.43984375 0.03333333333333333 0.015625
0 0.6673611111111111 0.426171875 0.02638888888888889 0.01796875
0 0.8006944444444445 0.423046875 0.059722222222222225 0.02890625
0 0.1375 0.41796875 0.05555555555555555 0.025
0 0.75625 0.410546875 0.020833333333333332 0.01328125
0 0.2826388888888889 0.409765625 0.04583333333333333 0.01953125
0 0.9055555555555556 0.4 0.030555555555555555 0.015625
0 0.7402777777777778 0.400390625 0.027777777777777776 0.01640625
0 0.24027777777777778 0.4015625 0.030555555555555555 0.01875
0 0.9458333333333333 0.399609375 0.030555555555555555 0.01953125
0 0.42986111111111114 0.398828125 0.0375 0.02421875
0 0.9729166666666667 0.38828125 0.03194444444444444 0.0140625
0 0.1798611111111111 0.394140625 0.059722222222222225 0.03515625
0 0.8194444444444444 0.387109375 0.027777777777777776 0.02421875
0 0.6479166666666667 0.38359375 0.034722222222222224 0.01875
0 0.3326388888888889 0.3890625 0.05416666666666667 0.03125
0 0.6055555555555555 0.346875 0.03611111111111111 0.015625
0 0.02638888888888889 0.3484375 0.030555555555555555 0.01875
0 0.3590277777777778 0.34765625 0.07361111111111111 0.0390625
0 0.9840277777777777 0.3375 0.03194444444444444 0.0234375
0 0.5722222222222222 0.33203125 0.05555555555555555 0.0296875
0 0.4222222222222222 0.3125 0.04722222222222222 0.0203125
0 0.7097222222222223 0.3125 0.03611111111111111 0.0234375
0 0.30625 0.27890625 0.03194444444444444 0.015625
0 0.059722222222222225 0.27265625 0.03611111111111111 0.021875
0 0.09722222222222222 0.270703125 0.041666666666666664 0.02109375
0 0.5895833333333333 0.260546875 0.04027777777777778 0.01640625
0 0.4791666666666667 0.267578125 0.06111111111111111 0.03515625
0 0.015277777777777777 0.256640625 0.027777777777777776 0.01796875
0 0.7826388888888889 0.2390625 0.04027777777777778 0.021875
0 0.9541666666666667 0.237109375 0.03333333333333333 0.01953125
0 0.8625 0.231640625 0.027777777777777776 0.01796875
0 0.5701388888888889 0.23203125 0.02361111111111111 0.01875
0 0.22152777777777777 0.22734375 0.043055555555555555 0.0203125
0 0.6458333333333334 0.23984375 0.09722222222222222 0.05
0 0.9861111111111112 0.22265625 0.027777777777777776 0.0234375
0 0.014583333333333334 0.223046875 0.02638888888888889 0.03046875
0 0.12222222222222222 0.23046875 0.06944444444444445 0.0515625
0 0.18958333333333333 0.2078125 0.020833333333333332 0.015625
0 0.36319444444444443 0.20703125 0.043055555555555555 0.021875
0 0.46458333333333335 0.210546875 0.05694444444444444 0.03359375
0 0.2548611111111111 0.203515625 0.043055555555555555 0.02265625
0 0.8173611111111111 0.19375 0.02638888888888889 0.015625
0 0.15416666666666667 0.193359375 0.03611111111111111 0.02265625
0 0.6708333333333333 0.188671875 0.019444444444444445 0.01953125
0 0.9784722222222222 0.19140625 0.043055555555555555 0.04375
0 0.9256944444444445 0.194921875 0.06527777777777778 0.05078125
0 0.30069444444444443 0.17578125 0.05138888888888889 0.025
0 0.20555555555555555 0.171875 0.03611111111111111 0.01875
0 0.7930555555555555 0.161328125 0.04722222222222222 0.02421875
0 0.1625 0.15390625 0.03611111111111111 0.01875
0 0.9055555555555556 0.14609375 0.04722222222222222 0.0265625
0 0.17847222222222223 0.126953125 0.04027777777777778 0.02421875
0 0.08194444444444444 0.11953125 0.03611111111111111 0.0203125
0 0.2965277777777778 0.10390625 0.06805555555555555 0.034375
0 0.027083333333333334 0.103515625 0.05416666666666667 0.03359375
0 0.2111111111111111 0.09453125 0.025 0.0171875
0 0.24027777777777778 0.1046875 0.05 0.046875
0 0.4236111111111111 0.110546875 0.075 0.06953125
0 0.03333333333333333 0.074609375 0.025 0.01640625
0 0.006944444444444444 0.065234375 0.013888888888888888 0.01796875
0 0.3611111111111111 0.073046875 0.03888888888888889 0.03515625
0 0.28402777777777777 0.066796875 0.06805555555555555 0.02890625
0 0.14722222222222223 0.0609375 0.06111111111111111 0.0296875
0 0.19166666666666668 0.049609375 0.022222222222222223 0.00859375
