0 0.0798611111111111 0.97109375 0.0625 0.03125
0 0.5625 0.819140625 0.03888888888888889 0.02734375
0 0.5152777777777777 0.81640625 0.041666666666666664 0.0265625
0 0.11527777777777778 0.82421875 0.06388888888888888 0.0421875
0 0.3375 0.798828125 0.05555555555555555 0.02890625
0 0.059027777777777776 0.7859375 0.034722222222222224 0.0296875
0 0.2763888888888889 0.784375 0.04722222222222222 0.028125
0 0.10972222222222222 0.78359375 0.06111111111111111 0.0328125
0 0.8138888888888889 0.7734375 0.05555555555555555 0.028125
0 0.5833333333333334 0.758203125 0.04722222222222222 0.02265625
0 0.006944444444444444 0.739453125 0.013888888888888888 0.01640625
0 0.7881944444444444 0.746484375 0.04861111111111111 0.03203125
0 0.5090277777777777 0.737890625 0.05138888888888889 0.01953125
0 0.03611111111111111 0.73984375 0.03888888888888889 0.0234375
0 0.6944444444444444 0.7375 0.05277777777777778 0.028125
0 0.8395833333333333 0.725390625 0.05694444444444444 0.01953125
0 0.6430555555555556 0.715625 0.05555555555555555 0.028125
0 0.5763888888888888 0.6984375 0.044444444444444446 0.0125
0 0.7243055555555555 0.68515625 0.05694444444444444 0.0328125
0 0.5555555555555556 0.629296875 0.04722222222222222 0.01328125
0 0.04097222222222222 0.63125 0.05416666666666667 0.025
0 0.14305555555555555 0.6359375 0.11388888888888889 0.0359375
0 0.6465277777777778 0.61953125 0.043055555555555555 0.0234375
0 0.6784722222222223 0.60859375 0.04861111111111111 0.028125
0 0.14791666666666667 0.59921875 0.0763888888888889 0.0328125
0 0.6569444444444444 0.58046875 0.044444444444444446 0.0234375
0 0.6027777777777777 0.575390625 0.03888888888888889 0.02109375
0 0.5229166666666667 0.57265625 0.05694444444444444 0.028125
0 0.5701388888888889 0.551953125 0.04583333333333333 0.02578125
0 0.6111111111111112 0.54765625 0.013888888888888888 0.01875
0 0.6590277777777778 0.54140625 0.05694444444444444 0.025
0 0.6041666666666666 0.52265625 0.03333333333333333 0.021875
0 0.5979166666666667 0.50078125 0.0375 0.0140625
0 0.6333333333333333 0.502734375 0.03333333333333333 0.01953125
0 0.008333333333333333 0.46171875 0.016666666666666666 0.0296875
0 0.1527777777777778 0.3109375 0.09166666666666666 0.0453125
0 0.018055555555555554 0.30390625 0.03611111111111111 0.03125
