0 0.8270833333333333 0.960546875 0.04583333333333333 0.02890625
0 0.7548611111111111 0.957421875 0.02638888888888889 0.02421875
0 0.9145833333333333 0.921875 0.034722222222222224 0.01875
0 0.9555555555555556 0.888671875 0.05555555555555555 0.02734375
0 0.5381944444444444 0.837890625 0.059722222222222225 0.03359375
0 0.16111111111111112 0.82421875 0.075 0.0390625
0 0.5444444444444444 0.8046875 0.05555555555555555 0.0328125
0 0.25763888888888886 0.7484375 0.04583333333333333 0.0234375
0 0.6729166666666667 0.7421875 0.0375 0.015625
0 0.7152777777777778 0.74609375 0.041666666666666664 0.0265625
0 0.7833333333333333 0.741015625 0.03611111111111111 0.01953125
0 0.3819444444444444 0.7359375 0.05555555555555555 0.034375
0 0.5381944444444444 0.714453125 0.04861111111111111 0.02265625
0 0.6715277777777777 0.70390625 0.043055555555555555 0.0234375
0 0.14791666666666667 0.6921875 0.04583333333333333 0.0234375
0 0.18888888888888888 0.67265625 0.05 0.0203125
0 0.8979166666666667 0.66796875 0.029166666666666667 0.01875
0 0.9277777777777778 0.6484375 0.013888888888888888 0.0171875
0 0.38055555555555554 0.652734375 0.05 0.02890625
0 0.9527777777777777 0.644140625 0.013888888888888888 0.01484375
0 0.9111111111111111 0.63203125 0.030555555555555555 0.0171875
0 0.9513888888888888 0.6234375 0.022222222222222223 0.0109375
0 0.2465277777777778 0.63359375 0.0763888888888889 0.03125
0 0.27152777777777776 0.60390625 0.05138888888888889 0.0296875
0 0.9284722222222223 0.566015625 0.029166666666666667 0.01796875
0 0.6333333333333333 0.565625 0.016666666666666666 0.01875
0 0.5034722222222222 0.5734375 0.043055555555555555 0.034375
0 0.5715277777777777 0.558203125 0.043055555555555555 0.02421875
0 0.34097222222222223 0.558984375 0.02361111111111111 0.03203125
0 0.5145833333333333 0.526171875 0.02361111111111111 0.01015625
0 0.2111111111111111 0.541796875 0.08055555555555556 0.04296875
0 0.6993055555555555 0.526171875 0.04861111111111111 0.02578125
0 0.30277777777777776 0.509765625 0.03611111111111111 0.02421875
0 0.6361111111111111 0.505078125 0.044444444444444446 0.02578125
0 0.30486111111111114 0.46484375 0.020833333333333332 0.0140625
0 0.525 0.469921875 0.05555555555555555 0.03203125
0 0.4284722222222222 0.457421875 0.04583333333333333 0.02421875
0 0.6027777777777777 0.44296875 0.019444444444444445 0.0171875
0 0.47291666666666665 0.42890625 0.015277777777777777 0.009375
0 0.3333333333333333 0.429296875 0.044444444444444446 0.02109375
0 0.43472222222222223 0.42578125 0.027777777777777776 0.01875
0 0.3909722222222222 0.40859375 0.02638888888888889 0.0203125
0 0.42291666666666666 0.40625 0.02361111111111111 0.0171875
0 0.5180555555555556 0.405859375 0.04722222222222222 0.02578125
0 0.4847222222222222 0.3859375 0.030555555555555555 0.0125
0 0.2826388888888889 0.35390625 0.020833333333333332 0.0125
0 0.36041666666666666 0.33125 0.020833333333333332 0.015625
0 0.42777777777777776 0.316796875 0.03888888888888889 0.01796875
0 0.3763888888888889 0.3078125 0.05 0.0234375
0 0.2833333333333333 0.302734375 0.05555555555555555 0.03203125
0 0.3145833333333333 0.262109375 0.07916666666666666 0.03046875
0 0.40347222222222223 0.22734375 0.04583333333333333 0.0234375
0 0.3729166666666667 0.193359375 0.05138888888888889 0.02109375
0 0.34375 0.14375 0.029166666666666667 0.0109375
