0 0.6590277777777778 0.63515625 0.043055555555555555 0.021875
0 0.5208333333333334 0.626171875 0.04722222222222222 0.02578125
0 0.3763888888888889 0.616796875 0.05277777777777778 0.02734375
0 0.3763888888888889 0.585546875 0.05 0.02734375
0 0.7402777777777778 0.54609375 0.05 0.0265625
0 0.37569444444444444 0.5390625 0.0875 0.046875
0 0.6548611111111111 0.5234375 0.07916666666666666 0.0359375
0 0.5409722222222222 0.517578125 0.07361111111111111 0.03828125
0 0.7291666666666666 0.501953125 0.03888888888888889 0.02265625
0 0.0763888888888889 0.5015625 0.06666666666666667 0.034375
0 0.7722222222222223 0.472265625 0.05 0.02890625
0 0.6930555555555555 0.451953125 0.044444444444444446 0.02578125
0 0.2638888888888889 0.459375 0.07777777777777778 0.040625
0 0.5861111111111111 0.43984375 0.04722222222222222 0.025
0 0.3423611111111111 0.43203125 0.02638888888888889 0.01875
0 0.17291666666666666 0.389453125 0.034722222222222224 0.01953125
0 0.6555555555555556 0.348828125 0.041666666666666664 0.01953125
0 0.6506944444444445 0.287109375 0.059722222222222225 0.04296875
0 0.5958333333333333 0.140234375 0.03611111111111111 0.01796875
0 0.4986111111111111 0.143359375 0.06944444444444445 0.04453125
