0 0.8409722222222222 0.8046875 0.05694444444444444 0.034375
0 0.6736111111111112 0.746484375 0.05555555555555555 0.03671875
0 0.08333333333333333 0.683984375 0.044444444444444446 0.02265625
0 0.4354166666666667 0.653125 0.0375 0.01875
0 0.9833333333333333 0.6453125 0.03333333333333333 0.0296875
0 0.22916666666666666 0.5796875 0.030555555555555555 0.0203125
0 0.3159722222222222 0.588671875 0.05694444444444444 0.04296875
0 0.69375 0.5734375 0.03194444444444444 0.0171875
0 0.36319444444444443 0.577734375 0.05138888888888889 0.02578125
0 0.34305555555555556 0.55546875 0.04722222222222222 0.0328125
0 0.6548611111111111 0.539453125 0.04027777777777778 0.01953125
0 0.45555555555555555 0.5359375 0.044444444444444446 0.025
0 0.30625 0.5203125 0.05694444444444444 0.0328125
0 0.5361111111111111 0.505078125 0.06111111111111111 0.02734375
0 0.4930555555555556 0.496484375 0.04722222222222222 0.01640625
0 0.7006944444444444 0.49140625 0.04583333333333333 0.0171875
0 0.19305555555555556 0.478515625 0.044444444444444446 0.02421875
0 0.011805555555555555 0.458984375 0.018055555555555554 0.01171875
0 0.7152777777777778 0.452734375 0.03611111111111111 0.01953125
0 0.043055555555555555 0.426953125 0.07222222222222222 0.04921875
0 0.22430555555555556 0.405859375 0.029166666666666667 0.01328125
0 0.5680555555555555 0.41484375 0.03888888888888889 0.0328125
0 0.42083333333333334 0.344140625 0.044444444444444446 0.02578125
0 0.36180555555555555 0.283984375 0.0375 0.02421875
0 0.4131944444444444 0.28125 0.04861111111111111 0.040625
0 0.2548611111111111 0.24375 0.03194444444444444 0.015625
0 0.7416666666666667 0.245703125 0.04722222222222222 0.02421875
0 0.325 0.244140625 0.022222222222222223 0.02890625
0 0.6888888888888889 0.231640625 0.06111111111111111 0.02890625
0 0.39652777777777776 0.20078125 0.043055555555555555 0.0234375
0 0.3854166666666667 0.169921875 0.05694444444444444 0.02578125
0 0.43819444444444444 0.16015625 0.05416666666666667 0.0453125
0 0.5090277777777777 0.16171875 0.059722222222222225 0.05
0 0.4486111111111111 0.112109375 0.05 0.02734375
0 0.38958333333333334 0.108203125 0.059722222222222225 0.03515625
0 0.5097222222222222 0.09609375 0.041666666666666664 0.0296875
0 0.4201388888888889 0.03515625 0.10416666666666667 0.065625
0 0.38125 0.00390625 0.03194444444444444 0.0078125
