0 0.45069444444444445 0.7734375 0.0625 0.028125
0 0.41597222222222224 0.718359375 0.059722222222222225 0.03671875
0 0.13472222222222222 0.636328125 0.04722222222222222 0.02421875
0 0.3215277777777778 0.604296875 0.07083333333333333 0.02890625
0 0.36180555555555555 0.591015625 0.05694444444444444 0.03203125
0 0.23055555555555557 0.56640625 0.08055555555555556 0.0421875
0 0.6222222222222222 0.52421875 0.03333333333333333 0.0125
0 0.2743055555555556 0.52421875 0.05694444444444444 0.028125
0 0.9847222222222223 0.519921875 0.030555555555555555 0.03046875
0 0.2548611111111111 0.4953125 0.020833333333333332 0.0171875
0 0.5229166666666667 0.48359375 0.04027777777777778 0.0234375
0 0.3111111111111111 0.478125 0.011111111111111112 0.01875
0 0.5527777777777778 0.47109375 0.03888888888888889 0.0203125
0 0.2076388888888889 0.47265625 0.07916666666666666 0.028125
0 0.38125 0.46171875 0.15694444444444444 0.059375
0 0.21388888888888888 0.44609375 0.06666666666666667 0.028125
0 0.13194444444444445 0.437109375 0.05555555555555555 0.03203125
0 0.08402777777777778 0.4140625 0.04583333333333333 0.0140625
0 0.07013888888888889 0.386328125 0.06527777777777778 0.03046875
0 0.3548611111111111 0.384765625 0.09027777777777778 0.03046875
0 0.9347222222222222 0.391015625 0.13055555555555556 0.04765625
0 0.8909722222222223 0.2703125 0.029166666666666667 0.0140625
0 0.4895833333333333 0.27578125 0.0875 0.0390625
0 0.35 0.2515625 0.04722222222222222 0.021875
0 0.90625 0.243359375 0.09027777777777778 0.05078125
0 0.24513888888888888 0.2140625 0.09861111111111111 0.053125
0 0.15208333333333332 0.1890625 0.04027777777777778 0.028125
0 0.4423611111111111 0.1671875 0.04027777777777778 0.0296875
0 0.2423611111111111 0.161328125 0.05138888888888889 0.03671875
0 0.3972222222222222 0.118359375 0.025 0.01640625
0 0.23055555555555557 0.120703125 0.05555555555555555 0.02265625
0 0.34930555555555554 0.084765625 0.05694444444444444 0.03359375
0 0.36875 0.05390625 0.04583333333333333 0.0203125
0 0.42083333333333334 0.072265625 0.041666666666666664 0.06015625
