0 0.8277777777777777 0.7921875 0.03888888888888889 0.0359375
0 0.6451388888888889 0.784375 0.11527777777777778 0.0453125
0 0.035416666666666666 0.7484375 0.06527777777777778 0.0296875
0 0.9444444444444444 0.7421875 0.05555555555555555 0.028125
0 0.21319444444444444 0.708984375 0.059722222222222225 0.03203125
0 0.8708333333333333 0.7 0.044444444444444446 0.0203125
0 0.7819444444444444 0.700390625 0.06111111111111111 0.02421875
0 0.7 0.67265625 0.08333333333333333 0.028125
0 0.6076388888888888 0.666796875 0.020833333333333332 0.01640625
0 0.6326388888888889 0.6453125 0.04583333333333333 0.0296875
0 0.47847222222222224 0.623828125 0.04861111111111111 0.01796875
0 0.6708333333333333 0.62109375 0.030555555555555555 0.0265625
0 0.4666666666666667 0.600390625 0.05 0.02421875
0 0.2604166666666667 0.595703125 0.06805555555555555 0.03671875
0 0.6125 0.587109375 0.08055555555555556 0.04921875
0 0.68125 0.55 0.015277777777777777 0.0125
0 0.41597222222222224 0.56171875 0.0625 0.0375
0 0.4236111111111111 0.533984375 0.027777777777777776 0.01640625
0 0.8 0.5328125 0.019444444444444445 0.01875
0 0.7395833333333334 0.5328125 0.05416666666666667 0.0328125
0 0.8333333333333334 0.524609375 0.04722222222222222 0.02265625
0 0.5534722222222223 0.51640625 0.015277777777777777 0.0203125
0 0.4986111111111111 0.505078125 0.06111111111111111 0.02109375
0 0.7104166666666667 0.487109375 0.043055555555555555 0.01953125
0 0.4638888888888889 0.476953125 0.05555555555555555 0.02265625
0 0.6583333333333333 0.478125 0.07222222222222222 0.053125
0 0.49444444444444446 0.440234375 0.11388888888888889 0.03984375
0 0.7576388888888889 0.4125 0.04027777777777778 0.0234375
0 0.49444444444444446 0.398828125 0.06666666666666667 0.02734375
0 0.7090277777777778 0.391796875 0.0625 0.03515625
0 0.37430555555555556 0.27421875 0.09027777777777778 0.04375
0 0.39861111111111114 0.2359375 0.058333333333333334 0.03125
0 0.65625 0.2328125 0.0375 0.028125
0 0.6097222222222223 0.223046875 0.027777777777777776 0.02265625
0 0.4263888888888889 0.141796875 0.06388888888888888 0.03984375
0 0.5881944444444445 0.083203125 0.059722222222222225 0.02578125
0 0.5104166666666666 0.077734375 0.0625 0.03359375
0 0.44583333333333336 0.054296875 0.030555555555555555 0.02109375
0 0.5083333333333333 0.04140625 0.058333333333333334 0.0296875
