0 0.4027777777777778 0.806640625 0.05555555555555555 0.02890625
0 0.34652777777777777 0.73984375 0.02361111111111111 0.021875
0 0.06180555555555556 0.72734375 0.0375 0.0265625
0 0.6513888888888889 0.696484375 0.05 0.02265625
0 0.3958333333333333 0.70234375 0.09444444444444444 0.053125
0 0.45069444444444445 0.6828125 0.04027777777777778 0.028125
0 0.6930555555555555 0.659375 0.041666666666666664 0.0234375
0 0.38472222222222224 0.65859375 0.025 0.0265625
0 0.5861111111111111 0.65078125 0.058333333333333334 0.0296875
0 0.6548611111111111 0.621875 0.05138888888888889 0.025
0 0.11805555555555555 0.623046875 0.06388888888888888 0.02890625
0 0.7368055555555556 0.609375 0.05416666666666667 0.021875
0 0.5916666666666667 0.592578125 0.10555555555555556 0.04296875
0 0.5416666666666666 0.5515625 0.03611111111111111 0.0234375
0 0.18958333333333333 0.546484375 0.05694444444444444 0.03046875
0 0.66875 0.529296875 0.10972222222222222 0.03828125
0 0.9090277777777778 0.51640625 0.07083333333333333 0.0203125
0 0.5027777777777778 0.51328125 0.06388888888888888 0.0375
0 0.42916666666666664 0.500390625 0.05 0.02890625
0 0.15486111111111112 0.472265625 0.04861111111111111 0.03046875
0 0.4083333333333333 0.4578125 0.03333333333333333 0.021875
0 0.475 0.45390625 0.025 0.015625
0 0.38958333333333334 0.419140625 0.03194444444444444 0.01328125
0 0.5347222222222222 0.403125 0.03888888888888889 0.01875
0 0.40902777777777777 0.368359375 0.018055555555555554 0.01328125
0 0.3951388888888889 0.2625 0.05138888888888889 0.03125
