0 0.3416666666666667 0.901953125 0.05277777777777778 0.03046875
0 0.8118055555555556 0.871875 0.04861111111111111 0.0203125
0 0.48194444444444445 0.873046875 0.05555555555555555 0.03984375
0 0.6951388888888889 0.82734375 0.0625 0.034375
0 0.3145833333333333 0.8109375 0.04027777777777778 0.034375
0 0.9604166666666667 0.79609375 0.07361111111111111 0.046875
0 0.24722222222222223 0.766796875 0.08333333333333333 0.03671875
0 0.5569444444444445 0.72109375 0.019444444444444445 0.0109375
0 0.90625 0.688671875 0.09027777777777778 0.04296875
0 0.7854166666666667 0.66171875 0.05694444444444444 0.0265625
0 0.8534722222222222 0.609765625 0.04027777777777778 0.03203125
0 0.9 0.5890625 0.044444444444444446 0.025
0 0.43680555555555556 0.5875 0.0375 0.0234375
0 0.35625 0.59375 0.04583333333333333 0.0453125
0 0.9465277777777777 0.573046875 0.04583333333333333 0.02578125
0 0.61875 0.568359375 0.029166666666666667 0.02109375
0 0.9819444444444444 0.56484375 0.03611111111111111 0.028125
0 0.8652777777777778 0.56328125 0.08055555555555556 0.028125
0 0.48055555555555557 0.523828125 0.022222222222222223 0.01328125
0 0.3680555555555556 0.528125 0.05277777777777778 0.0234375
0 0.44305555555555554 0.530078125 0.05277777777777778 0.03203125
0 0.7784722222222222 0.51484375 0.05138888888888889 0.0328125
0 0.7208333333333333 0.503125 0.019444444444444445 0.015625
0 0.5298611111111111 0.49921875 0.04861111111111111 0.0234375
0 0.4777777777777778 0.501953125 0.041666666666666664 0.03046875
0 0.7881944444444444 0.46484375 0.034722222222222224 0.025
0 0.9236111111111112 0.45390625 0.03611111111111111 0.0140625
0 0.5902777777777778 0.447265625 0.09722222222222222 0.04609375
0 0.9548611111111112 0.394921875 0.034722222222222224 0.03359375
0 0.8138888888888889 0.41484375 0.15555555555555556 0.075
0 0.6118055555555556 0.38828125 0.0375 0.025
0 0.9111111111111111 0.3875 0.05277777777777778 0.025
0 0.6972222222222222 0.3828125 0.06111111111111111 0.034375
0 0.5020833333333333 0.365234375 0.034722222222222224 0.01953125
0 0.4597222222222222 0.357421875 0.041666666666666664 0.01796875
0 0.36180555555555555 0.343359375 0.043055555555555555 0.02421875
0 0.6652777777777777 0.34140625 0.07222222222222222 0.028125
0 0.7923611111111111 0.327734375 0.04583333333333333 0.03046875
0 0.6958333333333333 0.3203125 0.05555555555555555 0.015625
0 0.5472222222222223 0.303125 0.025 0.0234375
0 0.7229166666666667 0.3 0.04583333333333333 0.021875
0 0.8756944444444444 0.292578125 0.10138888888888889 0.06484375
0 0.6993055555555555 0.273046875 0.06527777777777778 0.02734375
0 0.8291666666666667 0.255859375 0.030555555555555555 0.02578125
0 0.6548611111111111 0.234765625 0.0875 0.03984375
0 0.8979166666666667 0.21640625 0.0375 0.0234375
0 0.9055555555555556 0.177734375 0.05555555555555555 0.03359375
0 0.8354166666666667 0.155078125 0.04861111111111111 0.03359375
0 0.98125 0.127734375 0.0375 0.02890625
0 0.8909722222222223 0.1296875 0.059722222222222225 0.034375
