0 0.6430555555555556 0.817578125 0.08888888888888889 0.03515625
0 0.9701388888888889 0.7640625 0.05694444444444444 0.0265625
0 0.45625 0.73984375 0.03194444444444444 0.0203125
0 0.5569444444444445 0.740234375 0.03888888888888889 0.03671875
0 0.6125 0.694921875 0.025 0.01484375
0 0.5319444444444444 0.69609375 0.044444444444444446 0.0265625
0 0.6340277777777777 0.678515625 0.020833333333333332 0.01640625
0 0.5493055555555556 0.61484375 0.10416666666666667 0.0421875
0 0.2763888888888889 0.59609375 0.03333333333333333 0.0171875
0 0.3368055555555556 0.584765625 0.04027777777777778 0.02109375
0 0.27361111111111114 0.553125 0.044444444444444446 0.01875
0 0.5423611111111111 0.546875 0.04861111111111111 0.0234375
0 0.39444444444444443 0.5546875 0.075 0.0515625
0 0.5694444444444444 0.520703125 0.03611111111111111 0.02265625
0 0.6111111111111112 0.5046875 0.03333333333333333 0.021875
0 0.33611111111111114 0.483203125 0.09444444444444444 0.03515625
0 0.5520833333333334 0.473828125 0.06805555555555555 0.03984375
0 0.33541666666666664 0.449609375 0.05694444444444444 0.02109375
0 0.40555555555555556 0.4234375 0.05 0.025
0 0.7152777777777778 0.416796875 0.041666666666666664 0.02265625
0 0.6506944444444445 0.41328125 0.07361111111111111 0.0484375
0 0.23819444444444443 0.353515625 0.029166666666666667 0.01328125
0 0.5055555555555555 0.35390625 0.04722222222222222 0.028125
0 0.5305555555555556 0.333984375 0.025 0.01484375
0 0.69375 0.305859375 0.05416666666666667 0.03671875
0 0.5354166666666667 0.301953125 0.07361111111111111 0.03359375
0 0.6243055555555556 0.271484375 0.04027777777777778 0.02421875
0 0.37569444444444444 0.266796875 0.05694444444444444 0.03203125
0 0.5326388888888889 0.236328125 0.04027777777777778 0.02421875
0 0.41805555555555557 0.21875 0.03611111111111111 0.0203125
0 0.5493055555555556 0.204296875 0.04027777777777778 0.02109375
0 0.4847222222222222 0.188671875 0.08055555555555556 0.04765625
0 0.41041666666666665 0.16796875 0.043055555555555555 0.028125
0 0.53125 0.159765625 0.03194444444444444 0.02265625
0 0.46458333333333335 0.151953125 0.03194444444444444 0.01953125
0 0.46875 0.119140625 0.10694444444444444 0.03359375
0 0.41597222222222224 0.094140625 0.020833333333333332 0.02734375
0 0.4638888888888889 0.075 0.044444444444444446 0.0234375
0 0.5159722222222223 0.05 0.06805555555555555 0.053125
