0 0.7111111111111111 0.673046875 0.041666666666666664 0.02578125
0 0.6666666666666666 0.6671875 0.03333333333333333 0.021875
0 0.29930555555555555 0.6578125 0.029166666666666667 0.0171875
0 0.9826388888888888 0.648046875 0.018055555555555554 0.02109375
0 0.26180555555555557 0.578515625 0.03194444444444444 0.01484375
0 0.1 0.439453125 0.030555555555555555 0.01484375
0 0.47638888888888886 0.4375 0.04722222222222222 0.0265625
0 0.9923611111111111 0.430078125 0.015277777777777777 0.02421875
0 0.03819444444444445 0.415234375 0.03194444444444444 0.01640625
0 0.3611111111111111 0.391796875 0.03611111111111111 0.01796875
0 0.45 0.38984375 0.03333333333333333 0.0234375
0 0.12569444444444444 0.384375 0.015277777777777777 0.0171875
0 0.975 0.3375 0.03611111111111111 0.0234375
0 0.5055555555555555 0.27109375 0.03888888888888889 0.028125
0 0.29444444444444445 0.253125 0.06388888888888888 0.03125
0 0.3958333333333333 0.23515625 0.03611111111111111 0.015625
0 0.9881944444444445 0.2140625 0.020833333333333332 0.0296875
0 0.44513888888888886 0.173046875 0.034722222222222224 0.01953125
0 0.4791666666666667 0.158203125 0.030555555555555555 0.02265625
0 0.44930555555555557 0.146875 0.03194444444444444 0.0265625
0 0.41805555555555557 0.1375 0.019444444444444445 0.015625
0 0.46875 0.114453125 0.03194444444444444 0.02265625
