0 0.12777777777777777 0.697265625 0.04722222222222222 0.02578125
0 0.044444444444444446 0.657421875 0.027777777777777776 0.01484375
0 0.21458333333333332 0.656640625 0.015277777777777777 0.01640625
0 0.3402777777777778 0.6546875 0.016666666666666666 0.015625
0 0.17916666666666667 0.6546875 0.030555555555555555 0.021875
0 0.0798611111111111 0.646875 0.04861111111111111 0.028125
0 0.1951388888888889 0.625 0.029166666666666667 0.01875
0 0.09236111111111112 0.6203125 0.04583333333333333 0.021875
0 0.22777777777777777 0.609375 0.025 0.015625
0 0.6375 0.596484375 0.027777777777777776 0.01640625
0 0.30694444444444446 0.59375 0.030555555555555555 0.0171875
0 0.9347222222222222 0.58515625 0.030555555555555555 0.021875
0 0.16666666666666666 0.5796875 0.05 0.028125
0 0.050694444444444445 0.57109375 0.043055555555555555 0.025
0 0.6173611111111111 0.562109375 0.02361111111111111 0.01484375
0 0.7375 0.556640625 0.030555555555555555 0.01171875
0 0.2326388888888889 0.55390625 0.034722222222222224 0.0203125
0 0.09583333333333334 0.54453125 0.027777777777777776 0.0078125
0 0.48680555555555555 0.544140625 0.029166666666666667 0.01796875
0 0.40347222222222223 0.5453125 0.04861111111111111 0.0265625
0 0.53125 0.53671875 0.05138888888888889 0.0234375
0 0.31805555555555554 0.528515625 0.016666666666666666 0.01015625
0 0.6256944444444444 0.530859375 0.05694444444444444 0.01796875
0 0.8833333333333333 0.54453125 0.10555555555555556 0.0546875
0 0.6986111111111111 0.515234375 0.030555555555555555 0.01328125
0 0.2916666666666667 0.518359375 0.04722222222222222 0.02578125
0 0.17708333333333334 0.51328125 0.043055555555555555 0.0234375
0 0.22777777777777777 0.508203125 0.019444444444444445 0.01484375
0 0.34444444444444444 0.5046875 0.022222222222222223 0.0109375
0 0.1125 0.509375 0.03888888888888889 0.021875
0 0.2520833333333333 0.487890625 0.03194444444444444 0.02421875
0 0.4548611111111111 0.47734375 0.043055555555555555 0.021875
0 0.010416666666666666 0.45 0.015277777777777777 0.0109375
0 0.9576388888888889 0.452734375 0.059722222222222225 0.03203125
0 0.8326388888888889 0.444140625 0.02638888888888889 0.01484375
0 0.21666666666666667 0.443359375 0.022222222222222223 0.01328125
0 0.7881944444444444 0.451953125 0.05694444444444444 0.04453125
0 0.7111111111111111 0.43125 0.03611111111111111 0.0203125
0 0.26180555555555557 0.425 0.02361111111111111 0.0109375
0 0.8652777777777778 0.431640625 0.08055555555555556 0.03984375
0 0.1 0.403515625 0.016666666666666666 0.01015625
0 0.07777777777777778 0.395703125 0.019444444444444445 0.01171875
0 0.8798611111111111 0.394140625 0.0375 0.01015625
0 0.03819444444444445 0.391015625 0.018055555555555554 0.01171875
0 0.9798611111111111 0.392578125 0.0375 0.02265625
0 0.9256944444444445 0.383984375 0.020833333333333332 0.01015625
0 0.4048611111111111 0.380859375 0.020833333333333332 0.01171875
0 0.5069444444444444 0.364453125 0.016666666666666666 0.01484375
0 0.47291666666666665 0.364453125 0.04027777777777778 0.01484375
0 0.6076388888888888 0.37109375 0.059722222222222225 0.0375
0 0.7291666666666666 0.364453125 0.03611111111111111 0.02578125
0 0.9625 0.35 0.044444444444444446 0.021875
0 0.3798611111111111 0.348828125 0.04583333333333333 0.01953125
0 0.45555555555555555 0.344140625 0.030555555555555555 0.02734375
0 0.28680555555555554 0.336328125 0.015277777777777777 0.01328125
0 0.6923611111111111 0.325 0.03194444444444444 0.01875
0 0.33194444444444443 0.326953125 0.058333333333333334 0.02265625
0 0.5027777777777778 0.32734375 0.06388888888888888 0.0453125
0 0.7347222222222223 0.30703125 0.03333333333333333 0.015625
0 0.3298611111111111 0.300390625 0.020833333333333332 0.01484375
0 0.07569444444444444 0.29375 0.04861111111111111 0.015625
0 0.20416666666666666 0.283984375 0.030555555555555555 0.01484375
0 0.013888888888888888 0.28359375 0.027777777777777776 0.0171875
0 0.15069444444444444 0.276953125 0.029166666666666667 0.01328125
0 0.5361111111111111 0.2875 0.06111111111111111 0.0375
0 0.2465277777777778 0.26953125 0.03194444444444444 0.01875
0 0.21319444444444444 0.262890625 0.02361111111111111 0.01171875
0 0.2722222222222222 0.261328125 0.025 0.02109375
0 0.16805555555555557 0.252734375 0.027777777777777776 0.02109375
0 0.48680555555555555 0.259375 0.0625 0.0375
0 0.049305555555555554 0.241015625 0.018055555555555554 0.01640625
0 0.28055555555555556 0.237890625 0.025 0.01640625
0 0.10138888888888889 0.2359375 0.025 0.01875
0 0.23194444444444445 0.242578125 0.06111111111111111 0.03359375
0 0.31805555555555554 0.223828125 0.041666666666666664 0.02890625
0 0.017361111111111112 0.214453125 0.034722222222222224 0.02421875
0 0.07916666666666666 0.20234375 0.03888888888888889 0.01875
0 0.9854166666666667 0.098828125 0.020833333333333332 0.01484375
0 0.9409722222222222 0.09921875 0.06527777777777778 0.028125
