0 0.80625 0.675390625 0.03194444444444444 0.02421875
0 0.24375 0.659765625 0.07361111111111111 0.03828125
0 0.7034722222222223 0.64296875 0.029166666666666667 0.0265625
0 0.6673611111111111 0.589453125 0.034722222222222224 0.01796875
0 0.27361111111111114 0.59140625 0.06111111111111111 0.0390625
0 0.5465277777777777 0.56484375 0.034722222222222224 0.0140625
0 0.55 0.536328125 0.044444444444444446 0.02109375
0 0.8395833333333333 0.473046875 0.0375 0.02578125
0 0.10208333333333333 0.44453125 0.02638888888888889 0.0109375
0 0.2833333333333333 0.45 0.04722222222222222 0.025
0 0.015277777777777777 0.431640625 0.030555555555555555 0.02109375
0 0.28055555555555556 0.39140625 0.04722222222222222 0.021875
0 0.06666666666666667 0.36015625 0.03888888888888889 0.0125
0 0.6798611111111111 0.3515625 0.043055555555555555 0.0234375
0 0.4361111111111111 0.337890625 0.03333333333333333 0.01328125
0 0.07569444444444444 0.329296875 0.029166666666666667 0.01328125
0 0.7840277777777778 0.32421875 0.05416666666666667 0.028125
0 0.09305555555555556 0.313671875 0.03611111111111111 0.01796875
0 0.7090277777777778 0.30859375 0.034722222222222224 0.021875
0 0.015277777777777777 0.306640625 0.030555555555555555 0.01953125
0 0.20416666666666666 0.294140625 0.027777777777777776 0.01484375
0 0.36319444444444443 0.28828125 0.034722222222222224 0.0203125
0 0.24861111111111112 0.284375 0.03888888888888889 0.015625
0 0.4847222222222222 0.2796875 0.03333333333333333 0.0109375
0 0.19930555555555557 0.2703125 0.03194444444444444 0.0203125
0 0.7486111111111111 0.275 0.08611111111111111 0.0328125
0 0.42777777777777776 0.265234375 0.030555555555555555 0.02265625
0 0.0798611111111111 0.25546875 0.020833333333333332 0.0078125
0 0.06180555555555556 0.21640625 0.05138888888888889 0.028125
0 0.12430555555555556 0.205078125 0.06805555555555555 0.03515625
0 0.42916666666666664 0.1984375 0.05 0.025
0 0.009722222222222222 0.19453125 0.019444444444444445 0.025
0 0.3416666666666667 0.1609375 0.030555555555555555 0.015625
0 0.03194444444444444 0.162890625 0.03611111111111111 0.02109375
0 0.2833333333333333 0.116015625 0.030555555555555555 0.01484375
0 0.08888888888888889 0.108984375 0.04722222222222222 0.02890625
0 0.18958333333333333 0.100390625 0.043055555555555555 0.02578125
0 0.2423611111111111 0.1046875 0.06527777777777778 0.0484375
0 0.1736111111111111 0.0796875 0.04722222222222222 0.01875
0 0.26458333333333334 0.055859375 0.0375 0.02578125
0 0.41875 0.05703125 0.043055555555555555 0.03125
0 0.25972222222222224 0.032421875 0.019444444444444445 0.01953125
0 0.3229166666666667 0.0171875 0.05416666666666667 0.0296875
0 0.2611111111111111 0.01171875 0.03888888888888889 0.021875
0 0.15486111111111112 0.008203125 0.02638888888888889 0.01484375
0 0.38055555555555554 0.016015625 0.05555555555555555 0.03203125
0 0.11041666666666666 0.01328125 0.05416666666666667 0.0265625
