0 0.027083333333333334 0.70390625 0.04861111111111111 0.0265625
0 0.11180555555555556 0.6625 0.02361111111111111 0.0140625
0 0.25625 0.66171875 0.020833333333333332 0.015625
0 0.0798611111111111 0.6625 0.034722222222222224 0.0234375
0 0.6826388888888889 0.636328125 0.02361111111111111 0.01328125
0 0.10347222222222222 0.632421875 0.020833333333333332 0.01953125
0 0.004166666666666667 0.625390625 0.008333333333333333 0.01640625
0 0.13819444444444445 0.61875 0.02638888888888889 0.0171875
0 0.7465277777777778 0.604296875 0.02361111111111111 0.01328125
0 0.5506944444444445 0.6015625 0.03194444444444444 0.0140625
0 0.2263888888888889 0.601171875 0.030555555555555555 0.01953125
0 0.8402777777777778 0.5875 0.030555555555555555 0.0203125
0 0.07013888888888889 0.588671875 0.05694444444444444 0.03046875
0 0.6930555555555555 0.571875 0.030555555555555555 0.0140625
0 0.5340277777777778 0.566796875 0.029166666666666667 0.01796875
0 0.6576388888888889 0.562109375 0.02638888888888889 0.01796875
0 0.1361111111111111 0.561328125 0.03888888888888889 0.01953125
0 0.80625 0.559375 0.04861111111111111 0.0265625
0 0.4041666666666667 0.55 0.030555555555555555 0.0171875
0 0.31875 0.553125 0.03194444444444444 0.0234375
0 0.007638888888888889 0.545703125 0.015277777777777777 0.01796875
0 0.44930555555555557 0.544140625 0.04861111111111111 0.02265625
0 0.9819444444444444 0.540234375 0.03333333333333333 0.01953125
0 0.5256944444444445 0.53828125 0.029166666666666667 0.0171875
0 0.5534722222222223 0.535546875 0.02638888888888889 0.01484375
0 0.7680555555555556 0.53984375 0.06111111111111111 0.0359375
0 0.36041666666666666 0.523828125 0.015277777777777777 0.00546875
0 0.19791666666666666 0.525 0.043055555555555555 0.028125
0 0.0875 0.519140625 0.03611111111111111 0.02265625
0 0.25763888888888886 0.511328125 0.029166666666666667 0.00859375
0 0.01875 0.515625 0.0375 0.0234375
0 0.15486111111111112 0.49453125 0.029166666666666667 0.021875
0 0.36180555555555555 0.48515625 0.04027777777777778 0.01875
0 0.9333333333333333 0.47109375 0.05 0.028125
0 0.8472222222222222 0.459765625 0.05555555555555555 0.02890625
0 0.13680555555555557 0.450390625 0.020833333333333332 0.01015625
0 0.6958333333333333 0.459765625 0.06111111111111111 0.04765625
0 0.6263888888888889 0.4375 0.03611111111111111 0.0171875
0 0.41458333333333336 0.4296875 0.018055555555555554 0.009375
0 0.4361111111111111 0.4265625 0.025 0.0109375
0 0.9826388888888888 0.43046875 0.034722222222222224 0.025
0 0.7555555555555555 0.437890625 0.075 0.03984375
0 0.9243055555555556 0.417578125 0.043055555555555555 0.02265625
0 0.01597222222222222 0.4078125 0.02638888888888889 0.01875
0 0.7798611111111111 0.403515625 0.0375 0.01328125
0 0.8826388888888889 0.40078125 0.043055555555555555 0.0203125
0 0.32569444444444445 0.389453125 0.02638888888888889 0.01328125
0 0.9798611111111111 0.389453125 0.0375 0.02421875
0 0.39652777777777776 0.37421875 0.043055555555555555 0.0140625
0 0.7527777777777778 0.372265625 0.030555555555555555 0.01484375
0 0.5083333333333333 0.38125 0.06111111111111111 0.0359375
0 0.6340277777777777 0.3734375 0.03194444444444444 0.025
0 0.37569444444444444 0.361328125 0.02361111111111111 0.01328125
0 0.30069444444444443 0.35859375 0.043055555555555555 0.0203125
0 0.8625 0.356640625 0.04722222222222222 0.02109375
0 0.37777777777777777 0.347265625 0.030555555555555555 0.01328125
0 0.2 0.344921875 0.016666666666666666 0.01171875
0 0.6 0.334765625 0.027777777777777776 0.01484375
0 0.24305555555555555 0.336328125 0.05555555555555555 0.02265625
0 0.6395833333333333 0.317578125 0.029166666666666667 0.01328125
0 0.24305555555555555 0.3109375 0.016666666666666666 0.0109375
0 0.009722222222222222 0.299609375 0.013888888888888888 0.01640625
0 0.12222222222222222 0.292578125 0.030555555555555555 0.01640625
0 0.4222222222222222 0.31328125 0.08333333333333333 0.0609375
0 0.06875 0.284375 0.029166666666666667 0.0140625
0 0.9895833333333334 0.2796875 0.020833333333333332 0.021875
0 0.175 0.275390625 0.05277777777777778 0.02265625
0 0.9090277777777778 0.2765625 0.059722222222222225 0.0265625
0 0.08472222222222223 0.262890625 0.027777777777777776 0.01796875
0 0.3854166666666667 0.27109375 0.059722222222222225 0.0375
0 0.19305555555555556 0.246484375 0.025 0.01328125
0 0.013888888888888888 0.245703125 0.025 0.01796875
0 0.14791666666666667 0.255859375 0.0625 0.03984375
0 0.9645833333333333 0.2609375 0.06805555555555555 0.05625
0 0.22847222222222222 0.23046875 0.029166666666666667 0.0234375
0 0.004861111111111111 0.211328125 0.009722222222222222 0.01015625
0 0.9888888888888889 0.1640625 0.019444444444444445 0.0203125
0 0.9840277777777777 0.11171875 0.02638888888888889 0.0171875
0 0.8763888888888889 0.11484375 0.11388888888888889 0.0296875
0 0.9638888888888889 0.091015625 0.07222222222222222 0.02890625
0 0.9923611111111111 0.061328125 0.0125 0.01484375
