0 0.575 0.74375 0.08333333333333333 0.05
0 0.2659722222222222 0.7109375 0.04583333333333333 0.028125
0 0.8013888888888889 0.69375 0.03888888888888889 0.01875
0 0.925 0.669921875 0.03611111111111111 0.02109375
0 0.7701388888888889 0.66328125 0.04027777777777778 0.0171875
0 0.22013888888888888 0.670703125 0.05416666666666667 0.03359375
0 0.04375 0.6875 0.08472222222222223 0.0703125
0 0.9409722222222222 0.607421875 0.02638888888888889 0.02734375
0 0.7652777777777777 0.601953125 0.06666666666666667 0.03359375
0 0.37083333333333335 0.596484375 0.04722222222222222 0.02578125
0 0.6666666666666666 0.59140625 0.04722222222222222 0.025
0 0.5847222222222223 0.59375 0.075 0.0390625
0 0.5027777777777778 0.5734375 0.05555555555555555 0.034375
0 0.44375 0.56328125 0.029166666666666667 0.015625
0 0.46875 0.540234375 0.06805555555555555 0.02421875
0 0.50625 0.48359375 0.08472222222222223 0.0421875
0 0.6340277777777777 0.44375 0.034722222222222224 0.0265625
0 0.6798611111111111 0.42265625 0.0625 0.03125
0 0.8465277777777778 0.415625 0.04861111111111111 0.0375
0 0.8631944444444445 0.37734375 0.07916666666666666 0.03125
0 0.4201388888888889 0.374609375 0.04583333333333333 0.02734375
0 0.06597222222222222 0.362890625 0.05694444444444444 0.02890625
0 0.8041666666666667 0.344921875 0.05277777777777778 0.02265625
0 0.3506944444444444 0.34453125 0.09305555555555556 0.0578125
0 0.14305555555555555 0.31640625 0.044444444444444446 0.0203125
0 0.04791666666666667 0.309375 0.05694444444444444 0.028125
0 0.6277777777777778 0.296484375 0.03333333333333333 0.01640625
0 0.4013888888888889 0.296875 0.041666666666666664 0.03125
0 0.47430555555555554 0.29140625 0.06527777777777778 0.0296875
0 0.1423611111111111 0.284375 0.04027777777777778 0.021875
0 0.9520833333333333 0.2796875 0.06805555555555555 0.0421875
0 0.53125 0.25390625 0.05694444444444444 0.0296875
0 0.49166666666666664 0.237109375 0.022222222222222223 0.01328125
0 0.83125 0.2375 0.0375 0.0203125
0 0.35833333333333334 0.22890625 0.027777777777777776 0.0125
0 0.16875 0.2328125 0.04027777777777778 0.021875
0 0.4097222222222222 0.233203125 0.05277777777777778 0.03203125
0 0.55 0.226171875 0.058333333333333334 0.02421875
0 0.7472222222222222 0.21484375 0.05277777777777778 0.0140625
0 0.6152777777777778 0.216796875 0.03888888888888889 0.02421875
0 0.9354166666666667 0.21328125 0.05694444444444444 0.0375
0 0.22291666666666668 0.2 0.043055555555555555 0.025
0 0.33611111111111114 0.20390625 0.06388888888888888 0.040625
0 0.04027777777777778 0.198046875 0.07777777777777778 0.04453125
0 0.1909722222222222 0.18671875 0.03194444444444444 0.0234375
0 0.5548611111111111 0.184375 0.020833333333333332 0.0203125
0 0.3729166666666667 0.181640625 0.04027777777777778 0.01484375
0 0.9902777777777778 0.181640625 0.019444444444444445 0.01796875
0 0.6694444444444444 0.182421875 0.07222222222222222 0.03515625
0 0.50625 0.166015625 0.043055555555555555 0.02109375
0 0.021527777777777778 0.1578125 0.04027777777777778 0.0359375
0 0.5152777777777777 0.13671875 0.044444444444444446 0.025
0 0.2 0.13515625 0.041666666666666664 0.0265625
0 0.8604166666666667 0.13359375 0.04027777777777778 0.028125
0 0.4041666666666667 0.1296875 0.03888888888888889 0.0234375
0 0.5805555555555556 0.11875 0.030555555555555555 0.0171875
0 0.05416666666666667 0.11875 0.06944444444444445 0.04375
0 0.5694444444444444 0.1015625 0.06944444444444445 0.028125
0 0.34444444444444444 0.1171875 0.08888888888888889 0.059375
0 0.6513888888888889 0.108203125 0.08055555555555556 0.05078125
0 0.8458333333333333 0.09375 0.044444444444444446 0.0375
0 0.36944444444444446 0.08203125 0.027777777777777776 0.0203125
0 0.4951388888888889 0.075 0.0375 0.021875
0 0.21805555555555556 0.084765625 0.08333333333333333 0.05390625
0 0.6861111111111111 0.069140625 0.044444444444444446 0.02578125
0 0.45625 0.064453125 0.04583333333333333 0.02421875
0 0.79375 0.05703125 0.02361111111111111 0.021875
0 0.7409722222222223 0.0828125 0.09305555555555556 0.0734375
0 0.30972222222222223 0.05859375 0.08611111111111111 0.0453125
0 0.7347222222222223 0.029296875 0.041666666666666664 0.02734375
