0 0.40555555555555556 0.695703125 0.019444444444444445 0.01953125
0 0.0763888888888889 0.683203125 0.04722222222222222 0.02265625
0 0.7013888888888888 0.673046875 0.016666666666666666 0.00859375
0 0.5736111111111111 0.671484375 0.022222222222222223 0.01484375
0 0.91875 0.659375 0.034722222222222224 0.025
0 0.050694444444444445 0.647265625 0.05694444444444444 0.03046875
0 0.6541666666666667 0.644921875 0.044444444444444446 0.02890625
0 0.0875 0.628515625 0.027777777777777776 0.01640625
0 0.9409722222222222 0.63046875 0.02361111111111111 0.021875
0 0.5673611111111111 0.612109375 0.02361111111111111 0.01015625
0 0.7041666666666667 0.605859375 0.019444444444444445 0.01484375
0 0.8729166666666667 0.60234375 0.029166666666666667 0.025
0 0.9083333333333333 0.590234375 0.013888888888888888 0.01640625
0 0.10208333333333333 0.573828125 0.05138888888888889 0.01953125
0 0.6916666666666667 0.56796875 0.025 0.0109375
0 0.059722222222222225 0.5703125 0.019444444444444445 0.0203125
0 0.7513888888888889 0.552734375 0.03333333333333333 0.01796875
0 0.11944444444444445 0.484765625 0.03888888888888889 0.01953125
0 0.01875 0.47734375 0.034722222222222224 0.0296875
0 0.30277777777777776 0.472265625 0.03888888888888889 0.02109375
0 0.3333333333333333 0.4546875 0.019444444444444445 0.0109375
0 0.10486111111111111 0.455078125 0.04861111111111111 0.02734375
0 0.48333333333333334 0.444921875 0.03888888888888889 0.02265625
0 0.42291666666666666 0.4265625 0.020833333333333332 0.0125
0 0.39305555555555555 0.416015625 0.027777777777777776 0.01953125
0 0.44305555555555554 0.4109375 0.030555555555555555 0.0203125
0 0.7625 0.38359375 0.011111111111111112 0.00625
0 0.10833333333333334 0.384375 0.030555555555555555 0.0171875
0 0.07222222222222222 0.3828125 0.03888888888888889 0.021875
0 0.7381944444444445 0.35390625 0.015277777777777777 0.0046875
0 0.9583333333333334 0.337890625 0.06388888888888888 0.02421875
0 0.9847222222222223 0.3234375 0.030555555555555555 0.0203125
0 0.9041666666666667 0.31015625 0.03333333333333333 0.0234375
0 0.2708333333333333 0.22421875 0.041666666666666664 0.021875
