0 0.4965277777777778 0.8359375 0.07361111111111111 0.0375
0 0.5243055555555556 0.760546875 0.05416666666666667 0.03828125
0 0.06458333333333334 0.684375 0.04583333333333333 0.0234375
0 0.5027777777777778 0.621484375 0.03888888888888889 0.02421875
0 0.21180555555555555 0.60234375 0.04027777777777778 0.0203125
0 0.7506944444444444 0.56796875 0.020833333333333332 0.015625
0 0.48333333333333334 0.5640625 0.03888888888888889 0.01875
0 0.34375 0.533984375 0.03194444444444444 0.01640625
0 0.84375 0.522265625 0.04583333333333333 0.01328125
0 0.5951388888888889 0.51484375 0.0375 0.0140625
0 0.9493055555555555 0.503515625 0.03194444444444444 0.02265625
0 0.6208333333333333 0.49375 0.030555555555555555 0.0171875
0 0.30416666666666664 0.49453125 0.03333333333333333 0.01875
0 0.8743055555555556 0.484765625 0.0375 0.01640625
0 0.35625 0.478125 0.02638888888888889 0.0171875
0 0.5465277777777777 0.472265625 0.02361111111111111 0.01640625
0 0.4423611111111111 0.467578125 0.034722222222222224 0.01328125
0 0.3951388888888889 0.465625 0.034722222222222224 0.0359375
0 0.9236111111111112 0.45703125 0.075 0.025
0 0.07847222222222222 0.45390625 0.0375 0.01875
0 0.17152777777777778 0.44609375 0.03194444444444444 0.0171875
0 0.2708333333333333 0.447265625 0.019444444444444445 0.02109375
0 0.2076388888888889 0.425 0.04861111111111111 0.0203125
0 0.33402777777777776 0.4078125 0.02361111111111111 0.0140625
0 0.2708333333333333 0.40859375 0.041666666666666664 0.0234375
0 0.30694444444444446 0.393359375 0.03333333333333333 0.01640625
0 0.21736111111111112 0.393359375 0.043055555555555555 0.02421875
0 0.6083333333333333 0.390625 0.04722222222222222 0.0203125
0 0.24513888888888888 0.363671875 0.034722222222222224 0.01953125
0 0.4708333333333333 0.320703125 0.030555555555555555 0.01796875
0 0.29583333333333334 0.319140625 0.044444444444444446 0.02265625
0 0.5236111111111111 0.31015625 0.03333333333333333 0.01875
0 0.4395833333333333 0.31484375 0.05694444444444444 0.0421875
0 0.38333333333333336 0.305078125 0.05555555555555555 0.03515625
0 0.5986111111111111 0.26953125 0.044444444444444446 0.0234375
0 0.5041666666666667 0.23984375 0.041666666666666664 0.021875
0 0.5652777777777778 0.2359375 0.044444444444444446 0.0234375
0 0.3173611111111111 0.2328125 0.05138888888888889 0.0234375
0 0.28402777777777777 0.2109375 0.03194444444444444 0.0203125
0 0.3645833333333333 0.2046875 0.034722222222222224 0.01875
0 0.45 0.239453125 0.09166666666666666 0.09140625
0 0.45 0.171484375 0.030555555555555555 0.02109375
0 0.36875 0.172265625 0.0625 0.02890625
0 0.41805555555555557 0.14609375 0.044444444444444446 0.0203125
0 0.3611111111111111 0.144921875 0.030555555555555555 0.02109375
0 0.3229166666666667 0.144921875 0.04027777777777778 0.02109375
0 0.38958333333333334 0.1234375 0.04583333333333333 0.0203125
0 0.5111111111111111 0.119921875 0.03888888888888889 0.02265625
0 0.34444444444444444 0.112890625 0.041666666666666664 0.02421875
0 0.4215277777777778 0.085546875 0.043055555555555555 0.03046875
0 0.40902777777777777 0.036328125 0.03194444444444444 0.02109375
0 0.46805555555555556 0.014453125 0.04722222222222222 0.02890625
