0 0.40208333333333335 0.7515625 0.02361111111111111 0.021875
0 0.11458333333333333 0.7375 0.0375 0.0265625
0 0.7013888888888888 0.715234375 0.07222222222222222 0.02421875
0 0.44722222222222224 0.7171875 0.09722222222222222 0.053125
0 0.5173611111111112 0.6984375 0.0625 0.0375
0 0.7430555555555556 0.675 0.041666666666666664 0.0234375
0 0.43125 0.672265625 0.034722222222222224 0.02578125
0 0.6472222222222223 0.66796875 0.058333333333333334 0.0296875
0 0.7118055555555556 0.640625 0.05138888888888889 0.025
0 0.7979166666666667 0.6296875 0.05416666666666667 0.021875
0 0.11805555555555555 0.623046875 0.06388888888888888 0.02890625
0 0.4 0.60859375 0.025 0.0265625
0 0.6430555555555556 0.615234375 0.12222222222222222 0.05078125
0 0.5819444444444445 0.56796875 0.03611111111111111 0.0234375
0 0.23958333333333334 0.556640625 0.05694444444444444 0.03046875
0 0.7284722222222222 0.548828125 0.1125 0.03828125
0 0.9541666666666667 0.53828125 0.07222222222222222 0.0203125
0 0.5590277777777778 0.53046875 0.06527777777777778 0.034375
0 0.48055555555555557 0.516015625 0.05 0.02890625
0 0.2076388888888889 0.480859375 0.04861111111111111 0.03046875
0 0.4638888888888889 0.47265625 0.03333333333333333 0.021875
0 0.5305555555555556 0.46796875 0.025 0.015625
0 0.4479166666666667 0.433203125 0.03194444444444444 0.01328125
0 0.5805555555555556 0.41953125 0.03888888888888889 0.01875
0 0.4423611111111111 0.382421875 0.018055555555555554 0.01328125
0 0.46319444444444446 0.28125 0.05138888888888889 0.03125
