0 0.17291666666666666 0.65 0.02361111111111111 0.015625
0 0.6076388888888888 0.62890625 0.02361111111111111 0.0125
0 0.049305555555555554 0.605078125 0.029166666666666667 0.01484375
0 0.45694444444444443 0.590625 0.030555555555555555 0.0171875
0 0.13541666666666666 0.590625 0.03194444444444444 0.01875
0 0.7319444444444444 0.576953125 0.03333333333333333 0.01796875
0 0.8895833333333333 0.56640625 0.04027777777777778 0.021875
0 0.4326388888888889 0.55625 0.029166666666666667 0.015625
0 0.5652777777777778 0.55390625 0.03333333333333333 0.01875
0 0.01875 0.547265625 0.034722222222222224 0.02265625
0 0.6743055555555556 0.548828125 0.07083333333333333 0.02734375
0 0.2013888888888889 0.540234375 0.03611111111111111 0.02421875
0 0.8611111111111112 0.53125 0.030555555555555555 0.01875
0 0.3472222222222222 0.534765625 0.08333333333333333 0.02578125
0 0.4534722222222222 0.52578125 0.029166666666666667 0.015625
0 0.4270833333333333 0.526171875 0.02638888888888889 0.01640625
0 0.6243055555555556 0.52578125 0.059722222222222225 0.0328125
0 0.1125 0.50703125 0.019444444444444445 0.0125
0 0.17152777777777778 0.50390625 0.02361111111111111 0.009375
0 0.07083333333333333 0.5109375 0.04722222222222222 0.0234375
0 0.2222222222222222 0.486328125 0.027777777777777776 0.01328125
0 0.8770833333333333 0.49375 0.05138888888888889 0.0296875
0 0.30625 0.484375 0.018055555555555554 0.0109375
0 0.9277777777777778 0.48515625 0.05277777777777778 0.025
0 0.03263888888888889 0.482421875 0.02638888888888889 0.02421875
0 0.24097222222222223 0.471484375 0.04027777777777778 0.01953125
0 0.9826388888888888 0.471875 0.034722222222222224 0.0359375
0 0.7868055555555555 0.461328125 0.04583333333333333 0.02890625
0 0.7027777777777777 0.44921875 0.05555555555555555 0.025
0 0.5736111111111111 0.449609375 0.058333333333333334 0.03984375
0 0.5333333333333333 0.428125 0.03611111111111111 0.015625
0 0.3347222222222222 0.42421875 0.022222222222222223 0.0203125
0 0.3576388888888889 0.41875 0.02361111111111111 0.0109375
0 0.8513888888888889 0.42109375 0.06666666666666667 0.0171875
0 0.6208333333333333 0.427734375 0.075 0.03671875
0 0.8 0.40859375 0.041666666666666664 0.021875
0 0.6458333333333334 0.39453125 0.030555555555555555 0.0109375
0 0.7673611111111112 0.395703125 0.04583333333333333 0.02265625
0 0.7305555555555555 0.390625 0.030555555555555555 0.0171875
0 0.24444444444444444 0.3796875 0.022222222222222223 0.009375
0 0.8541666666666666 0.382421875 0.044444444444444446 0.02109375
0 0.5277777777777778 0.371484375 0.030555555555555555 0.00859375
0 0.6611111111111111 0.364453125 0.03333333333333333 0.00859375
0 0.325 0.366015625 0.022222222222222223 0.01171875
0 0.3055555555555556 0.36328125 0.016666666666666666 0.009375
0 0.36944444444444446 0.3703125 0.06111111111111111 0.0359375
0 0.23194444444444445 0.353515625 0.027777777777777776 0.01328125
0 0.7416666666666667 0.3515625 0.044444444444444446 0.021875
0 0.21041666666666667 0.34453125 0.02361111111111111 0.015625
0 0.09027777777777778 0.33515625 0.013888888888888888 0.0109375
0 0.5361111111111111 0.33203125 0.027777777777777776 0.009375
0 0.49027777777777776 0.328515625 0.03888888888888889 0.01953125
0 0.3645833333333333 0.325390625 0.015277777777777777 0.01484375
0 0.1284722222222222 0.33125 0.03194444444444444 0.028125
0 0.1597222222222222 0.316796875 0.025 0.01328125
0 0.9875 0.310546875 0.022222222222222223 0.01953125
0 0.5236111111111111 0.308984375 0.05277777777777778 0.01796875
0 0.4125 0.305078125 0.025 0.02265625
0 0.99375 0.290234375 0.009722222222222222 0.01796875
0 0.02847222222222222 0.281640625 0.029166666666666667 0.01640625
0 0.28402777777777777 0.303125 0.07916666666666666 0.0625
0 0.8701388888888889 0.2765625 0.06805555555555555 0.025
0 0.07361111111111111 0.267578125 0.05277777777777778 0.01953125
0 0.9472222222222222 0.262890625 0.05277777777777778 0.03671875
0 0.24097222222222223 0.261328125 0.05694444444444444 0.03671875
0 0.8208333333333333 0.259765625 0.09722222222222222 0.05078125
0 0.09097222222222222 0.235546875 0.02361111111111111 0.01171875
0 0.050694444444444445 0.247265625 0.05694444444444444 0.03984375
0 0.16111111111111112 0.2296875 0.03333333333333333 0.0109375
0 0.13472222222222222 0.22109375 0.025 0.0171875
0 0.8923611111111112 0.1640625 0.034722222222222224 0.01875
0 0.9909722222222223 0.1546875 0.018055555555555554 0.0140625
0 0.9340277777777778 0.140234375 0.043055555555555555 0.02578125
0 0.7798611111111111 0.113671875 0.10972222222222222 0.03359375
0 0.9798611111111111 0.105078125 0.0375 0.03515625
0 0.8451388888888889 0.094921875 0.0375 0.02109375
0 0.8083333333333333 0.0875 0.022222222222222223 0.0125
0 0.8979166666666667 0.100390625 0.06527777777777778 0.04609375
0 0.9534722222222223 0.083203125 0.029166666666666667 0.01484375
0 0.9930555555555556 0.080078125 0.011111111111111112 0.01796875
0 0.9041666666666667 0.061328125 0.03611111111111111 0.02265625
