0 0.8208333333333333 0.633203125 0.044444444444444446 0.01953125
0 0.6819444444444445 0.619921875 0.044444444444444446 0.02265625
0 0.5423611111111111 0.60234375 0.04861111111111111 0.028125
0 0.5527777777777778 0.57265625 0.027777777777777776 0.021875
0 0.9069444444444444 0.54921875 0.05 0.028125
0 0.5652777777777778 0.53671875 0.04722222222222222 0.028125
0 0.6611111111111111 0.525 0.016666666666666666 0.0078125
0 0.8 0.5296875 0.03333333333333333 0.021875
0 0.8381944444444445 0.51796875 0.043055555555555555 0.025
0 0.7131944444444445 0.514453125 0.07361111111111111 0.03046875
0 0.9020833333333333 0.506640625 0.029166666666666667 0.01796875
0 0.5 0.50390625 0.022222222222222223 0.0140625
0 0.2513888888888889 0.4890625 0.044444444444444446 0.0234375
0 0.9569444444444445 0.474609375 0.044444444444444446 0.02734375
0 0.8715277777777778 0.45546875 0.03194444444444444 0.0171875
0 0.4388888888888889 0.448828125 0.05277777777777778 0.02890625
0 0.7666666666666667 0.4421875 0.07222222222222222 0.0171875
0 0.12777777777777777 0.426171875 0.030555555555555555 0.02578125
0 0.8395833333333333 0.349609375 0.03194444444444444 0.01171875
0 0.8548611111111111 0.2953125 0.05416666666666667 0.0375
0 0.7993055555555556 0.148046875 0.02361111111111111 0.01328125
0 0.7013888888888888 0.155859375 0.06111111111111111 0.03671875
