0 0.9923611111111111 0.60390625 0.015277777777777777 0.009375
0 0.9909722222222223 0.558984375 0.018055555555555554 0.01484375
0 0.8423611111111111 0.5359375 0.02361111111111111 0.009375
0 0.38680555555555557 0.536328125 0.04583333333333333 0.02734375
0 0.3527777777777778 0.53203125 0.030555555555555555 0.021875
0 0.3125 0.53359375 0.044444444444444446 0.025
0 0.7965277777777777 0.52734375 0.04861111111111111 0.0265625
0 0.42986111111111114 0.507421875 0.04027777777777778 0.02421875
0 0.29375 0.491015625 0.02638888888888889 0.01484375
0 0.5333333333333333 0.485546875 0.058333333333333334 0.02109375
0 0.09861111111111111 0.47265625 0.03333333333333333 0.01875
0 0.3013888888888889 0.46484375 0.03333333333333333 0.021875
0 0.06736111111111111 0.458203125 0.020833333333333332 0.01640625
0 0.45555555555555555 0.447265625 0.025 0.01796875
0 0.020833333333333332 0.45 0.03888888888888889 0.0234375
0 0.5361111111111111 0.444140625 0.030555555555555555 0.01796875
0 0.6027777777777777 0.4390625 0.022222222222222223 0.0140625
0 0.1326388888888889 0.4375 0.034722222222222224 0.0171875
0 0.20277777777777778 0.43359375 0.030555555555555555 0.0109375
0 0.8409722222222222 0.433984375 0.034722222222222224 0.01328125
0 0.5131944444444444 0.4140625 0.04583333333333333 0.0296875
0 0.007638888888888889 0.400390625 0.015277777777777777 0.02265625
0 0.56875 0.376171875 0.02638888888888889 0.02109375
0 0.8326388888888889 0.370703125 0.043055555555555555 0.02109375
0 0.4986111111111111 0.36328125 0.044444444444444446 0.025
0 0.45069444444444445 0.356640625 0.029166666666666667 0.01640625
0 0.6180555555555556 0.3546875 0.030555555555555555 0.0171875
0 0.5611111111111111 0.335546875 0.03888888888888889 0.02265625
0 0.7666666666666667 0.3296875 0.013888888888888888 0.0125
0 0.7319444444444444 0.323828125 0.016666666666666666 0.02421875
0 0.8222222222222222 0.326171875 0.044444444444444446 0.03203125
0 0.9277777777777778 0.32109375 0.03888888888888889 0.0234375
0 0.34305555555555556 0.311328125 0.03611111111111111 0.01796875
0 0.2361111111111111 0.30390625 0.030555555555555555 0.0203125
0 0.15347222222222223 0.298828125 0.0375 0.01484375
0 0.46805555555555556 0.3015625 0.027777777777777776 0.021875
0 0.20347222222222222 0.29765625 0.03194444444444444 0.0203125
0 0.6166666666666667 0.28203125 0.022222222222222223 0.021875
0 0.8791666666666667 0.280078125 0.027777777777777776 0.01953125
0 0.6756944444444445 0.27578125 0.043055555555555555 0.025
0 0.6375 0.249609375 0.025 0.00859375
0 0.22916666666666666 0.248046875 0.030555555555555555 0.01484375
0 0.5027777777777778 0.232421875 0.03333333333333333 0.02109375
0 0.4576388888888889 0.223828125 0.029166666666666667 0.02109375
0 0.31875 0.2203125 0.03194444444444444 0.01875
0 0.7277777777777777 0.21484375 0.025 0.015625
0 0.26805555555555555 0.217578125 0.03333333333333333 0.02109375
0 0.35625 0.21171875 0.03194444444444444 0.0171875
0 0.6520833333333333 0.2125 0.0875 0.0328125
0 0.10555555555555556 0.205859375 0.05 0.02109375
0 0.39444444444444443 0.2046875 0.05555555555555555 0.0296875
0 0.3104166666666667 0.196875 0.0625 0.01875
0 0.41458333333333336 0.187890625 0.034722222222222224 0.01953125
0 0.22708333333333333 0.18125 0.034722222222222224 0.015625
0 0.33541666666666664 0.17734375 0.034722222222222224 0.0171875
0 0.49722222222222223 0.191796875 0.058333333333333334 0.05390625
0 0.38055555555555554 0.172265625 0.03888888888888889 0.01640625
0 0.6236111111111111 0.17421875 0.03888888888888889 0.021875
0 0.25277777777777777 0.16640625 0.03611111111111111 0.025
0 0.3104166666666667 0.159765625 0.03194444444444444 0.01796875
0 0.5729166666666666 0.16328125 0.06805555555555555 0.0421875
0 0.4618055555555556 0.14921875 0.02361111111111111 0.0234375
0 0.30694444444444446 0.128125 0.03611111111111111 0.0203125
0 0.4125 0.12109375 0.06944444444444445 0.0390625
