0 0.8555555555555555 0.73671875 0.030555555555555555 0.0171875
0 0.9840277777777777 0.6921875 0.03194444444444444 0.025
0 0.32013888888888886 0.6703125 0.0625 0.0296875
0 0.2826388888888889 0.641015625 0.059722222222222225 0.03359375
0 0.4131944444444444 0.603125 0.04583333333333333 0.0234375
0 0.6659722222222222 0.58984375 0.020833333333333332 0.0125
0 0.8013888888888889 0.549609375 0.030555555555555555 0.01171875
0 0.6013888888888889 0.540625 0.03888888888888889 0.01875
0 0.33611111111111114 0.510546875 0.044444444444444446 0.02265625
0 0.29305555555555557 0.50546875 0.041666666666666664 0.0265625
0 0.5722222222222222 0.501171875 0.027777777777777776 0.02109375
0 0.6729166666666667 0.457421875 0.09861111111111111 0.03203125
0 0.39791666666666664 0.431640625 0.029166666666666667 0.02109375
0 0.5645833333333333 0.4203125 0.04583333333333333 0.0234375
0 0.43194444444444446 0.399609375 0.041666666666666664 0.02578125
0 0.68125 0.396875 0.07083333333333333 0.0234375
0 0.4125 0.373046875 0.027777777777777776 0.01484375
0 0.47708333333333336 0.373046875 0.05138888888888889 0.02890625
0 0.5972222222222222 0.349609375 0.058333333333333334 0.02890625
0 0.6930555555555555 0.34765625 0.09166666666666666 0.0359375
0 0.2625 0.337109375 0.041666666666666664 0.02109375
0 0.5854166666666667 0.31875 0.020833333333333332 0.0109375
0 0.39791666666666664 0.265234375 0.04027777777777778 0.02109375
0 0.36875 0.23828125 0.03194444444444444 0.0109375
0 0.4895833333333333 0.247265625 0.0763888888888889 0.03828125
0 0.48055555555555557 0.21796875 0.05555555555555555 0.0140625
0 0.7201388888888889 0.198046875 0.034722222222222224 0.02578125
0 0.48055555555555557 0.17734375 0.10833333333333334 0.0546875
0 0.6409722222222223 0.144921875 0.03194444444444444 0.02265625
0 0.5076388888888889 0.141015625 0.04861111111111111 0.02734375
0 0.6104166666666667 0.11171875 0.034722222222222224 0.0171875
0 0.5430555555555555 0.027734375 0.04722222222222222 0.03046875
