0 0.5145833333333333 0.73359375 0.043055555555555555 0.0125
0 0.9277777777777778 0.67890625 0.016666666666666666 0.0125
0 0.9569444444444445 0.680078125 0.025 0.02109375
0 0.6430555555555556 0.676953125 0.019444444444444445 0.01640625
0 0.8145833333333333 0.665234375 0.02638888888888889 0.01953125
0 0.9006944444444445 0.6640625 0.03194444444444444 0.01875
0 0.9520833333333333 0.6546875 0.04027777777777778 0.01875
0 0.30486111111111114 0.6515625 0.04861111111111111 0.0265625
0 0.8854166666666666 0.63203125 0.034722222222222224 0.0140625
0 0.28541666666666665 0.612109375 0.04583333333333333 0.02578125
0 0.3229166666666667 0.595703125 0.03194444444444444 0.01953125
0 0.9263888888888889 0.558984375 0.030555555555555555 0.01171875
0 0.3125 0.540234375 0.07222222222222222 0.01796875
0 0.09791666666666667 0.53515625 0.04861111111111111 0.0171875
0 0.13055555555555556 0.521875 0.027777777777777776 0.015625
0 0.1375 0.491796875 0.025 0.01484375
0 0.3541666666666667 0.45546875 0.041666666666666664 0.021875
0 0.5256944444444445 0.4484375 0.043055555555555555 0.0203125
0 0.19791666666666666 0.43828125 0.029166666666666667 0.01875
0 0.56875 0.42890625 0.03194444444444444 0.01875
0 0.7354166666666667 0.424609375 0.04583333333333333 0.02734375
0 0.3486111111111111 0.425390625 0.05 0.02890625
0 0.6506944444444445 0.40546875 0.043055555555555555 0.0203125
0 0.6340277777777777 0.39140625 0.020833333333333332 0.0171875
0 0.68125 0.390625 0.0375 0.021875
0 0.35347222222222224 0.35625 0.04027777777777778 0.01875
0 0.3173611111111111 0.351953125 0.029166666666666667 0.02109375
0 0.5375 0.195703125 0.044444444444444446 0.02421875
