0 0.9604166666666667 0.728515625 0.06527777777777778 0.03671875
0 0.6423611111111112 0.536328125 0.03194444444444444 0.02109375
0 0.9 0.5421875 0.06388888888888888 0.0359375
0 0.7895833333333333 0.52734375 0.03194444444444444 0.0140625
0 0.8159722222222222 0.50859375 0.02361111111111111 0.01875
0 0.8284722222222223 0.44609375 0.04861111111111111 0.0171875
0 0.7805555555555556 0.3953125 0.03611111111111111 0.015625
0 0.3472222222222222 0.394921875 0.03611111111111111 0.02265625
0 0.2604166666666667 0.3859375 0.02361111111111111 0.0234375
0 0.5930555555555556 0.35703125 0.013888888888888888 0.0203125
0 0.6354166666666666 0.30625 0.05416666666666667 0.0359375
0 0.5055555555555555 0.291796875 0.05277777777777778 0.02890625
