0 0.16319444444444445 0.983984375 0.05416666666666667 0.03203125
0 0.010416666666666666 0.967578125 0.018055555555555554 0.02421875
0 0.25069444444444444 0.932421875 0.05138888888888889 0.02421875
0 0.4791666666666667 0.93046875 0.06111111111111111 0.0359375
0 0.1361111111111111 0.9203125 0.1111111111111111 0.0421875
0 0.14652777777777778 0.8546875 0.0625 0.0265625
0 0.40555555555555556 0.81171875 0.041666666666666664 0.028125
0 0.9013888888888889 0.797265625 0.044444444444444446 0.01796875
0 0.09583333333333334 0.803125 0.05 0.0328125
0 0.5354166666666667 0.805078125 0.07083333333333333 0.04296875
0 0.16458333333333333 0.79375 0.04583333333333333 0.025
0 0.86875 0.7671875 0.029166666666666667 0.021875
0 0.6354166666666666 0.7515625 0.08194444444444444 0.03125
0 0.5319444444444444 0.741015625 0.044444444444444446 0.03046875
0 0.3277777777777778 0.71015625 0.044444444444444446 0.0203125
0 0.8118055555555556 0.685546875 0.043055555555555555 0.01484375
0 0.15694444444444444 0.68984375 0.06111111111111111 0.0359375
0 0.9180555555555555 0.664453125 0.06666666666666667 0.03828125
0 0.09305555555555556 0.658203125 0.027777777777777776 0.02734375
0 0.5201388888888889 0.6484375 0.02361111111111111 0.0140625
0 0.6326388888888889 0.623046875 0.029166666666666667 0.01640625
0 0.4527777777777778 0.6171875 0.06666666666666667 0.0375
0 0.03333333333333333 0.607421875 0.06388888888888888 0.04140625
0 0.1597222222222222 0.593359375 0.04722222222222222 0.03046875
0 0.8444444444444444 0.5734375 0.05277777777777778 0.025
0 0.9201388888888888 0.5671875 0.03194444444444444 0.021875
0 0.014583333333333334 0.557421875 0.029166666666666667 0.02109375
0 0.6118055555555556 0.552734375 0.10972222222222222 0.04453125
0 0.7083333333333334 0.52890625 0.030555555555555555 0.0171875
0 0.37222222222222223 0.506640625 0.016666666666666666 0.01640625
0 0.61875 0.506640625 0.059722222222222225 0.03046875
0 0.015277777777777777 0.497265625 0.030555555555555555 0.02109375
0 0.7166666666666667 0.49921875 0.06388888888888888 0.0375
0 0.8236111111111111 0.478515625 0.044444444444444446 0.01640625
0 0.21666666666666667 0.482421875 0.04722222222222222 0.03515625
0 0.42986111111111114 0.479296875 0.13472222222222222 0.03515625
0 0.9680555555555556 0.46328125 0.06388888888888888 0.0359375
0 0.5368055555555555 0.4515625 0.029166666666666667 0.025
0 0.4895833333333333 0.44375 0.02638888888888889 0.0109375
0 0.8548611111111111 0.44375 0.0375 0.01875
0 0.10347222222222222 0.44765625 0.04583333333333333 0.0296875
0 0.6409722222222223 0.439453125 0.04583333333333333 0.02578125
0 0.20069444444444445 0.440234375 0.04583333333333333 0.03203125
0 0.5854166666666667 0.42265625 0.04583333333333333 0.01875
0 0.12986111111111112 0.409375 0.029166666666666667 0.015625
0 0.39652777777777776 0.396875 0.034722222222222224 0.0109375
0 0.45416666666666666 0.4046875 0.05277777777777778 0.028125
0 0.5083333333333333 0.383984375 0.03888888888888889 0.02265625
0 0.3506944444444444 0.383984375 0.04583333333333333 0.02265625
0 0.44305555555555554 0.375 0.05555555555555555 0.03125
0 0.6576388888888889 0.36328125 0.07083333333333333 0.03125
0 0.5444444444444444 0.349609375 0.05555555555555555 0.03046875
0 0.016666666666666666 0.316015625 0.03333333333333333 0.01484375
0 0.8819444444444444 0.335546875 0.09444444444444444 0.07109375
0 0.9506944444444444 0.29375 0.059722222222222225 0.0296875
0 0.8138888888888889 0.28125 0.025 0.009375
0 0.7881944444444444 0.268359375 0.029166666666666667 0.01796875
0 0.6923611111111111 0.301953125 0.1125 0.08984375
0 0.8555555555555555 0.266015625 0.05277777777777778 0.02421875
0 0.12013888888888889 0.26328125 0.04861111111111111 0.021875
0 0.19444444444444445 0.262890625 0.04722222222222222 0.02421875
0 0.13055555555555556 0.239453125 0.03888888888888889 0.02421875
0 0.7736111111111111 0.2421875 0.05277777777777778 0.03125
0 0.6590277777777778 0.230859375 0.043055555555555555 0.03203125
0 0.7236111111111111 0.22421875 0.019444444444444445 0.0265625
0 0.5409722222222222 0.194921875 0.043055555555555555 0.01328125
0 0.7895833333333333 0.18984375 0.034722222222222224 0.01875
0 0.44166666666666665 0.18125 0.030555555555555555 0.015625
0 0.83125 0.1703125 0.09861111111111111 0.0328125
0 0.8923611111111112 0.136328125 0.05416666666666667 0.02890625
0 0.6736111111111112 0.101171875 0.05277777777777778 0.02734375
0 0.8381944444444445 0.097265625 0.059722222222222225 0.03203125
0 0.7125 0.01953125 0.03888888888888889 0.03125
0 0.6576388888888889 0.017578125 0.05694444444444444 0.03515625
0 0.6208333333333333 0.003515625 0.030555555555555555 0.00703125
