0 0.7923611111111111 0.580078125 0.05416666666666667 0.02578125
0 0.7972222222222223 0.559765625 0.030555555555555555 0.01328125
0 0.8020833333333334 0.51953125 0.04027777777777778 0.015625
0 0.7305555555555555 0.521875 0.03888888888888889 0.021875
0 0.13402777777777777 0.508984375 0.04583333333333333 0.02578125
0 0.05555555555555555 0.5046875 0.03611111111111111 0.01875
0 0.5361111111111111 0.498828125 0.019444444444444445 0.01328125
0 0.09722222222222222 0.501953125 0.03333333333333333 0.01953125
0 0.7972222222222223 0.491796875 0.027777777777777776 0.01328125
0 0.47638888888888886 0.49375 0.041666666666666664 0.021875
0 0.9069444444444444 0.48671875 0.025 0.015625
0 0.8576388888888888 0.485546875 0.03194444444444444 0.02109375
0 0.9722222222222222 0.484375 0.041666666666666664 0.0265625
0 0.18472222222222223 0.482421875 0.03611111111111111 0.02421875
0 0.9680555555555556 0.453515625 0.030555555555555555 0.01328125
0 0.9111111111111111 0.454296875 0.016666666666666666 0.01484375
0 0.9909722222222223 0.44921875 0.018055555555555554 0.0171875
0 0.9868055555555556 0.4296875 0.02638888888888889 0.0171875
0 0.3145833333333333 0.420703125 0.02638888888888889 0.01484375
0 0.9680555555555556 0.399609375 0.03333333333333333 0.01484375
0 0.21805555555555556 0.392578125 0.03333333333333333 0.02421875
0 0.9847222222222223 0.375390625 0.027777777777777776 0.01953125
0 0.40208333333333335 0.380078125 0.04861111111111111 0.03359375
0 0.26805555555555555 0.35625 0.027777777777777776 0.021875
0 0.20555555555555555 0.342578125 0.041666666666666664 0.02109375
0 0.43194444444444446 0.336328125 0.03888888888888889 0.01953125
0 0.6826388888888889 0.323828125 0.02361111111111111 0.01171875
0 0.25555555555555554 0.31953125 0.04722222222222222 0.0234375
0 0.5631944444444444 0.312109375 0.04027777777777778 0.01328125
0 0.6111111111111112 0.298046875 0.027777777777777776 0.01171875
0 0.65625 0.297265625 0.029166666666666667 0.01484375
0 0.31180555555555556 0.298046875 0.034722222222222224 0.01640625
0 0.03263888888888889 0.292578125 0.0625 0.01796875
0 0.2777777777777778 0.266796875 0.025 0.01796875
0 0.6201388888888889 0.2625 0.02361111111111111 0.015625
0 0.38333333333333336 0.26640625 0.03888888888888889 0.0234375
0 0.5215277777777778 0.2578125 0.034722222222222224 0.0203125
0 0.02013888888888889 0.242578125 0.03194444444444444 0.01484375
0 0.46319444444444446 0.23984375 0.02361111111111111 0.0171875
0 0.3034722222222222 0.222265625 0.0375 0.01796875
0 0.2604166666666667 0.21640625 0.04583333333333333 0.0171875
0 0.11319444444444444 0.207421875 0.03194444444444444 0.01796875
0 0.5576388888888889 0.20703125 0.0375 0.01875
0 0.4777777777777778 0.20703125 0.022222222222222223 0.01875
0 0.05555555555555555 0.209765625 0.03611111111111111 0.02421875
0 0.08263888888888889 0.196484375 0.0375 0.00859375
0 0.30416666666666664 0.2 0.03611111111111111 0.0171875
0 0.39166666666666666 0.196875 0.041666666666666664 0.021875
0 0.3229166666666667 0.17109375 0.0375 0.0171875
0 0.2520833333333333 0.17265625 0.05138888888888889 0.0234375
0 0.38680555555555557 0.16953125 0.03194444444444444 0.0203125
0 0.175 0.1859375 0.10555555555555556 0.053125
0 0.03194444444444444 0.171484375 0.058333333333333334 0.03359375
0 0.09791666666666667 0.158203125 0.03194444444444444 0.01640625
0 0.3326388888888889 0.151171875 0.029166666666666667 0.01484375
0 0.36041666666666666 0.1453125 0.03194444444444444 0.0203125
0 0.21597222222222223 0.144921875 0.03194444444444444 0.01953125
0 0.09652777777777778 0.127734375 0.04027777777777778 0.01796875
0 0.20069444444444445 0.12421875 0.0375 0.0171875
0 0.20833333333333334 0.106640625 0.027777777777777776 0.01484375
