0 0.6465277777777778 0.759765625 0.05416666666666667 0.02265625
0 0.3784722222222222 0.75234375 0.059722222222222225 0.0296875
0 0.4548611111111111 0.688671875 0.04027777777777778 0.03046875
0 0.1909722222222222 0.66953125 0.020833333333333332 0.0140625
0 0.7895833333333333 0.66015625 0.043055555555555555 0.01875
0 0.6194444444444445 0.6328125 0.03333333333333333 0.0203125
0 0.8979166666666667 0.625390625 0.0375 0.01796875
0 0.4618055555555556 0.626171875 0.029166666666666667 0.02421875
0 0.1326388888888889 0.5109375 0.02638888888888889 0.0125
0 0.33402777777777776 0.508203125 0.03194444444444444 0.02109375
0 0.4 0.49375 0.03333333333333333 0.015625
0 0.5319444444444444 0.499609375 0.041666666666666664 0.03046875
0 0.18194444444444444 0.469921875 0.03611111111111111 0.01640625
0 0.3215277777777778 0.455078125 0.029166666666666667 0.01171875
0 0.15763888888888888 0.4515625 0.0375 0.0171875
0 0.5256944444444445 0.409765625 0.03194444444444444 0.01484375
0 0.11388888888888889 0.396875 0.025 0.01875
0 0.016666666666666666 0.33671875 0.027777777777777776 0.01875
0 0.5770833333333333 0.304296875 0.043055555555555555 0.02734375
0 0.10486111111111111 0.293359375 0.0375 0.01953125
0 0.041666666666666664 0.290234375 0.030555555555555555 0.01640625
0 0.03333333333333333 0.266796875 0.03333333333333333 0.01640625
0 0.0798611111111111 0.263671875 0.0375 0.02265625
0 0.03263888888888889 0.161328125 0.03194444444444444 0.01640625
0 0.014583333333333334 0.0734375 0.029166666666666667 0.025
0 0.5305555555555556 0.028515625 0.05277777777777778 0.04296875
