0 0.47430555555555554 0.8109375 0.043055555555555555 0.0234375
0 0.5638888888888889 0.774609375 0.022222222222222223 0.01171875
0 0.5340277777777778 0.779296875 0.04027777777777778 0.02109375
0 0.3680555555555556 0.77890625 0.041666666666666664 0.0328125
0 0.85625 0.76484375 0.05138888888888889 0.028125
0 0.53125 0.735546875 0.034722222222222224 0.01796875
0 0.38958333333333334 0.709765625 0.05694444444444444 0.03046875
0 0.2222222222222222 0.701171875 0.044444444444444446 0.02890625
0 0.9416666666666667 0.69609375 0.05 0.0234375
0 0.9881944444444445 0.68984375 0.020833333333333332 0.0203125
0 0.3923611111111111 0.6265625 0.05416666666666667 0.0234375
0 0.9361111111111111 0.61484375 0.027777777777777776 0.015625
0 0.14444444444444443 0.6125 0.044444444444444446 0.021875
0 0.36041666666666666 0.608203125 0.0375 0.03046875
0 0.13958333333333334 0.59375 0.034722222222222224 0.015625
0 0.29097222222222224 0.5828125 0.043055555555555555 0.0171875
0 0.4236111111111111 0.556640625 0.041666666666666664 0.01796875
0 0.35555555555555557 0.56171875 0.08888888888888889 0.03125
0 0.9944444444444445 0.55390625 0.011111111111111112 0.0203125
0 0.5486111111111112 0.54609375 0.06944444444444445 0.0203125
0 0.12013888888888889 0.54921875 0.05138888888888889 0.0296875
0 0.1736111111111111 0.541796875 0.030555555555555555 0.02421875
0 0.025694444444444443 0.52578125 0.029166666666666667 0.0328125
0 0.4847222222222222 0.51640625 0.07777777777777778 0.0390625
0 0.08055555555555556 0.49375 0.03611111111111111 0.021875
0 0.9305555555555556 0.478515625 0.03611111111111111 0.01796875
0 0.3236111111111111 0.4765625 0.06388888888888888 0.0296875
0 0.24513888888888888 0.470703125 0.043055555555555555 0.02109375
0 0.05625 0.45546875 0.0375 0.025
0 0.13402777777777777 0.441015625 0.04861111111111111 0.02734375
0 0.3458333333333333 0.426953125 0.05 0.02890625
0 0.27847222222222223 0.426171875 0.06805555555555555 0.04609375
0 0.10416666666666667 0.403515625 0.025 0.01171875
0 0.2604166666666667 0.36484375 0.05138888888888889 0.0328125
0 0.2875 0.338671875 0.030555555555555555 0.01171875
0 0.043055555555555555 0.335546875 0.030555555555555555 0.01796875
0 0.10208333333333333 0.295703125 0.06527777777777778 0.03828125
0 0.26319444444444445 0.24765625 0.03194444444444444 0.028125
0 0.06111111111111111 0.2390625 0.05 0.03125
0 0.07777777777777778 0.207421875 0.05555555555555555 0.03359375
0 0.12430555555555556 0.1921875 0.020833333333333332 0.0125
0 0.21319444444444444 0.17265625 0.034722222222222224 0.0125
0 0.07222222222222222 0.1765625 0.022222222222222223 0.0203125
0 0.16875 0.160546875 0.02361111111111111 0.01328125
0 0.11388888888888889 0.1515625 0.03611111111111111 0.0171875
0 0.10208333333333333 0.120703125 0.05416666666666667 0.03515625
0 0.22569444444444445 0.116015625 0.05416666666666667 0.03671875
0 0.3138888888888889 0.042578125 0.06111111111111111 0.04296875
0 0.22847222222222222 0.017578125 0.05416666666666667 0.02734375
