0 0.15555555555555556 0.521484375 0.04722222222222222 0.03359375
0 0.18541666666666667 0.4875 0.0375 0.025
0 0.17083333333333334 0.476171875 0.019444444444444445 0.01015625
0 0.06666666666666667 0.47890625 0.030555555555555555 0.021875
0 0.46319444444444446 0.472265625 0.018055555555555554 0.01171875
0 0.5236111111111111 0.454296875 0.022222222222222223 0.01640625
0 0.5951388888888889 0.42734375 0.020833333333333332 0.0078125
0 0.5159722222222223 0.4265625 0.020833333333333332 0.0109375
0 0.4215277777777778 0.421875 0.02638888888888889 0.0078125
0 0.25972222222222224 0.392578125 0.025 0.01015625
0 0.6020833333333333 0.39140625 0.02361111111111111 0.0109375
0 0.6298611111111111 0.39375 0.029166666666666667 0.0171875
0 0.10138888888888889 0.36953125 0.025 0.0125
0 0.47291666666666665 0.3671875 0.02361111111111111 0.0125
0 0.3784722222222222 0.36484375 0.03194444444444444 0.0171875
0 0.33611111111111114 0.359375 0.027777777777777776 0.0140625
0 0.3333333333333333 0.34140625 0.027777777777777776 0.0125
0 0.2625 0.340234375 0.025 0.01328125
0 0.3875 0.3421875 0.03333333333333333 0.021875
0 0.02638888888888889 0.333984375 0.025 0.01484375
0 0.3111111111111111 0.31875 0.03611111111111111 0.0140625
0 0.36527777777777776 0.3046875 0.030555555555555555 0.0140625
0 0.07361111111111111 0.296484375 0.019444444444444445 0.01328125
0 0.10138888888888889 0.298046875 0.03333333333333333 0.01796875
0 0.07916666666666666 0.28359375 0.03333333333333333 0.0140625
0 0.2388888888888889 0.276171875 0.025 0.01328125
0 0.2777777777777778 0.23984375 0.025 0.0125
0 0.17222222222222222 0.2234375 0.03333333333333333 0.01875
0 0.04513888888888889 0.204296875 0.043055555555555555 0.01953125
