0 0.16180555555555556 0.64765625 0.018055555555555554 0.0140625
0 0.017361111111111112 0.64375 0.029166666666666667 0.0234375
0 0.5881944444444445 0.630859375 0.020833333333333332 0.01015625
0 0.029166666666666667 0.605078125 0.030555555555555555 0.01484375
0 0.4263888888888889 0.59140625 0.027777777777777776 0.015625
0 0.11944444444444445 0.5890625 0.03333333333333333 0.01875
0 0.6916666666666667 0.580078125 0.03611111111111111 0.01953125
0 0.8458333333333333 0.56875 0.03888888888888889 0.0203125
0 0.40694444444444444 0.557421875 0.025 0.01328125
0 0.5368055555555555 0.555859375 0.029166666666666667 0.01328125
0 0.6534722222222222 0.55703125 0.034722222222222224 0.0203125
0 0.48819444444444443 0.546875 0.015277777777777777 0.0140625
0 0.60625 0.5484375 0.04861111111111111 0.0265625
0 0.21319444444444444 0.5375 0.02638888888888889 0.0125
0 0.16319444444444445 0.5390625 0.03194444444444444 0.021875
0 0.8159722222222222 0.533984375 0.034722222222222224 0.01796875
0 0.044444444444444446 0.532421875 0.027777777777777776 0.01484375
0 0.32569444444444445 0.536328125 0.08194444444444444 0.02578125
0 0.4111111111111111 0.52734375 0.05 0.0171875
0 0.5666666666666667 0.52578125 0.05555555555555555 0.0328125
0 0.09236111111111112 0.51015625 0.02638888888888889 0.015625
0 0.034027777777777775 0.508203125 0.05138888888888889 0.02578125
0 0.12222222222222222 0.5 0.027777777777777776 0.0125
0 0.3 0.48828125 0.025 0.009375
0 0.20416666666666666 0.4890625 0.027777777777777776 0.0125
0 0.8090277777777778 0.494140625 0.05138888888888889 0.02890625
0 0.8548611111111111 0.488671875 0.05416666666666667 0.02421875
0 0.20208333333333334 0.470703125 0.043055555555555555 0.02109375
0 0.9208333333333333 0.47578125 0.05555555555555555 0.034375
0 0.7291666666666666 0.46640625 0.04722222222222222 0.03125
0 0.64375 0.451953125 0.05138888888888889 0.02578125
0 0.5361111111111111 0.455078125 0.05277777777777778 0.03671875
0 0.009722222222222222 0.434375 0.016666666666666666 0.0140625
0 0.9604166666666667 0.42890625 0.05416666666666667 0.0296875
0 0.34375 0.42578125 0.05416666666666667 0.0234375
0 0.5715277777777777 0.430859375 0.07361111111111111 0.03984375
0 0.7736111111111111 0.41953125 0.075 0.0296875
0 0.5986111111111111 0.3953125 0.030555555555555555 0.009375
0 0.7152777777777778 0.398046875 0.058333333333333334 0.02421875
0 0.8090277777777778 0.388671875 0.04583333333333333 0.01953125
0 0.2881944444444444 0.369140625 0.0125 0.01328125
0 0.32430555555555557 0.37265625 0.05694444444444444 0.0359375
0 0.22152777777777777 0.35703125 0.020833333333333332 0.0109375
0 0.6986111111111111 0.357421875 0.041666666666666664 0.02578125
0 0.2076388888888889 0.346875 0.02638888888888889 0.015625
0 0.3104166666666667 0.345703125 0.02638888888888889 0.01640625
0 0.5854166666666667 0.334765625 0.03194444444444444 0.01015625
0 0.41805555555555557 0.337109375 0.016666666666666666 0.01796875
0 0.12013888888888889 0.325390625 0.05694444444444444 0.02109375
0 0.9631944444444445 0.3171875 0.04027777777777778 0.0203125
0 0.49166666666666664 0.309765625 0.05 0.01328125
0 0.375 0.307421875 0.030555555555555555 0.02109375
0 0.9375 0.298046875 0.030555555555555555 0.01796875
0 0.9736111111111111 0.296484375 0.03888888888888889 0.02265625
0 0.01875 0.287109375 0.020833333333333332 0.01484375
0 0.8555555555555555 0.287109375 0.03611111111111111 0.01796875
0 0.9034722222222222 0.28046875 0.0375 0.01875
0 0.059722222222222225 0.2734375 0.03333333333333333 0.0109375
0 0.7694444444444445 0.27890625 0.05555555555555555 0.0234375
0 0.0763888888888889 0.268359375 0.019444444444444445 0.01015625
0 0.027777777777777776 0.26640625 0.022222222222222223 0.0109375
0 0.9173611111111111 0.265625 0.043055555555555555 0.0203125
0 0.8125 0.270703125 0.058333333333333334 0.03828125
0 0.225 0.2921875 0.10277777777777777 0.090625
0 0.9833333333333333 0.2515625 0.03333333333333333 0.015625
0 0.08125 0.244921875 0.018055555555555554 0.01328125
0 0.03194444444444444 0.24765625 0.03611111111111111 0.03125
0 0.12708333333333333 0.22890625 0.04583333333333333 0.0234375
0 0.86875 0.171875 0.034722222222222224 0.01875
0 0.9756944444444444 0.162109375 0.02361111111111111 0.01484375
0 0.9104166666666667 0.146484375 0.04027777777777778 0.02421875
0 0.96875 0.1234375 0.0625 0.025
0 0.8791666666666667 0.121875 0.05555555555555555 0.0234375
0 0.7604166666666666 0.12109375 0.10416666666666667 0.0296875
0 0.9569444444444445 0.10390625 0.03611111111111111 0.0140625
0 0.7951388888888888 0.094140625 0.018055555555555554 0.01015625
0 0.8458333333333333 0.0984375 0.07777777777777778 0.03125
0 0.8881944444444444 0.071484375 0.04027777777777778 0.01796875
