0 0.9541666666666667 0.73359375 0.09166666666666666 0.0734375
0 0.8944444444444445 0.48125 0.044444444444444446 0.021875
0 0.42569444444444443 0.451953125 0.029166666666666667 0.01015625
0 0.37777777777777777 0.450390625 0.041666666666666664 0.02109375
0 0.5256944444444445 0.4328125 0.03194444444444444 0.01875
0 0.4708333333333333 0.433984375 0.041666666666666664 0.02109375
0 0.8847222222222222 0.432421875 0.027777777777777776 0.02421875
0 0.29305555555555557 0.42578125 0.025 0.01875
0 0.7326388888888888 0.419921875 0.034722222222222224 0.01484375
0 0.1875 0.417578125 0.07222222222222222 0.02109375
0 0.9784722222222222 0.414453125 0.04027777777777778 0.02421875
0 0.9381944444444444 0.39765625 0.03194444444444444 0.0203125
0 0.9729166666666667 0.337109375 0.04583333333333333 0.02890625
0 0.1423611111111111 0.30234375 0.0625 0.0296875
0 0.9263888888888889 0.295703125 0.041666666666666664 0.02265625
0 0.8763888888888889 0.295703125 0.05555555555555555 0.02421875
0 0.016666666666666666 0.28671875 0.027777777777777776 0.0203125
