0 0.9395833333333333 0.694140625 0.05694444444444444 0.02890625
0 0.7611111111111111 0.6296875 0.025 0.0140625
0 0.5909722222222222 0.63046875 0.0375 0.0171875
0 0.3597222222222222 0.628125 0.027777777777777776 0.015625
0 0.8993055555555556 0.633984375 0.0625 0.03203125
0 0.5868055555555556 0.6109375 0.034722222222222224 0.01875
0 0.9708333333333333 0.61015625 0.03611111111111111 0.0234375
0 0.4597222222222222 0.6046875 0.030555555555555555 0.0140625
0 0.43472222222222223 0.601171875 0.019444444444444445 0.01484375
0 0.32083333333333336 0.60078125 0.027777777777777776 0.015625
0 0.9097222222222222 0.6046875 0.044444444444444446 0.025
0 0.8027777777777778 0.58984375 0.030555555555555555 0.01875
0 0.8659722222222223 0.58671875 0.029166666666666667 0.0140625
0 0.5416666666666666 0.586328125 0.03333333333333333 0.01953125
0 0.6118055555555556 0.58046875 0.05138888888888889 0.0265625
0 0.7159722222222222 0.57578125 0.05138888888888889 0.028125
0 0.53125 0.56328125 0.034722222222222224 0.021875
0 0.9597222222222223 0.5609375 0.06111111111111111 0.0375
0 0.42777777777777776 0.544921875 0.016666666666666666 0.01953125
0 0.8048611111111111 0.547265625 0.05694444444444444 0.02890625
0 0.14583333333333334 0.53828125 0.04722222222222222 0.025
0 0.06388888888888888 0.52890625 0.03333333333333333 0.0203125
0 0.5555555555555556 0.51796875 0.05 0.025
0 0.5277777777777778 0.509375 0.030555555555555555 0.021875
0 0.7166666666666667 0.484765625 0.025 0.01640625
0 0.8791666666666667 0.483203125 0.05 0.02265625
0 0.8152777777777778 0.478125 0.044444444444444446 0.021875
0 0.020833333333333332 0.455078125 0.030555555555555555 0.01796875
0 0.7222222222222222 0.42890625 0.030555555555555555 0.01875
0 0.8013888888888889 0.423828125 0.030555555555555555 0.01640625
0 0.9333333333333333 0.419921875 0.030555555555555555 0.01015625
0 0.6534722222222222 0.413671875 0.029166666666666667 0.01640625
0 0.5520833333333334 0.409765625 0.02361111111111111 0.01328125
0 0.68125 0.408203125 0.029166666666666667 0.01796875
0 0.9020833333333333 0.40390625 0.02361111111111111 0.015625
0 0.7076388888888889 0.4 0.02638888888888889 0.015625
0 0.9583333333333334 0.39765625 0.019444444444444445 0.0125
0 0.6597222222222222 0.396875 0.030555555555555555 0.015625
0 0.2520833333333333 0.397265625 0.03194444444444444 0.02421875
0 0.6395833333333333 0.384375 0.02361111111111111 0.0109375
0 0.7923611111111111 0.384765625 0.029166666666666667 0.01328125
0 0.08888888888888889 0.38671875 0.025 0.0203125
0 0.28402777777777777 0.38671875 0.04027777777777778 0.0234375
0 0.02013888888888889 0.378515625 0.0375 0.02421875
0 0.5277777777777778 0.368359375 0.030555555555555555 0.01640625
0 0.14930555555555555 0.383203125 0.08194444444444444 0.04609375
0 0.7215277777777778 0.369921875 0.029166666666666667 0.02421875
0 0.3284722222222222 0.358984375 0.04027777777777778 0.01796875
0 0.5847222222222223 0.352734375 0.027777777777777776 0.01171875
0 0.21736111111111112 0.34140625 0.029166666666666667 0.01875
0 0.19027777777777777 0.343359375 0.041666666666666664 0.02578125
0 0.46319444444444446 0.334375 0.03194444444444444 0.0140625
0 0.95625 0.33203125 0.02638888888888889 0.0140625
0 0.89375 0.317578125 0.02638888888888889 0.01796875
0 0.42916666666666664 0.319140625 0.05277777777777778 0.02890625
0 0.27152777777777776 0.298046875 0.05416666666666667 0.01484375
0 0.58125 0.298046875 0.034722222222222224 0.02109375
0 0.9229166666666667 0.297265625 0.05416666666666667 0.02421875
0 0.4625 0.26640625 0.019444444444444445 0.0140625
0 0.325 0.25625 0.05277777777777778 0.0265625
0 0.45902777777777776 0.248046875 0.03194444444444444 0.02109375
0 0.5159722222222223 0.24296875 0.029166666666666667 0.01875
0 0.6576388888888889 0.23984375 0.02638888888888889 0.015625
0 0.5513888888888889 0.230859375 0.025 0.01484375
0 0.8215277777777777 0.228125 0.034722222222222224 0.01875
0 0.6451388888888889 0.227734375 0.0375 0.01953125
0 0.7340277777777777 0.220703125 0.034722222222222224 0.01328125
0 0.43333333333333335 0.223046875 0.03333333333333333 0.02265625
0 0.25277777777777777 0.219140625 0.03611111111111111 0.02109375
0 0.09236111111111112 0.21328125 0.03194444444444444 0.015625
0 0.4013888888888889 0.2125 0.03333333333333333 0.015625
0 0.5055555555555555 0.217578125 0.07222222222222222 0.02734375
0 0.38055555555555554 0.20546875 0.022222222222222223 0.0109375
0 0.8638888888888889 0.208984375 0.03333333333333333 0.02265625
0 0.23472222222222222 0.196484375 0.044444444444444446 0.01953125
0 0.9215277777777777 0.19765625 0.029166666666666667 0.0234375
0 0.06180555555555556 0.19375 0.018055555555555554 0.015625
0 0.8423611111111111 0.19375 0.034722222222222224 0.0203125
0 0.3076388888888889 0.2 0.05416666666666667 0.0328125
0 0.7965277777777777 0.191015625 0.04027777777777778 0.02109375
0 0.12569444444444444 0.18828125 0.034722222222222224 0.0171875
0 0.6833333333333333 0.180859375 0.027777777777777776 0.01171875
0 0.8777777777777778 0.182421875 0.03333333333333333 0.02421875
0 0.54375 0.17578125 0.02361111111111111 0.01875
0 0.027083333333333334 0.173828125 0.04027777777777778 0.01484375
0 0.9472222222222222 0.173828125 0.04722222222222222 0.02421875
0 0.8541666666666666 0.172265625 0.041666666666666664 0.02578125
0 0.7652777777777777 0.17109375 0.041666666666666664 0.0234375
0 0.16180555555555556 0.1609375 0.02638888888888889 0.0171875
0 0.9868055555555556 0.1671875 0.02638888888888889 0.0375
0 0.08125 0.15546875 0.02638888888888889 0.015625
0 0.6541666666666667 0.1515625 0.03888888888888889 0.0203125
0 0.9875 0.1421875 0.025 0.0125
0 0.03611111111111111 0.137890625 0.03333333333333333 0.01640625
0 0.7548611111111111 0.13515625 0.043055555555555555 0.0265625
0 0.1361111111111111 0.1203125 0.030555555555555555 0.021875
0 0.30069444444444443 0.1203125 0.04027777777777778 0.0265625
0 0.05763888888888889 0.108203125 0.02638888888888889 0.01640625
0 0.09513888888888888 0.1015625 0.04027777777777778 0.0234375
0 0.14097222222222222 0.090625 0.06805555555555555 0.0265625
0 0.27361111111111114 0.09296875 0.05277777777777778 0.0359375
0 0.2847222222222222 0.07265625 0.016666666666666666 0.01875
0 0.2222222222222222 0.06953125 0.025 0.0140625
0 0.20416666666666666 0.057421875 0.027777777777777776 0.01796875
0 0.14097222222222222 0.054296875 0.043055555555555555 0.02578125
0 0.034722222222222224 0.050390625 0.03611111111111111 0.02109375
0 0.011111111111111112 0.035546875 0.022222222222222223 0.01484375
