0 0.10069444444444445 0.966015625 0.034722222222222224 0.02265625
0 0.20208333333333334 0.92265625 0.059722222222222225 0.0375
0 0.12152777777777778 0.9140625 0.04027777777777778 0.0203125
0 0.36736111111111114 0.6953125 0.06805555555555555 0.0359375
0 0.49166666666666664 0.6609375 0.04722222222222222 0.0265625
0 0.5006944444444444 0.633203125 0.04027777777777778 0.01640625
0 0.725 0.621484375 0.030555555555555555 0.02265625
0 0.37777777777777777 0.58203125 0.03611111111111111 0.0203125
0 0.7993055555555556 0.58125 0.05416666666666667 0.034375
0 0.45694444444444443 0.51953125 0.07222222222222222 0.046875
0 0.7152777777777778 0.509765625 0.04722222222222222 0.03515625
0 0.49375 0.5 0.05416666666666667 0.025
0 0.008333333333333333 0.498828125 0.013888888888888888 0.03046875
0 0.3590277777777778 0.495703125 0.06527777777777778 0.03359375
0 0.29444444444444445 0.48046875 0.025 0.021875
0 0.8881944444444444 0.400390625 0.0625 0.02890625
0 0.41944444444444445 0.393359375 0.08888888888888889 0.06640625
0 0.3284722222222222 0.38984375 0.0875 0.096875
0 0.35555555555555557 0.3296875 0.03611111111111111 0.0109375
0 0.6958333333333333 0.31015625 0.05277777777777778 0.0390625
0 0.64375 0.298828125 0.04583333333333333 0.02578125
0 0.5784722222222223 0.3 0.05416666666666667 0.040625
0 0.7395833333333334 0.283984375 0.05138888888888889 0.02109375
0 0.6284722222222222 0.27109375 0.043055555555555555 0.0265625
0 0.5638888888888889 0.2515625 0.030555555555555555 0.0125
0 0.6284722222222222 0.221875 0.05694444444444444 0.0234375
0 0.5576388888888889 0.21171875 0.06527777777777778 0.04375
0 0.4201388888888889 0.183203125 0.0625 0.02890625
0 0.6201388888888889 0.18125 0.07361111111111111 0.04375
0 0.030555555555555555 0.151171875 0.058333333333333334 0.02890625
0 0.44583333333333336 0.1359375 0.05555555555555555 0.034375
0 0.5319444444444444 0.0234375 0.08055555555555556 0.0453125
