0 0.6770833333333334 0.680078125 0.04027777777777778 0.01328125
0 0.0625 0.665234375 0.041666666666666664 0.02265625
0 0.009722222222222222 0.655078125 0.016666666666666666 0.03046875
0 0.6729166666666667 0.634765625 0.10416666666666667 0.03671875
0 0.4152777777777778 0.614453125 0.04722222222222222 0.02421875
0 0.29791666666666666 0.59921875 0.06805555555555555 0.0390625
0 0.12430555555555556 0.59296875 0.05694444444444444 0.0296875
0 0.43680555555555556 0.562890625 0.06805555555555555 0.03203125
0 0.3368055555555556 0.548046875 0.07083333333333333 0.03828125
0 0.6548611111111111 0.5328125 0.08472222222222223 0.046875
0 0.27152777777777776 0.521484375 0.08472222222222223 0.02578125
0 0.7027777777777777 0.5 0.025 0.0078125
0 0.7520833333333333 0.51953125 0.0875 0.0484375
0 0.20972222222222223 0.487109375 0.044444444444444446 0.01953125
0 0.8791666666666667 0.4703125 0.022222222222222223 0.0296875
0 0.14444444444444443 0.4640625 0.03333333333333333 0.021875
0 0.025 0.4328125 0.030555555555555555 0.015625
0 0.16597222222222222 0.432421875 0.03194444444444444 0.01640625
0 0.22152777777777777 0.408203125 0.018055555555555554 0.00859375
0 0.6111111111111112 0.409765625 0.07222222222222222 0.02734375
0 0.975 0.39375 0.05 0.0484375
0 0.23333333333333334 0.35703125 0.022222222222222223 0.0109375
0 0.3111111111111111 0.355859375 0.025 0.01015625
0 0.19305555555555556 0.350390625 0.022222222222222223 0.01171875
0 0.30416666666666664 0.3421875 0.016666666666666666 0.0109375
0 0.19722222222222222 0.33203125 0.019444444444444445 0.015625
0 0.27847222222222223 0.330078125 0.04027777777777778 0.02421875
0 0.03263888888888889 0.31953125 0.0375 0.01875
0 0.17152777777777778 0.31484375 0.02361111111111111 0.0140625
0 0.23680555555555555 0.31875 0.03194444444444444 0.028125
0 0.6145833333333334 0.30546875 0.029166666666666667 0.0125
0 0.25833333333333336 0.300390625 0.019444444444444445 0.01328125
0 0.18888888888888888 0.283984375 0.027777777777777776 0.01484375
0 0.40069444444444446 0.284375 0.0375 0.0203125
0 0.06041666666666667 0.28984375 0.11527777777777778 0.0453125
0 0.011805555555555555 0.259765625 0.02361111111111111 0.01328125
0 0.24930555555555556 0.257421875 0.02638888888888889 0.01171875
0 0.5243055555555556 0.2484375 0.09861111111111111 0.034375
0 0.12708333333333333 0.234375 0.018055555555555554 0.0109375
0 0.1701388888888889 0.23515625 0.0375 0.0140625
0 0.4013888888888889 0.2390625 0.15 0.05
0 0.20833333333333334 0.218359375 0.016666666666666666 0.00859375
0 0.5243055555555556 0.206640625 0.02638888888888889 0.01015625
0 0.35694444444444445 0.20703125 0.03611111111111111 0.0234375
0 0.47847222222222224 0.203515625 0.043055555555555555 0.03515625
0 0.10555555555555556 0.165625 0.041666666666666664 0.021875
