0 0.8298611111111112 0.609765625 0.04861111111111111 0.02265625
0 0.8944444444444445 0.594140625 0.058333333333333334 0.03046875
0 0.8722222222222222 0.577734375 0.03888888888888889 0.01640625
0 0.9333333333333333 0.52109375 0.04722222222222222 0.0296875
0 0.8680555555555556 0.5171875 0.08055555555555556 0.0390625
0 0.9333333333333333 0.471875 0.07222222222222222 0.0265625
0 0.9861111111111112 0.4265625 0.027777777777777776 0.01875
0 0.8548611111111111 0.4109375 0.059722222222222225 0.01875
0 0.9916666666666667 0.370703125 0.016666666666666666 0.02734375
0 0.9375 0.367578125 0.04722222222222222 0.03359375
0 0.9590277777777778 0.325 0.07361111111111111 0.0296875
0 0.6048611111111111 0.3140625 0.06527777777777778 0.0359375
