0 0.6354166666666666 0.798828125 0.08472222222222223 0.02890625
0 0.9666666666666667 0.75625 0.06111111111111111 0.0203125
0 0.4534722222222222 0.723046875 0.034722222222222224 0.01796875
0 0.5506944444444445 0.7234375 0.0375 0.034375
0 0.5722222222222222 0.70234375 0.030555555555555555 0.0125
0 0.60625 0.67734375 0.018055555555555554 0.0125
0 0.5270833333333333 0.677734375 0.04861111111111111 0.02734375
0 0.6326388888888889 0.66171875 0.018055555555555554 0.015625
0 0.5305555555555556 0.606640625 0.05555555555555555 0.02578125
0 0.5680555555555555 0.591015625 0.058333333333333334 0.02421875
0 0.27361111111111114 0.575 0.03333333333333333 0.0140625
0 0.33194444444444443 0.56484375 0.03611111111111111 0.0171875
0 0.27708333333333335 0.533203125 0.034722222222222224 0.01953125
0 0.5472222222222223 0.52890625 0.03888888888888889 0.0171875
0 0.38958333333333334 0.53984375 0.0625 0.0390625
0 0.42291666666666666 0.520703125 0.018055555555555554 0.01015625
0 0.5708333333333333 0.5046875 0.030555555555555555 0.0203125
0 0.6090277777777777 0.49140625 0.034722222222222224 0.0171875
0 0.3423611111111111 0.466796875 0.09305555555555556 0.03515625
0 0.55625 0.458203125 0.059722222222222225 0.04296875
0 0.3388888888888889 0.43125 0.05555555555555555 0.025
0 0.7229166666666667 0.40390625 0.0375 0.0234375
0 0.40555555555555556 0.401171875 0.05 0.04140625
0 0.65625 0.401171875 0.0763888888888889 0.05078125
0 0.24305555555555555 0.337890625 0.025 0.01640625
0 0.5152777777777777 0.340625 0.05 0.028125
0 0.54375 0.3203125 0.02638888888888889 0.01875
0 0.51875 0.294921875 0.029166666666666667 0.01484375
0 0.7006944444444444 0.29296875 0.05138888888888889 0.0359375
0 0.5590277777777778 0.2890625 0.05138888888888889 0.0375
0 0.6319444444444444 0.256640625 0.03611111111111111 0.02421875
0 0.38680555555555557 0.24921875 0.05416666666666667 0.03125
0 0.5416666666666666 0.219921875 0.03888888888888889 0.02890625
0 0.4340277777777778 0.20390625 0.03194444444444444 0.01875
0 0.5625 0.192578125 0.03611111111111111 0.02109375
0 0.5013888888888889 0.17265625 0.08055555555555556 0.046875
0 0.54375 0.146484375 0.034722222222222224 0.02265625
0 0.42777777777777776 0.15078125 0.041666666666666664 0.03125
0 0.47638888888888886 0.13046875 0.030555555555555555 0.03125
0 0.4777777777777778 0.09140625 0.11944444444444445 0.05625
0 0.5111111111111111 0.046875 0.10833333333333334 0.05
0 0.5145833333333333 0.024609375 0.043055555555555555 0.02734375
