0 0.4986111111111111 0.75234375 0.04722222222222222 0.0171875
0 0.6291666666666667 0.693359375 0.016666666666666666 0.01953125
0 0.9402777777777778 0.6921875 0.030555555555555555 0.0203125
0 0.7930555555555555 0.68125 0.022222222222222223 0.0203125
0 0.8902777777777777 0.67890625 0.041666666666666664 0.0234375
0 0.9326388888888889 0.67109375 0.03194444444444444 0.0140625
0 0.2881944444444444 0.6734375 0.04583333333333333 0.025
0 0.8645833333333334 0.644140625 0.04583333333333333 0.01484375
0 0.6756944444444445 0.628515625 0.02638888888888889 0.02421875
0 0.28055555555555556 0.62890625 0.09166666666666666 0.0453125
0 0.9 0.57421875 0.022222222222222223 0.0078125
0 0.29444444444444445 0.5640625 0.08888888888888889 0.021875
0 0.08472222222222223 0.555078125 0.06944444444444445 0.02734375
0 0.32569444444444445 0.4765625 0.043055555555555555 0.0234375
0 0.5013888888888889 0.469140625 0.044444444444444446 0.02265625
0 0.2326388888888889 0.465625 0.03194444444444444 0.021875
0 0.17152777777777778 0.458984375 0.043055555555555555 0.02421875
0 0.5451388888888888 0.44765625 0.0375 0.025
0 0.32013888888888886 0.448828125 0.05138888888888889 0.03046875
0 0.7090277777777778 0.443359375 0.05138888888888889 0.02421875
0 0.6013888888888889 0.41484375 0.03611111111111111 0.025
0 0.6472222222222223 0.41484375 0.05555555555555555 0.0359375
0 0.46458333333333335 0.390625 0.018055555555555554 0.0109375
0 0.3090277777777778 0.373046875 0.07083333333333333 0.02421875
0 0.5013888888888889 0.2171875 0.041666666666666664 0.03125
