0 0.9034722222222222 0.6984375 0.05694444444444444 0.0265625
0 0.5215277777777778 0.676171875 0.02638888888888889 0.01484375
0 0.9680555555555556 0.653125 0.022222222222222223 0.0234375
0 0.58125 0.63515625 0.0375 0.0171875
0 0.8618055555555556 0.641015625 0.05694444444444444 0.03203125
0 0.3527777777777778 0.630078125 0.027777777777777776 0.01796875
0 0.5743055555555555 0.619921875 0.0375 0.01484375
0 0.9381944444444444 0.616015625 0.04027777777777778 0.02421875
0 0.5243055555555556 0.60390625 0.029166666666666667 0.009375
0 0.44166666666666665 0.6078125 0.041666666666666664 0.0171875
0 0.8722222222222222 0.609375 0.044444444444444446 0.025
0 0.3125 0.603125 0.027777777777777776 0.0171875
0 0.7701388888888889 0.592578125 0.03194444444444444 0.01484375
0 0.8284722222222223 0.591796875 0.029166666666666667 0.01484375
0 0.51875 0.590234375 0.03194444444444444 0.01796875
0 0.5861111111111111 0.583203125 0.04722222222222222 0.02578125
0 0.6881944444444444 0.57890625 0.05694444444444444 0.028125
0 0.50625 0.5671875 0.04027777777777778 0.025
0 0.9284722222222223 0.5671875 0.059722222222222225 0.034375
0 0.5506944444444445 0.55546875 0.0375 0.0140625
0 0.4166666666666667 0.5484375 0.019444444444444445 0.01875
0 0.7777777777777778 0.551953125 0.041666666666666664 0.02734375
0 0.9791666666666666 0.541015625 0.041666666666666664 0.02109375
0 0.12361111111111112 0.537890625 0.05277777777777778 0.02734375
0 0.03888888888888889 0.53046875 0.03611111111111111 0.0203125
0 0.5236111111111111 0.5171875 0.06388888888888888 0.0296875
0 0.9326388888888889 0.494921875 0.02361111111111111 0.01171875
0 0.7104166666666667 0.4875 0.02361111111111111 0.009375
0 0.8569444444444444 0.489453125 0.04722222222222222 0.02109375
0 0.9138888888888889 0.48046875 0.027777777777777776 0.0125
0 0.7902777777777777 0.48046875 0.04722222222222222 0.0234375
0 0.7222222222222222 0.43671875 0.03333333333333333 0.015625
0 0.9277777777777778 0.42734375 0.03611111111111111 0.0078125
0 0.65 0.419140625 0.030555555555555555 0.01484375
0 0.6854166666666667 0.417578125 0.03194444444444444 0.01484375
0 0.5430555555555555 0.41640625 0.025 0.015625
0 0.9680555555555556 0.408984375 0.013888888888888888 0.01015625
0 0.8979166666666667 0.4109375 0.02638888888888889 0.0140625
0 0.7083333333333334 0.408984375 0.025 0.01796875
0 0.6527777777777778 0.400390625 0.016666666666666666 0.01328125
0 0.7895833333333333 0.392578125 0.029166666666666667 0.01171875
0 0.6368055555555555 0.39140625 0.02361111111111111 0.0140625
0 0.725 0.384375 0.025 0.009375
0 0.06736111111111111 0.388671875 0.02361111111111111 0.01953125
0 0.24513888888888888 0.392578125 0.07083333333333333 0.03984375
0 0.7284722222222222 0.37421875 0.018055555555555554 0.009375
0 0.5180555555555556 0.373046875 0.030555555555555555 0.01796875
0 0.13472222222222222 0.37890625 0.05277777777777778 0.03125
0 0.31319444444444444 0.3625 0.04583333333333333 0.0203125
0 0.5826388888888889 0.3578125 0.02638888888888889 0.0125
0 0.5506944444444445 0.353515625 0.018055555555555554 0.01328125
0 0.9534722222222223 0.34296875 0.02638888888888889 0.0140625
0 0.44166666666666665 0.33828125 0.030555555555555555 0.0109375
0 0.17430555555555555 0.344921875 0.07083333333333333 0.02421875
0 0.8979166666666667 0.328515625 0.02638888888888889 0.01640625
0 0.40694444444444444 0.323046875 0.05555555555555555 0.02890625
0 0.5666666666666667 0.305859375 0.03333333333333333 0.02109375
0 0.24722222222222223 0.30078125 0.04722222222222222 0.0125
0 0.9194444444444444 0.30625 0.04722222222222222 0.025
0 0.9826388888888888 0.288671875 0.02638888888888889 0.01796875
0 0.30277777777777776 0.261328125 0.05555555555555555 0.02578125
0 0.44930555555555557 0.262890625 0.029166666666666667 0.03359375
0 0.6493055555555556 0.24765625 0.02361111111111111 0.0171875
0 0.5027777777777778 0.248046875 0.03333333333333333 0.02265625
0 0.5375 0.235546875 0.022222222222222223 0.01796875
0 0.8090277777777778 0.23359375 0.034722222222222224 0.015625
0 0.6326388888888889 0.23359375 0.04027777777777778 0.0234375
0 0.7270833333333333 0.227734375 0.03194444444444444 0.01484375
0 0.4222222222222222 0.228125 0.03611111111111111 0.0203125
0 0.5104166666666666 0.223828125 0.034722222222222224 0.02265625
0 0.47291666666666665 0.222265625 0.0375 0.02421875
0 0.0875 0.21796875 0.030555555555555555 0.0171875
0 0.8652777777777778 0.218359375 0.05 0.02265625
0 0.3819444444444444 0.215625 0.044444444444444446 0.0203125
0 0.9131944444444444 0.2078125 0.034722222222222224 0.021875
0 0.05416666666666667 0.201171875 0.019444444444444445 0.01328125
0 0.7819444444444444 0.19921875 0.03333333333333333 0.0203125
0 0.2847222222222222 0.20390625 0.04722222222222222 0.03125
0 0.11805555555555555 0.194140625 0.03611111111111111 0.01953125
0 0.6673611111111111 0.184765625 0.029166666666666667 0.01640625
0 0.013888888888888888 0.18203125 0.027777777777777776 0.0140625
0 0.5340277777777778 0.18203125 0.029166666666666667 0.015625
0 0.9798611111111111 0.18125 0.03194444444444444 0.021875
0 0.9375 0.1828125 0.05 0.0265625
0 0.8534722222222222 0.1890625 0.07083333333333333 0.040625
0 0.7486111111111111 0.17890625 0.04722222222222222 0.025
0 0.15 0.16640625 0.025 0.01875
0 0.07152777777777777 0.160546875 0.02638888888888889 0.01484375
0 0.9826388888888888 0.15859375 0.029166666666666667 0.021875
0 0.6409722222222223 0.15703125 0.04027777777777778 0.01875
0 0.029166666666666667 0.14296875 0.030555555555555555 0.01875
0 0.7409722222222223 0.14140625 0.04583333333333333 0.025
0 0.04791666666666667 0.1140625 0.0375 0.0171875
0 0.07916666666666666 0.107421875 0.03611111111111111 0.02109375
0 0.12569444444444444 0.1078125 0.06527777777777778 0.0546875
0 0.09166666666666666 0.08828125 0.03611111111111111 0.01875
0 0.2652777777777778 0.1078125 0.08888888888888889 0.0640625
0 0.2673611111111111 0.08125 0.02361111111111111 0.01875
0 0.2013888888888889 0.075 0.022222222222222223 0.015625
0 0.18611111111111112 0.0625 0.025 0.0171875
0 0.02847222222222222 0.058203125 0.03194444444444444 0.01796875
0 0.11736111111111111 0.058203125 0.05138888888888889 0.02890625
