0 0.8944444444444445 0.715234375 0.07222222222222222 0.03671875
0 0.9236111111111112 0.671484375 0.027777777777777776 0.01171875
0 0.7090277777777778 0.605078125 0.02638888888888889 0.01171875
0 0.6118055555555556 0.526953125 0.03194444444444444 0.01484375
0 0.84375 0.53125 0.0625 0.0390625
0 0.7472222222222222 0.51875 0.03611111111111111 0.0140625
0 0.7694444444444445 0.4984375 0.022222222222222223 0.0140625
0 0.20694444444444443 0.4734375 0.030555555555555555 0.01875
0 0.7819444444444444 0.437890625 0.05 0.01640625
0 0.9666666666666667 0.428515625 0.041666666666666664 0.02265625
0 0.7381944444444445 0.3921875 0.043055555555555555 0.021875
0 0.2388888888888889 0.380078125 0.03888888888888889 0.01796875
0 0.3263888888888889 0.38125 0.027777777777777776 0.021875
0 0.5583333333333333 0.351171875 0.019444444444444445 0.01953125
0 0.6041666666666666 0.3 0.05277777777777778 0.034375
0 0.47152777777777777 0.28515625 0.04861111111111111 0.034375
