0 0.41805555555555557 0.730859375 0.05277777777777778 0.03203125
0 0.4666666666666667 0.7140625 0.044444444444444446 0.0234375
0 0.5805555555555556 0.66171875 0.027777777777777776 0.0125
0 0.91875 0.660546875 0.034722222222222224 0.01796875
0 0.35833333333333334 0.65390625 0.025 0.015625
0 0.2569444444444444 0.635546875 0.013888888888888888 0.01640625
0 0.4673611111111111 0.62578125 0.043055555555555555 0.021875
0 0.22013888888888888 0.61328125 0.034722222222222224 0.0203125
0 0.6826388888888889 0.609375 0.04027777777777778 0.0203125
0 0.63125 0.60546875 0.02638888888888889 0.0125
0 0.9569444444444445 0.604296875 0.03611111111111111 0.01796875
0 0.5777777777777777 0.58671875 0.03333333333333333 0.0171875
0 0.3388888888888889 0.598046875 0.041666666666666664 0.04140625
0 0.7270833333333333 0.568359375 0.029166666666666667 0.01171875
0 0.6048611111111111 0.5609375 0.04027777777777778 0.0109375
0 0.28541666666666665 0.562109375 0.03194444444444444 0.01796875
0 0.7611111111111111 0.558984375 0.030555555555555555 0.01328125
0 0.59375 0.5484375 0.020833333333333332 0.015625
0 0.37916666666666665 0.55390625 0.06666666666666667 0.0328125
0 0.8243055555555555 0.547265625 0.059722222222222225 0.02109375
0 0.15902777777777777 0.5390625 0.05138888888888889 0.0265625
0 0.24513888888888888 0.533984375 0.04583333333333333 0.02421875
0 0.6541666666666667 0.526953125 0.044444444444444446 0.01953125
0 0.06111111111111111 0.52578125 0.04722222222222222 0.021875
0 0.3951388888888889 0.52421875 0.04027777777777778 0.025
0 0.3111111111111111 0.51875 0.03888888888888889 0.0140625
0 0.7354166666666667 0.508203125 0.05694444444444444 0.03984375
0 0.9666666666666667 0.49140625 0.022222222222222223 0.0109375
0 0.4013888888888889 0.4828125 0.030555555555555555 0.0203125
0 0.9847222222222223 0.46015625 0.025 0.0109375
0 0.24444444444444444 0.465234375 0.03611111111111111 0.02109375
0 0.08333333333333333 0.462109375 0.058333333333333334 0.03046875
0 0.9611111111111111 0.4515625 0.025 0.0125
0 0.03680555555555556 0.43671875 0.05138888888888889 0.0234375
0 0.28055555555555556 0.387109375 0.027777777777777776 0.01328125
0 0.5854166666666667 0.388671875 0.03194444444444444 0.02265625
0 0.22569444444444445 0.383203125 0.034722222222222224 0.01796875
0 0.49027777777777776 0.37734375 0.041666666666666664 0.028125
0 0.26180555555555557 0.3625 0.04583333333333333 0.0234375
0 0.4048611111111111 0.364453125 0.05694444444444444 0.03984375
0 0.1284722222222222 0.349609375 0.0375 0.02109375
0 0.2222222222222222 0.346484375 0.041666666666666664 0.02109375
0 0.03333333333333333 0.33359375 0.06388888888888888 0.034375
0 0.0798611111111111 0.325390625 0.043055555555555555 0.02109375
0 0.41597222222222224 0.32265625 0.05138888888888889 0.0265625
0 0.18611111111111112 0.31484375 0.08333333333333333 0.04375
0 0.09513888888888888 0.305859375 0.0875 0.03046875
0 0.85625 0.29921875 0.0375 0.01875
0 0.7743055555555556 0.290234375 0.0763888888888889 0.03203125
0 0.49444444444444446 0.296484375 0.075 0.05078125
0 0.8284722222222223 0.26875 0.04027777777777778 0.021875
0 0.30486111111111114 0.265234375 0.05138888888888889 0.03046875
0 0.225 0.25625 0.030555555555555555 0.0203125
0 0.9729166666666667 0.2515625 0.05138888888888889 0.0265625
0 0.12222222222222222 0.26171875 0.10555555555555556 0.05625
0 0.10208333333333333 0.231640625 0.02638888888888889 0.01171875
0 0.34097222222222223 0.230859375 0.03194444444444444 0.02265625
0 0.6868055555555556 0.22265625 0.020833333333333332 0.0125
0 0.6076388888888888 0.220703125 0.02638888888888889 0.02265625
0 0.2375 0.20859375 0.016666666666666666 0.0109375
0 0.025 0.21171875 0.04722222222222222 0.021875
0 0.27569444444444446 0.194140625 0.034722222222222224 0.02421875
0 0.04583333333333333 0.193359375 0.03888888888888889 0.02734375
0 0.9805555555555555 0.190625 0.03888888888888889 0.0265625
0 0.23541666666666666 0.1828125 0.020833333333333332 0.0140625
0 0.175 0.184375 0.030555555555555555 0.0171875
0 0.34375 0.16796875 0.059722222222222225 0.0328125
0 0.3194444444444444 0.141796875 0.013888888888888888 0.01015625
0 0.2534722222222222 0.1453125 0.03194444444444444 0.021875
0 0.20694444444444443 0.130078125 0.03333333333333333 0.03515625
