0 0.8277777777777777 0.640234375 0.075 0.02734375
0 0.08611111111111111 0.589453125 0.03611111111111111 0.02421875
0 0.5048611111111111 0.559375 0.059722222222222225 0.040625
0 0.3472222222222222 0.5359375 0.03611111111111111 0.0171875
0 0.6368055555555555 0.52734375 0.020833333333333332 0.0234375
0 0.25555555555555554 0.51953125 0.03888888888888889 0.0171875
0 0.5729166666666666 0.497265625 0.05694444444444444 0.03671875
0 0.6402777777777777 0.485546875 0.041666666666666664 0.02109375
0 0.5319444444444444 0.47578125 0.03333333333333333 0.0140625
0 0.3333333333333333 0.471875 0.022222222222222223 0.015625
0 0.6166666666666667 0.456640625 0.08333333333333333 0.03515625
0 0.7125 0.435546875 0.09166666666666666 0.03046875
0 0.018055555555555554 0.43203125 0.03333333333333333 0.025
0 0.3104166666666667 0.420703125 0.05416666666666667 0.02265625
0 0.4125 0.41953125 0.03888888888888889 0.025
0 0.5361111111111111 0.421484375 0.07222222222222222 0.03671875
0 0.06388888888888888 0.41640625 0.05277777777777778 0.0265625
0 0.8013888888888889 0.404296875 0.058333333333333334 0.03203125
0 0.7368055555555556 0.387109375 0.034722222222222224 0.03046875
0 0.32569444444444445 0.36796875 0.07916666666666666 0.0265625
0 0.38680555555555557 0.362890625 0.018055555555555554 0.01953125
0 0.02013888888888889 0.334765625 0.04027777777777778 0.02421875
0 0.11805555555555555 0.326171875 0.044444444444444446 0.03828125
0 0.175 0.309765625 0.05 0.02890625
0 0.7208333333333333 0.298046875 0.025 0.03046875
0 0.14305555555555555 0.284765625 0.041666666666666664 0.01328125
0 0.33055555555555555 0.201171875 0.030555555555555555 0.01796875
0 0.8777777777777778 0.144140625 0.05277777777777778 0.02890625
0 0.4326388888888889 0.137109375 0.04583333333333333 0.02734375
0 0.47291666666666665 0.12890625 0.04583333333333333 0.01875
0 0.8145833333333333 0.120703125 0.059722222222222225 0.02734375
0 0.425 0.098046875 0.03333333333333333 0.03203125
0 0.3638888888888889 0.0921875 0.058333333333333334 0.0296875
0 0.49930555555555556 0.05859375 0.06805555555555555 0.0515625
0 0.625 0.024609375 0.15833333333333333 0.04921875
