0 0.98125 0.749609375 0.029166666666666667 0.03828125
0 0.9666666666666667 0.725 0.05555555555555555 0.0328125
0 0.9819444444444444 0.658984375 0.03333333333333333 0.03515625
0 0.17222222222222222 0.580078125 0.08055555555555556 0.03828125
0 0.8944444444444445 0.533984375 0.058333333333333334 0.03359375
0 0.03125 0.5234375 0.04583333333333333 0.03125
0 0.06736111111111111 0.466796875 0.05416666666666667 0.02890625
0 0.021527777777777778 0.384765625 0.04027777777777778 0.02421875
0 0.010416666666666666 0.316796875 0.018055555555555554 0.03046875
0 0.4666666666666667 0.299609375 0.06666666666666667 0.03515625
0 0.5173611111111112 0.2859375 0.06805555555555555 0.0375
0 0.020833333333333332 0.274609375 0.030555555555555555 0.03828125
0 0.7159722222222222 0.23671875 0.0625 0.028125
0 0.5354166666666667 0.214453125 0.0625 0.03203125
0 0.7027777777777777 0.193359375 0.08333333333333333 0.03046875
