0 0.9597222222222223 0.64921875 0.05555555555555555 0.0234375
0 0.73125 0.55390625 0.02638888888888889 0.0203125
0 0.04513888888888889 0.55859375 0.05694444444444444 0.0296875
0 0.7173611111111111 0.533203125 0.0375 0.02890625
0 0.05416666666666667 0.5046875 0.044444444444444446 0.0328125
0 0.08125 0.4671875 0.02638888888888889 0.0140625
0 0.017361111111111112 0.475390625 0.03194444444444444 0.03359375
0 0.06111111111111111 0.415625 0.030555555555555555 0.0234375
0 0.022222222222222223 0.335546875 0.044444444444444446 0.02578125
0 0.034722222222222224 0.265234375 0.06944444444444445 0.04765625
