0 0.9805555555555555 0.6859375 0.03888888888888889 0.0234375
0 0.9895833333333334 0.625 0.015277777777777777 0.0109375
0 0.1909722222222222 0.5390625 0.06805555555555555 0.028125
0 0.9229166666666667 0.49765625 0.03194444444444444 0.0234375
0 0.05694444444444444 0.477734375 0.030555555555555555 0.01015625
0 0.08472222222222223 0.430859375 0.04722222222222222 0.01953125
0 0.027083333333333334 0.3515625 0.05416666666666667 0.028125
0 0.4909722222222222 0.268359375 0.05694444444444444 0.02265625
0 0.020833333333333332 0.274609375 0.030555555555555555 0.03828125
0 0.5534722222222223 0.24921875 0.04583333333333333 0.0375
0 0.0375 0.234375 0.027777777777777776 0.0203125
0 0.7326388888888888 0.19765625 0.0625 0.028125
0 0.5618055555555556 0.173828125 0.0625 0.03203125
0 0.7354166666666667 0.15546875 0.07083333333333333 0.034375
