0 0.9451388888888889 0.988671875 0.04861111111111111 0.02265625
0 0.16180555555555556 0.948828125 0.05416666666666667 0.03046875
0 0.7173611111111111 0.940234375 0.034722222222222224 0.02734375
0 0.6305555555555555 0.912890625 0.08888888888888889 0.03046875
0 0.5618055555555556 0.88359375 0.04027777777777778 0.034375
0 0.38125 0.869140625 0.02638888888888889 0.02109375
0 0.4618055555555556 0.864453125 0.04861111111111111 0.01953125
0 0.21041666666666667 0.83359375 0.05416666666666667 0.0296875
0 0.43194444444444446 0.834375 0.05555555555555555 0.0328125
0 0.6 0.81171875 0.025 0.009375
0 0.5597222222222222 0.836328125 0.1 0.06953125
0 0.3611111111111111 0.802734375 0.05277777777777778 0.03515625
0 0.7527777777777778 0.76640625 0.03333333333333333 0.01875
0 0.6444444444444445 0.767578125 0.044444444444444446 0.03203125
0 0.46597222222222223 0.74765625 0.043055555555555555 0.021875
0 0.5736111111111111 0.71015625 0.058333333333333334 0.03125
0 0.42777777777777776 0.709765625 0.058333333333333334 0.04921875
0 0.48819444444444443 0.68671875 0.04583333333333333 0.01875
0 0.4409722222222222 0.67578125 0.04861111111111111 0.025
0 0.45416666666666666 0.6421875 0.05 0.01875
0 0.7076388888888889 0.6453125 0.0875 0.0296875
0 0.6201388888888889 0.639453125 0.05416666666666667 0.03359375
0 0.34305555555555556 0.5375 0.07777777777777778 0.0328125
0 0.35 0.503515625 0.027777777777777776 0.02265625
0 0.3625 0.43671875 0.04722222222222222 0.025
0 0.5069444444444444 0.386328125 0.05277777777777778 0.02734375
0 0.4340277777777778 0.3796875 0.07083333333333333 0.021875
0 0.4 0.36171875 0.030555555555555555 0.015625
0 0.4409722222222222 0.35234375 0.04583333333333333 0.0234375
