0 0.2534722222222222 0.534375 0.04027777777777778 0.0265625
0 0.23194444444444445 0.519140625 0.022222222222222223 0.01796875
0 0.26875 0.48984375 0.034722222222222224 0.0296875
0 0.18194444444444444 0.48203125 0.030555555555555555 0.021875
0 0.5576388888888889 0.476953125 0.03194444444444444 0.01953125
0 0.4722222222222222 0.4625 0.027777777777777776 0.0140625
0 0.2701388888888889 0.4640625 0.03194444444444444 0.01875
0 0.7201388888888889 0.45625 0.0375 0.015625
0 0.16180555555555556 0.430859375 0.020833333333333332 0.01328125
0 0.1388888888888889 0.430859375 0.025 0.01484375
0 0.7076388888888889 0.394140625 0.02638888888888889 0.01484375
0 0.37777777777777777 0.38984375 0.027777777777777776 0.0125
0 0.6020833333333333 0.3671875 0.02638888888888889 0.0171875
0 0.10833333333333334 0.362890625 0.025 0.01796875
0 0.3423611111111111 0.35703125 0.02638888888888889 0.0109375
0 0.49236111111111114 0.361328125 0.03194444444444444 0.02109375
0 0.4361111111111111 0.35234375 0.030555555555555555 0.015625
0 0.4576388888888889 0.334375 0.02638888888888889 0.01875
0 0.42083333333333334 0.333203125 0.027777777777777776 0.01640625
0 0.4979166666666667 0.334765625 0.04027777777777778 0.02265625
0 0.34097222222222223 0.330078125 0.02361111111111111 0.01640625
0 0.06319444444444444 0.329296875 0.029166666666666667 0.02734375
0 0.3972222222222222 0.319140625 0.027777777777777776 0.01640625
0 0.09930555555555555 0.319921875 0.02638888888888889 0.01796875
0 0.42569444444444443 0.310546875 0.0375 0.01953125
0 0.48333333333333334 0.29453125 0.027777777777777776 0.0140625
0 0.17430555555555555 0.2828125 0.020833333333333332 0.0171875
0 0.18958333333333333 0.275 0.05694444444444444 0.040625
0 0.07847222222222222 0.258984375 0.02361111111111111 0.01015625
0 0.32083333333333336 0.258203125 0.041666666666666664 0.01796875
0 0.39305555555555555 0.221484375 0.025 0.01328125
0 0.2673611111111111 0.19921875 0.05416666666666667 0.0296875
0 0.16111111111111112 0.176171875 0.030555555555555555 0.02265625
0 0.1361111111111111 0.165625 0.019444444444444445 0.0078125
