0 0.5159722222222223 0.7359375 0.04861111111111111 0.015625
0 0.6423611111111112 0.680078125 0.018055555555555554 0.01953125
0 0.9548611111111112 0.6796875 0.02638888888888889 0.021875
0 0.8125 0.66875 0.03611111111111111 0.0171875
0 0.9076388888888889 0.66796875 0.043055555555555555 0.0203125
0 0.9513888888888888 0.658984375 0.03611111111111111 0.01484375
0 0.30416666666666664 0.654296875 0.044444444444444446 0.02578125
0 0.8847222222222222 0.6328125 0.041666666666666664 0.0140625
0 0.8333333333333334 0.62265625 0.022222222222222223 0.0140625
0 0.6944444444444444 0.61484375 0.019444444444444445 0.0234375
0 0.3013888888888889 0.611328125 0.09722222222222222 0.04140625
0 0.9243055555555556 0.56171875 0.029166666666666667 0.0125
0 0.30833333333333335 0.5484375 0.07222222222222222 0.01875
0 0.09375 0.538671875 0.034722222222222224 0.01640625
0 0.13125 0.52265625 0.02361111111111111 0.0125
0 0.13472222222222222 0.49140625 0.027777777777777776 0.021875
0 0.3527777777777778 0.45859375 0.041666666666666664 0.0203125
0 0.5243055555555556 0.453125 0.043055555555555555 0.0234375
0 0.19583333333333333 0.4453125 0.025 0.0140625
0 0.2569444444444444 0.44921875 0.030555555555555555 0.0265625
0 0.5673611111111111 0.43203125 0.029166666666666667 0.021875
0 0.34375 0.429296875 0.04861111111111111 0.02578125
0 0.7326388888888888 0.428125 0.043055555555555555 0.0296875
0 0.6597222222222222 0.407421875 0.022222222222222223 0.01484375
0 0.6236111111111111 0.395703125 0.030555555555555555 0.01171875
0 0.6784722222222223 0.395703125 0.034722222222222224 0.02265625
0 0.3347222222222222 0.357421875 0.06666666666666667 0.01953125
0 0.9986111111111111 0.338671875 0.002777777777777778 0.00703125
0 0.5347222222222222 0.197265625 0.04722222222222222 0.02890625
