0 0.86875 0.96171875 0.02361111111111111 0.028125
0 0.17569444444444443 0.919921875 0.043055555555555555 0.02265625
0 0.29583333333333334 0.88671875 0.03611111111111111 0.0203125
0 0.3368055555555556 0.880859375 0.034722222222222224 0.02265625
0 0.8263888888888888 0.867578125 0.041666666666666664 0.01796875
0 0.9048611111111111 0.885546875 0.10138888888888889 0.05546875
0 0.36527777777777776 0.86328125 0.027777777777777776 0.0265625
0 0.4236111111111111 0.853125 0.041666666666666664 0.021875
0 0.48541666666666666 0.79765625 0.02361111111111111 0.0125
0 0.39305555555555555 0.805078125 0.05277777777777778 0.02734375
0 0.2604166666666667 0.79609375 0.029166666666666667 0.0171875
0 0.5347222222222222 0.795703125 0.041666666666666664 0.02890625
0 0.34305555555555556 0.78984375 0.027777777777777776 0.021875
0 0.8006944444444445 0.816015625 0.07361111111111111 0.07734375
0 0.6770833333333334 0.7640625 0.059722222222222225 0.0234375
0 0.2743055555555556 0.753125 0.043055555555555555 0.0265625
0 0.7673611111111112 0.728125 0.0375 0.0171875
0 0.30833333333333335 0.719140625 0.022222222222222223 0.00859375
0 0.7597222222222222 0.7109375 0.022222222222222223 0.0125
0 0.9888888888888889 0.70234375 0.019444444444444445 0.025
0 0.38263888888888886 0.7015625 0.04583333333333333 0.034375
0 0.8361111111111111 0.68828125 0.03888888888888889 0.0328125
0 0.3923611111111111 0.66328125 0.04027777777777778 0.021875
0 0.9395833333333333 0.667578125 0.07361111111111111 0.03203125
0 0.9888888888888889 0.656640625 0.022222222222222223 0.02265625
0 0.43125 0.655078125 0.043055555555555555 0.02421875
0 0.36875 0.64453125 0.0625 0.0203125
0 0.78125 0.630078125 0.05416666666666667 0.03046875
0 0.3486111111111111 0.61953125 0.04722222222222222 0.028125
0 0.275 0.63203125 0.07777777777777778 0.0609375
0 0.5236111111111111 0.612890625 0.03333333333333333 0.02578125
0 0.4097222222222222 0.6015625 0.05555555555555555 0.0265625
0 0.6819444444444445 0.576953125 0.041666666666666664 0.01640625
0 0.6951388888888889 0.558984375 0.02638888888888889 0.01640625
0 0.6805555555555556 0.528515625 0.030555555555555555 0.01328125
0 0.6104166666666667 0.53359375 0.12083333333333333 0.0640625
0 0.44583333333333336 0.49609375 0.044444444444444446 0.046875
0 0.6513888888888889 0.468359375 0.030555555555555555 0.01796875
0 0.43333333333333335 0.441796875 0.03888888888888889 0.02421875
0 0.7194444444444444 0.426171875 0.030555555555555555 0.02265625
0 0.4409722222222222 0.4171875 0.0375 0.021875
0 0.6409722222222223 0.40546875 0.07916666666666666 0.0390625
0 0.8125 0.394140625 0.044444444444444446 0.02265625
0 0.6916666666666667 0.38203125 0.04722222222222222 0.025
0 0.64375 0.36171875 0.04027777777777778 0.0203125
0 0.49444444444444446 0.35234375 0.04722222222222222 0.0265625
0 0.5847222222222223 0.34765625 0.05 0.025
0 0.5805555555555556 0.316015625 0.07777777777777778 0.02734375
0 0.49583333333333335 0.309375 0.06666666666666667 0.028125
0 0.4361111111111111 0.29296875 0.03611111111111111 0.0234375
0 0.5597222222222222 0.2828125 0.03333333333333333 0.0171875
0 0.5 0.24140625 0.05277777777777778 0.028125
0 0.39791666666666664 0.2296875 0.04027777777777778 0.025
0 0.48541666666666666 0.18671875 0.04027777777777778 0.0234375
