0 0.8763888888888889 0.68125 0.04722222222222222 0.028125
0 0.9291666666666667 0.664453125 0.05277777777777778 0.03359375
0 0.9131944444444444 0.619921875 0.05416666666666667 0.02734375
0 0.5423611111111111 0.552734375 0.034722222222222224 0.01953125
0 0.9777777777777777 0.515625 0.03333333333333333 0.015625
0 0.9493055555555555 0.508984375 0.029166666666666667 0.01640625
0 0.9229166666666667 0.512109375 0.0375 0.02265625
0 0.8840277777777777 0.49765625 0.020833333333333332 0.015625
0 0.5493055555555556 0.4984375 0.04027777777777778 0.0203125
0 0.47638888888888886 0.49765625 0.041666666666666664 0.0234375
0 0.7861111111111111 0.492578125 0.03888888888888889 0.02265625
0 0.8111111111111111 0.47890625 0.041666666666666664 0.021875
0 0.33125 0.476171875 0.020833333333333332 0.01640625
0 0.5451388888888888 0.472265625 0.03194444444444444 0.01796875
0 0.7138888888888889 0.470703125 0.03333333333333333 0.01640625
0 0.19375 0.478125 0.04861111111111111 0.03125
0 0.5993055555555555 0.46328125 0.03194444444444444 0.0203125
0 0.6652777777777777 0.45703125 0.03611111111111111 0.0234375
0 0.4444444444444444 0.44375 0.03333333333333333 0.0140625
0 0.6645833333333333 0.433203125 0.034722222222222224 0.01640625
0 0.3277777777777778 0.43203125 0.03611111111111111 0.0203125
0 0.3368055555555556 0.409765625 0.018055555555555554 0.01015625
0 0.6979166666666666 0.422265625 0.05138888888888889 0.03828125
0 0.9944444444444445 0.3828125 0.011111111111111112 0.01875
0 0.8555555555555555 0.39375 0.075 0.040625
0 0.9645833333333333 0.378125 0.043055555555555555 0.025
0 0.10416666666666667 0.36875 0.03333333333333333 0.0171875
0 0.7243055555555555 0.36796875 0.015277777777777777 0.0171875
0 0.4798611111111111 0.365625 0.03194444444444444 0.01875
0 0.7 0.362109375 0.041666666666666664 0.02109375
0 0.008333333333333333 0.35546875 0.011111111111111112 0.015625
0 0.43472222222222223 0.354296875 0.030555555555555555 0.01640625
0 0.46319444444444446 0.34609375 0.020833333333333332 0.0125
0 0.33194444444444443 0.3453125 0.044444444444444446 0.021875
0 0.03263888888888889 0.33984375 0.0375 0.021875
0 0.09583333333333334 0.326171875 0.027777777777777776 0.01640625
0 0.43194444444444446 0.31796875 0.05 0.0203125
0 0.3104166666666667 0.311328125 0.0375 0.02265625
0 0.38263888888888886 0.298828125 0.043055555555555555 0.02578125
0 0.2673611111111111 0.293359375 0.02638888888888889 0.01484375
0 0.06805555555555555 0.29765625 0.04722222222222222 0.0390625
0 0.12152777777777778 0.2703125 0.05138888888888889 0.0234375
0 0.7819444444444444 0.27109375 0.041666666666666664 0.0265625
0 0.36875 0.266796875 0.04027777777777778 0.02421875
0 0.26944444444444443 0.26171875 0.030555555555555555 0.01875
0 0.20277777777777778 0.246484375 0.027777777777777776 0.01484375
0 0.059722222222222225 0.226953125 0.03333333333333333 0.01953125
0 0.2125 0.216796875 0.025 0.02109375
0 0.2902777777777778 0.223828125 0.05555555555555555 0.03984375
0 0.08055555555555556 0.21328125 0.03333333333333333 0.01875
0 0.02013888888888889 0.190234375 0.0375 0.03515625
0 0.12013888888888889 0.1828125 0.10138888888888889 0.0625
0 0.06805555555555555 0.14765625 0.03611111111111111 0.0203125
