0 0.8444444444444444 0.75078125 0.030555555555555555 0.0171875
0 0.9840277777777777 0.70078125 0.03194444444444444 0.025
0 0.28958333333333336 0.68125 0.0625 0.0296875
0 0.2520833333333333 0.6515625 0.059722222222222225 0.0359375
0 0.3875 0.61171875 0.058333333333333334 0.0265625
0 0.6659722222222222 0.58984375 0.020833333333333332 0.0125
0 0.7916666666666666 0.558984375 0.030555555555555555 0.01171875
0 0.5833333333333334 0.546484375 0.03888888888888889 0.02265625
0 0.2881944444444444 0.513671875 0.09305555555555556 0.03203125
0 0.5548611111111111 0.505078125 0.0375 0.02421875
0 0.6145833333333334 0.4875 0.02361111111111111 0.0171875
0 0.6652777777777777 0.4671875 0.10555555555555556 0.0421875
0 0.38125 0.437109375 0.029166666666666667 0.02109375
0 0.5534722222222223 0.427734375 0.04861111111111111 0.03046875
0 0.6756944444444445 0.4015625 0.07083333333333333 0.0234375
0 0.40902777777777777 0.403125 0.06527777777777778 0.03125
0 0.3972222222222222 0.378515625 0.027777777777777776 0.01484375
0 0.46319444444444446 0.377734375 0.05138888888888889 0.02890625
0 0.6125 0.369921875 0.019444444444444445 0.01484375
0 0.6972222222222222 0.356640625 0.06666666666666667 0.03046875
0 0.5819444444444445 0.351171875 0.04722222222222222 0.02265625
0 0.6555555555555556 0.340234375 0.03888888888888889 0.01484375
0 0.24861111111111112 0.340234375 0.041666666666666664 0.02109375
0 0.3888888888888889 0.26640625 0.044444444444444446 0.0265625
0 0.35625 0.23984375 0.03194444444444444 0.0109375
0 0.47847222222222224 0.250390625 0.0763888888888889 0.03828125
0 0.4736111111111111 0.2203125 0.05555555555555555 0.0140625
0 0.7201388888888889 0.198046875 0.034722222222222224 0.02578125
0 0.44722222222222224 0.19140625 0.05277777777777778 0.034375
0 0.49930555555555556 0.178515625 0.0625 0.05078125
0 0.4409722222222222 0.162890625 0.04583333333333333 0.02109375
0 0.6409722222222223 0.144921875 0.03194444444444444 0.02265625
0 0.5020833333333333 0.141015625 0.04861111111111111 0.02734375
0 0.6048611111111111 0.11171875 0.034722222222222224 0.0171875
0 0.5361111111111111 0.027734375 0.04722222222222222 0.03046875
