0 0.5916666666666667 0.891015625 0.04722222222222222 0.02890625
0 0.5229166666666667 0.8859375 0.04861111111111111 0.01875
0 0.28958333333333336 0.88828125 0.07083333333333333 0.0328125
0 0.3854166666666667 0.8140625 0.043055555555555555 0.03125
0 0.03333333333333333 0.806640625 0.030555555555555555 0.02109375
0 0.021527777777777778 0.77890625 0.03194444444444444 0.01875
0 0.7006944444444444 0.775 0.05694444444444444 0.0234375
0 0.5423611111111111 0.742578125 0.043055555555555555 0.01953125
0 0.8486111111111111 0.73203125 0.04722222222222222 0.021875
0 0.37777777777777777 0.737890625 0.05 0.03359375
0 0.42430555555555555 0.689453125 0.05138888888888889 0.02265625
0 0.2013888888888889 0.598046875 0.025 0.01953125
0 0.45069444444444445 0.59375 0.043055555555555555 0.03125
0 0.2659722222222222 0.578125 0.043055555555555555 0.021875
0 0.2 0.539453125 0.05 0.02109375
0 0.022916666666666665 0.541796875 0.04583333333333333 0.03828125
0 0.8125 0.50703125 0.07777777777777778 0.0140625
0 0.44027777777777777 0.4921875 0.05 0.025
0 0.5277777777777778 0.385546875 0.030555555555555555 0.01484375
0 0.47152777777777777 0.109375 0.05694444444444444 0.040625
