0 0.80625 0.677734375 0.06527777777777778 0.02890625
0 0.8611111111111112 0.6765625 0.05 0.0328125
0 0.8125 0.651171875 0.030555555555555555 0.00703125
0 0.40069444444444446 0.655859375 0.043055555555555555 0.02421875
0 0.2881944444444444 0.60859375 0.02361111111111111 0.0234375
0 0.4701388888888889 0.576171875 0.034722222222222224 0.01640625
0 0.7930555555555555 0.572265625 0.05 0.02578125
0 0.28055555555555556 0.564453125 0.030555555555555555 0.02578125
0 0.5076388888888889 0.538671875 0.05138888888888889 0.02421875
0 0.9006944444444445 0.520703125 0.043055555555555555 0.02734375
0 0.40208333333333335 0.494921875 0.03194444444444444 0.01640625
0 0.5645833333333333 0.4859375 0.03194444444444444 0.0125
0 0.46944444444444444 0.4796875 0.05277777777777778 0.0390625
0 0.20972222222222223 0.468359375 0.06666666666666667 0.03046875
0 0.1909722222222222 0.44609375 0.04027777777777778 0.021875
0 0.48194444444444445 0.43828125 0.075 0.021875
0 0.9319444444444445 0.426171875 0.05 0.01640625
0 0.22708333333333333 0.4171875 0.034722222222222224 0.015625
0 0.029166666666666667 0.4125 0.027777777777777776 0.01875
0 0.8104166666666667 0.40390625 0.034722222222222224 0.01875
0 0.007638888888888889 0.401171875 0.0125 0.01484375
0 0.03958333333333333 0.396875 0.02638888888888889 0.0125
0 0.18611111111111112 0.395703125 0.027777777777777776 0.01484375
0 0.8756944444444444 0.391015625 0.043055555555555555 0.02109375
0 0.9652777777777778 0.387890625 0.05 0.02734375
0 0.23194444444444445 0.384375 0.03333333333333333 0.0234375
0 0.2777777777777778 0.370703125 0.03333333333333333 0.01328125
0 0.48819444444444443 0.367578125 0.0625 0.02578125
0 0.32222222222222224 0.36484375 0.027777777777777776 0.0203125
0 0.9909722222222223 0.35859375 0.018055555555555554 0.0171875
0 0.5368055555555555 0.35546875 0.034722222222222224 0.015625
0 0.4409722222222222 0.35 0.05416666666666667 0.0234375
0 0.9652777777777778 0.34375 0.044444444444444446 0.03125
0 0.8875 0.346875 0.1 0.05
0 0.33819444444444446 0.330859375 0.043055555555555555 0.01953125
0 0.3875 0.330078125 0.027777777777777776 0.02578125
0 0.24513888888888888 0.323828125 0.043055555555555555 0.01796875
0 0.3548611111111111 0.30703125 0.05138888888888889 0.0234375
0 0.2861111111111111 0.305859375 0.041666666666666664 0.03671875
0 0.8583333333333333 0.29296875 0.08611111111111111 0.0296875
0 0.6402777777777777 0.26875 0.044444444444444446 0.025
0 0.8243055555555555 0.257421875 0.03194444444444444 0.02265625
0 0.8673611111111111 0.241796875 0.04027777777777778 0.02578125
0 0.75625 0.233203125 0.04583333333333333 0.02421875
0 0.7291666666666666 0.208984375 0.016666666666666666 0.01015625
0 0.5680555555555555 0.244921875 0.1388888888888889 0.08515625
0 0.4354166666666667 0.209765625 0.04861111111111111 0.02890625
0 0.8166666666666667 0.2 0.04722222222222222 0.0234375
0 0.475 0.17734375 0.044444444444444446 0.0484375
0 0.6875 0.15625 0.041666666666666664 0.025
0 0.7444444444444445 0.151953125 0.06666666666666667 0.03046875
0 0.7256944444444444 0.11171875 0.043055555555555555 0.025
0 0.8055555555555556 0.076953125 0.041666666666666664 0.02265625
