0 0.15347222222222223 0.848046875 0.05694444444444444 0.03359375
0 0.050694444444444445 0.81953125 0.04027777777777778 0.021875
0 0.6423611111111112 0.817578125 0.07083333333333333 0.03671875
0 0.5708333333333333 0.79453125 0.075 0.0703125
0 0.11805555555555555 0.758984375 0.058333333333333334 0.02421875
0 0.8645833333333334 0.76015625 0.04861111111111111 0.028125
0 0.34375 0.73984375 0.059722222222222225 0.034375
0 0.04097222222222222 0.719921875 0.05694444444444444 0.02734375
0 0.7166666666666667 0.74375 0.15 0.08125
0 0.94375 0.71875 0.06805555555555555 0.0390625
0 0.18680555555555556 0.70234375 0.0625 0.0359375
0 0.6131944444444445 0.695703125 0.09583333333333334 0.04765625
0 0.2722222222222222 0.648828125 0.030555555555555555 0.01640625
0 0.6166666666666667 0.641015625 0.044444444444444446 0.03203125
0 0.4548611111111111 0.625390625 0.03194444444444444 0.02265625
0 0.18958333333333333 0.596484375 0.034722222222222224 0.01640625
0 0.26944444444444443 0.5875 0.04722222222222222 0.028125
0 0.42569444444444443 0.542578125 0.03194444444444444 0.01640625
0 0.013888888888888888 0.48125 0.022222222222222223 0.015625
0 0.8645833333333334 0.45625 0.03194444444444444 0.015625
0 0.9479166666666666 0.448046875 0.04583333333333333 0.02421875
0 0.05416666666666667 0.4453125 0.06111111111111111 0.0375
0 0.5090277777777777 0.39375 0.02638888888888889 0.0140625
0 0.8979166666666667 0.388671875 0.043055555555555555 0.02265625
0 0.8972222222222223 0.36015625 0.058333333333333334 0.025
0 0.93125 0.33046875 0.05138888888888889 0.03125
0 0.08333333333333333 0.298046875 0.041666666666666664 0.02578125
0 0.9368055555555556 0.294140625 0.0375 0.02421875
0 0.5375 0.298828125 0.10833333333333334 0.03515625
0 0.03263888888888889 0.289453125 0.04583333333333333 0.02265625
0 0.4444444444444444 0.2875 0.06388888888888888 0.0359375
0 0.21944444444444444 0.28828125 0.1388888888888889 0.04375
0 0.75 0.273046875 0.03333333333333333 0.01796875
0 0.8263888888888888 0.271875 0.03888888888888889 0.028125
0 0.06597222222222222 0.2609375 0.05694444444444444 0.028125
0 0.5027777777777778 0.238671875 0.06111111111111111 0.03671875
0 0.3159722222222222 0.2359375 0.10694444444444444 0.034375
0 0.18819444444444444 0.2265625 0.05138888888888889 0.028125
0 0.06805555555555555 0.1984375 0.03888888888888889 0.0265625
0 0.8638888888888889 0.195703125 0.05277777777777778 0.02421875
0 0.6805555555555556 0.2 0.06944444444444445 0.040625
0 0.7375 0.179296875 0.06666666666666667 0.02265625
0 0.2548611111111111 0.173828125 0.04027777777777778 0.02421875
0 0.6618055555555555 0.16796875 0.03194444444444444 0.0203125
0 0.3951388888888889 0.165625 0.0625 0.040625
0 0.7652777777777777 0.151171875 0.044444444444444446 0.02265625
0 0.5708333333333333 0.16171875 0.13055555555555556 0.0515625
0 0.015277777777777777 0.1546875 0.030555555555555555 0.0421875
0 0.11875 0.146875 0.04583333333333333 0.028125
0 0.9777777777777777 0.121484375 0.041666666666666664 0.02421875
0 0.06041666666666667 0.13046875 0.06527777777777778 0.059375
0 0.13055555555555556 0.114453125 0.05 0.03046875
0 0.7888888888888889 0.109765625 0.03888888888888889 0.02421875
0 0.58125 0.10703125 0.07083333333333333 0.040625
0 0.7326388888888888 0.0953125 0.04027777777777778 0.025
0 0.8333333333333334 0.090625 0.03888888888888889 0.0265625
0 0.9736111111111111 0.09140625 0.041666666666666664 0.0296875
0 0.24027777777777778 0.083984375 0.05 0.03203125
0 0.39444444444444443 0.0859375 0.10555555555555556 0.05
0 0.3090277777777778 0.067578125 0.043055555555555555 0.01796875
0 0.9868055555555556 0.055859375 0.02638888888888889 0.02421875
0 0.1375 0.0734375 0.16944444444444445 0.059375
0 0.7777777777777778 0.067578125 0.09722222222222222 0.05390625
0 0.3 0.047265625 0.044444444444444446 0.02265625
0 0.6361111111111111 0.047265625 0.08888888888888889 0.04140625
0 0.034027777777777775 0.044140625 0.06527777777777778 0.04296875
0 0.8277777777777777 0.021875 0.041666666666666664 0.021875
0 0.9305555555555556 0.02265625 0.05 0.0296875
0 0.17708333333333334 0.012109375 0.05138888888888889 0.01953125
0 0.8854166666666666 0.010546875 0.043055555555555555 0.01953125
0 0.74375 0.01875 0.09861111111111111 0.0359375
