0 0.74375 0.43046875 0.02638888888888889 0.0171875
0 0.16180555555555556 0.428125 0.02361111111111111 0.0140625
0 0.20972222222222223 0.413671875 0.027777777777777776 0.01484375
0 0.30069444444444443 0.390625 0.018055555555555554 0.0078125
0 0.225 0.389453125 0.025 0.01015625
0 0.11875 0.38671875 0.043055555555555555 0.0203125
0 0.3375 0.36328125 0.019444444444444445 0.0109375
0 0.07569444444444444 0.33046875 0.04861111111111111 0.01875
0 0.22847222222222222 0.320703125 0.02361111111111111 0.01328125
0 0.03263888888888889 0.3109375 0.020833333333333332 0.0171875
0 0.09444444444444444 0.3109375 0.06388888888888888 0.0203125
0 0.019444444444444445 0.290625 0.027777777777777776 0.015625
0 0.07291666666666667 0.27734375 0.020833333333333332 0.0078125
