0 0.42916666666666664 0.706640625 0.09444444444444444 0.03984375
0 0.6270833333333333 0.6171875 0.02361111111111111 0.0171875
0 0.6659722222222222 0.594921875 0.04861111111111111 0.02265625
0 0.7701388888888889 0.54921875 0.02361111111111111 0.0140625
0 0.5472222222222223 0.548046875 0.03888888888888889 0.02578125
0 0.8791666666666667 0.51640625 0.030555555555555555 0.015625
0 0.3951388888888889 0.5140625 0.0625 0.03125
0 0.7270833333333333 0.497265625 0.06805555555555555 0.02265625
0 0.9201388888888888 0.491796875 0.020833333333333332 0.01328125
0 0.8236111111111111 0.48046875 0.05 0.028125
0 0.875 0.483203125 0.06388888888888888 0.03984375
0 0.23194444444444445 0.46953125 0.044444444444444446 0.0203125
0 0.12708333333333333 0.457421875 0.03194444444444444 0.02109375
0 0.8902777777777777 0.44453125 0.041666666666666664 0.0234375
0 0.8513888888888889 0.435546875 0.03333333333333333 0.02109375
0 0.6451388888888889 0.434375 0.07916666666666666 0.0265625
0 0.11597222222222223 0.428125 0.0375 0.0203125
0 0.15416666666666667 0.41875 0.03611111111111111 0.01875
0 0.9902777777777778 0.410546875 0.019444444444444445 0.01171875
0 0.12291666666666666 0.40625 0.034722222222222224 0.0140625
0 0.1701388888888889 0.38046875 0.04583333333333333 0.021875
0 0.6131944444444445 0.37734375 0.03194444444444444 0.021875
0 0.08819444444444445 0.35 0.04027777777777778 0.0234375
0 0.9819444444444444 0.346484375 0.03611111111111111 0.02734375
0 0.94375 0.246875 0.06527777777777778 0.0265625
0 0.08472222222222223 0.2359375 0.03888888888888889 0.01875
0 0.49444444444444446 0.233203125 0.05 0.04453125
0 0.016666666666666666 0.233203125 0.03333333333333333 0.05234375
0 0.9923611111111111 0.20078125 0.015277777777777777 0.0234375
0 0.9826388888888888 0.173828125 0.03194444444444444 0.03046875
0 0.05347222222222222 0.1609375 0.0375 0.0203125
0 0.09305555555555556 0.158984375 0.03333333333333333 0.01796875
0 0.4826388888888889 0.13671875 0.04861111111111111 0.03125
0 0.42083333333333334 0.0953125 0.05 0.0453125
0 0.35833333333333334 0.078515625 0.044444444444444446 0.02890625
0 0.007638888888888889 0.0578125 0.0125 0.0234375
