0 0.60625 0.690625 0.059722222222222225 0.0234375
0 0.7555555555555555 0.666796875 0.1 0.06015625
0 0.2520833333333333 0.608203125 0.04027777777777778 0.01171875
0 0.29930555555555555 0.6 0.05138888888888889 0.053125
0 0.9715277777777778 0.544921875 0.05416666666666667 0.02578125
0 0.7222222222222222 0.523046875 0.03888888888888889 0.02109375
0 0.6770833333333334 0.51875 0.04027777777777778 0.025
0 0.8652777777777778 0.502734375 0.013888888888888888 0.00703125
0 0.9409722222222222 0.505078125 0.05416666666666667 0.01640625
0 0.9777777777777777 0.48984375 0.041666666666666664 0.021875
0 0.7555555555555555 0.448828125 0.03888888888888889 0.02109375
0 0.9347222222222222 0.428515625 0.05555555555555555 0.03046875
0 0.7916666666666666 0.41171875 0.044444444444444446 0.025
0 0.15763888888888888 0.393359375 0.02361111111111111 0.00703125
0 0.9152777777777777 0.38984375 0.027777777777777776 0.015625
0 0.8472222222222222 0.384375 0.058333333333333334 0.03125
0 0.6166666666666667 0.354296875 0.025 0.01640625
0 0.9618055555555556 0.347265625 0.0763888888888889 0.03515625
0 0.9652777777777778 0.321875 0.05 0.0125
0 0.73125 0.2828125 0.02638888888888889 0.0140625
0 0.8034722222222223 0.267578125 0.043055555555555555 0.02109375
0 0.9597222222222223 0.279296875 0.075 0.04921875
0 0.7541666666666667 0.249609375 0.030555555555555555 0.01484375
0 0.85 0.252734375 0.044444444444444446 0.03046875
0 0.8277777777777777 0.228125 0.016666666666666666 0.015625
0 0.8104166666666667 0.2265625 0.018055555555555554 0.0125
0 0.7701388888888889 0.175 0.043055555555555555 0.0203125
0 0.8180555555555555 0.179296875 0.125 0.07578125
0 0.9729166666666667 0.151171875 0.05416666666666667 0.02421875
0 0.9506944444444444 0.121875 0.05138888888888889 0.0203125
0 0.8666666666666667 0.047265625 0.022222222222222223 0.03515625
0 0.79375 0.005078125 0.043055555555555555 0.00859375
