0 0.7951388888888888 0.601171875 0.059722222222222225 0.02265625
0 0.85 0.58203125 0.075 0.0390625
0 0.8555555555555555 0.508984375 0.1361111111111111 0.04296875
0 0.8986111111111111 0.460546875 0.06944444444444445 0.02890625
0 0.9465277777777777 0.444921875 0.02638888888888889 0.01015625
0 0.9701388888888889 0.4234375 0.04861111111111111 0.03125
0 0.81875 0.400390625 0.04861111111111111 0.02578125
0 0.9763888888888889 0.361328125 0.04722222222222222 0.03046875
0 0.9069444444444444 0.35625 0.05555555555555555 0.03125
0 0.9215277777777777 0.3171875 0.07361111111111111 0.034375
0 0.5680555555555555 0.307421875 0.05555555555555555 0.03359375
