0 0.9736111111111111 0.801953125 0.05277777777777778 0.03828125
0 0.5930555555555556 0.748046875 0.05555555555555555 0.02734375
0 0.6590277777777778 0.73828125 0.05694444444444444 0.028125
0 0.7583333333333333 0.69609375 0.041666666666666664 0.0140625
0 0.4513888888888889 0.701953125 0.041666666666666664 0.02734375
0 0.6833333333333333 0.6515625 0.044444444444444446 0.0140625
0 0.5368055555555555 0.676953125 0.1125 0.07265625
0 0.9215277777777777 0.64296875 0.04027777777777778 0.025
0 0.7097222222222223 0.631640625 0.06388888888888888 0.03046875
0 0.7631944444444444 0.611328125 0.059722222222222225 0.03984375
0 0.6597222222222222 0.589453125 0.027777777777777776 0.01953125
0 0.1951388888888889 0.591015625 0.04027777777777778 0.02265625
0 0.8395833333333333 0.619140625 0.1875 0.09296875
0 0.1326388888888889 0.57890625 0.06527777777777778 0.034375
0 0.2743055555555556 0.564453125 0.04861111111111111 0.02265625
0 0.4201388888888889 0.56484375 0.06527777777777778 0.03125
0 0.6625 0.54296875 0.05277777777777778 0.0296875
0 0.9125 0.541796875 0.075 0.03359375
0 0.5180555555555556 0.534765625 0.05277777777777778 0.03359375
0 0.1638888888888889 0.525390625 0.03611111111111111 0.01796875
0 0.42430555555555555 0.52421875 0.04027777777777778 0.0203125
0 0.12361111111111112 0.51171875 0.03333333333333333 0.0140625
0 0.9097222222222222 0.505078125 0.016666666666666666 0.01328125
0 0.10208333333333333 0.491015625 0.07083333333333333 0.02265625
0 0.13680555555555557 0.4703125 0.02638888888888889 0.009375
0 0.08263888888888889 0.448046875 0.0375 0.01953125
0 0.9229166666666667 0.44609375 0.0375 0.03125
0 0.9840277777777777 0.438671875 0.03194444444444444 0.01796875
0 0.5694444444444444 0.434375 0.027777777777777776 0.0171875
0 0.8909722222222223 0.4328125 0.043055555555555555 0.0265625
0 0.5402777777777777 0.42265625 0.03888888888888889 0.0234375
0 0.6215277777777778 0.415625 0.02361111111111111 0.0171875
0 0.19930555555555557 0.419921875 0.07361111111111111 0.04453125
0 0.6409722222222223 0.396875 0.034722222222222224 0.0171875
0 0.6965277777777777 0.39140625 0.0375 0.03125
0 0.10138888888888889 0.379296875 0.03888888888888889 0.01953125
0 0.8972222222222223 0.376953125 0.08333333333333333 0.02421875
0 0.9895833333333334 0.374609375 0.020833333333333332 0.02421875
0 0.21666666666666667 0.373828125 0.07777777777777778 0.02578125
0 0.5881944444444445 0.367578125 0.034722222222222224 0.02109375
0 0.08125 0.348046875 0.0375 0.01796875
0 0.6659722222222222 0.338671875 0.034722222222222224 0.01953125
0 0.02638888888888889 0.3375 0.05 0.0203125
0 0.3333333333333333 0.3359375 0.04722222222222222 0.0234375
0 0.5416666666666666 0.315234375 0.027777777777777776 0.01171875
0 0.08541666666666667 0.31640625 0.029166666666666667 0.0171875
0 0.46319444444444446 0.3078125 0.0375 0.0171875
0 0.7493055555555556 0.305859375 0.0375 0.02265625
0 0.04722222222222222 0.30625 0.03888888888888889 0.0234375
0 0.9444444444444444 0.3 0.03888888888888889 0.0203125
0 0.7201388888888889 0.289453125 0.020833333333333332 0.01171875
0 0.025694444444444443 0.284765625 0.02361111111111111 0.01953125
0 0.8041666666666667 0.28359375 0.03333333333333333 0.0203125
0 0.5458333333333333 0.27890625 0.030555555555555555 0.01875
0 0.9013888888888889 0.26171875 0.041666666666666664 0.021875
0 0.03611111111111111 0.24921875 0.03333333333333333 0.015625
0 0.8173611111111111 0.2375 0.04027777777777778 0.0234375
0 0.013888888888888888 0.234375 0.025 0.025
0 0.9652777777777778 0.2234375 0.04722222222222222 0.0234375
0 0.9263888888888889 0.18828125 0.03888888888888889 0.0234375
0 0.8930555555555556 0.17734375 0.027777777777777776 0.015625
0 0.9263888888888889 0.15390625 0.06111111111111111 0.028125
0 0.9791666666666666 0.07890625 0.025 0.0203125
0 0.9263888888888889 0.0625 0.10833333333333334 0.06875
