0 0.6798611111111111 0.959765625 0.059722222222222225 0.04140625
0 0.10625 0.9265625 0.029166666666666667 0.015625
0 0.6715277777777777 0.8625 0.04861111111111111 0.0328125
0 0.8763888888888889 0.80625 0.022222222222222223 0.0140625
0 0.12986111111111112 0.79296875 0.04583333333333333 0.0265625
0 0.7173611111111111 0.780078125 0.04861111111111111 0.02890625
0 0.04861111111111111 0.766015625 0.03611111111111111 0.01640625
0 0.6208333333333333 0.766015625 0.03888888888888889 0.01796875
0 0.6111111111111112 0.718359375 0.05 0.02890625
0 0.28680555555555554 0.698046875 0.05694444444444444 0.02890625
0 0.17430555555555555 0.6609375 0.02638888888888889 0.0203125
0 0.22847222222222222 0.658984375 0.04027777777777778 0.02109375
0 0.8541666666666666 0.65234375 0.025 0.0109375
0 0.5694444444444444 0.6546875 0.03611111111111111 0.01875
0 0.42777777777777776 0.620703125 0.044444444444444446 0.01953125
0 0.8451388888888889 0.60625 0.02361111111111111 0.0125
0 0.3784722222222222 0.58046875 0.04027777777777778 0.0203125
0 0.23194444444444445 0.56796875 0.04722222222222222 0.0171875
0 0.9652777777777778 0.559765625 0.041666666666666664 0.01796875
0 0.6215277777777778 0.550390625 0.034722222222222224 0.01796875
0 0.5131944444444444 0.5484375 0.029166666666666667 0.0171875
0 0.7486111111111111 0.53828125 0.030555555555555555 0.01875
0 0.12013888888888889 0.5375 0.04027777777777778 0.021875
0 0.46805555555555556 0.536328125 0.041666666666666664 0.02109375
0 0.7097222222222223 0.53046875 0.03611111111111111 0.0140625
0 0.31180555555555556 0.530859375 0.029166666666666667 0.01640625
0 0.5673611111111111 0.509765625 0.020833333333333332 0.01796875
0 0.275 0.505078125 0.044444444444444446 0.01953125
0 0.33958333333333335 0.488671875 0.043055555555555555 0.02578125
0 0.38055555555555554 0.477734375 0.058333333333333334 0.03203125
0 0.2923611111111111 0.4703125 0.034722222222222224 0.021875
0 0.6916666666666667 0.466015625 0.04722222222222222 0.02578125
0 0.30625 0.440625 0.043055555555555555 0.015625
0 0.6819444444444445 0.394921875 0.022222222222222223 0.01328125
0 0.3645833333333333 0.391796875 0.043055555555555555 0.02578125
0 0.5930555555555556 0.384765625 0.03611111111111111 0.02109375
0 0.46041666666666664 0.38359375 0.029166666666666667 0.0203125
0 0.51875 0.3875 0.07361111111111111 0.0453125
0 0.43819444444444444 0.36640625 0.02361111111111111 0.015625
0 0.48541666666666666 0.346484375 0.020833333333333332 0.02109375
0 0.68125 0.343359375 0.04583333333333333 0.02578125
0 0.47638888888888886 0.32421875 0.030555555555555555 0.0171875
0 0.5875 0.312890625 0.03888888888888889 0.02265625
0 0.6451388888888889 0.3109375 0.04583333333333333 0.0296875
0 0.3875 0.306640625 0.05555555555555555 0.02109375
0 0.4583333333333333 0.29765625 0.016666666666666666 0.0125
0 0.44166666666666665 0.279296875 0.022222222222222223 0.01171875
0 0.36180555555555555 0.2828125 0.043055555555555555 0.025
0 0.5381944444444444 0.291796875 0.06527777777777778 0.04765625
0 0.5208333333333334 0.244921875 0.03333333333333333 0.02109375
0 0.4263888888888889 0.243359375 0.06388888888888888 0.02109375
0 0.46805555555555556 0.227734375 0.03611111111111111 0.03203125
0 0.40347222222222223 0.22109375 0.0763888888888889 0.0265625
0 0.5895833333333333 0.18828125 0.04583333333333333 0.0203125
0 0.42291666666666666 0.191796875 0.07916666666666666 0.03046875
0 0.5048611111111111 0.170703125 0.059722222222222225 0.03515625
0 0.48541666666666666 0.111328125 0.04027777777777778 0.02265625
0 0.5409722222222222 0.0859375 0.043055555555555555 0.0265625
