0 0.575 0.825390625 0.011111111111111112 0.01796875
0 0.7826388888888889 0.793359375 0.05138888888888889 0.02109375
0 0.013888888888888888 0.72734375 0.027777777777777776 0.01875
0 0.16944444444444445 0.71796875 0.03888888888888889 0.0140625
0 0.3611111111111111 0.726953125 0.05555555555555555 0.03515625
0 0.47291666666666665 0.706640625 0.05138888888888889 0.03046875
0 0.2722222222222222 0.6734375 0.03611111111111111 0.0265625
0 0.7208333333333333 0.64140625 0.058333333333333334 0.0328125
0 0.5673611111111111 0.623046875 0.03194444444444444 0.01171875
0 0.28125 0.62734375 0.0625 0.0234375
0 0.4527777777777778 0.62265625 0.041666666666666664 0.025
0 0.6576388888888889 0.569921875 0.043055555555555555 0.02578125
0 0.9847222222222223 0.553515625 0.030555555555555555 0.01953125
0 0.7069444444444445 0.546484375 0.05555555555555555 0.03046875
0 0.5888888888888889 0.524609375 0.03611111111111111 0.01796875
0 0.78125 0.49765625 0.05138888888888889 0.0203125
0 0.45902777777777776 0.479296875 0.05416666666666667 0.02265625
0 0.6763888888888889 0.478125 0.15555555555555556 0.075
0 0.42430555555555555 0.433984375 0.06527777777777778 0.02890625
0 0.7104166666666667 0.384375 0.05138888888888889 0.0234375
0 0.6208333333333333 0.3765625 0.11666666666666667 0.0484375
0 0.7416666666666667 0.30859375 0.03333333333333333 0.0171875
0 0.5347222222222222 0.266015625 0.08055555555555556 0.05234375
0 0.6083333333333333 0.23671875 0.044444444444444446 0.0265625
0 0.675 0.211328125 0.08611111111111111 0.03203125
0 0.6666666666666666 0.179296875 0.041666666666666664 0.02421875
0 0.6520833333333333 0.153515625 0.04583333333333333 0.01640625
0 0.5930555555555556 0.039453125 0.05 0.04921875
0 0.6451388888888889 0.031640625 0.04861111111111111 0.03515625
0 0.5166666666666667 0.01953125 0.08611111111111111 0.028125
