0 0.6041666666666666 0.886328125 0.05277777777777778 0.03046875
0 0.79375 0.85859375 0.0625 0.034375
0 0.8888888888888888 0.84296875 0.03611111111111111 0.021875
0 0.5979166666666667 0.8 0.034722222222222224 0.03125
0 0.5180555555555556 0.766015625 0.05277777777777778 0.01953125
0 0.8958333333333334 0.74140625 0.016666666666666666 0.0078125
0 0.5340277777777778 0.746875 0.04027777777777778 0.0234375
0 0.10972222222222222 0.723828125 0.06666666666666667 0.03828125
0 0.11666666666666667 0.690625 0.025 0.0265625
0 0.9555555555555556 0.641015625 0.025 0.01796875
0 0.018055555555555554 0.640234375 0.03333333333333333 0.03046875
0 0.12430555555555556 0.605859375 0.0375 0.01953125
0 0.6743055555555556 0.580078125 0.02361111111111111 0.01953125
0 0.6090277777777777 0.58828125 0.04861111111111111 0.0375
0 0.8618055555555556 0.54609375 0.04027777777777778 0.021875
0 0.08125 0.5453125 0.05416666666666667 0.03125
0 0.6694444444444444 0.52734375 0.08333333333333333 0.0296875
0 0.725 0.4984375 0.05 0.0265625
0 0.7736111111111111 0.498046875 0.03888888888888889 0.02890625
0 0.8111111111111111 0.461328125 0.044444444444444446 0.02734375
0 0.8708333333333333 0.445703125 0.05277777777777778 0.03671875
0 0.9805555555555555 0.428125 0.03888888888888889 0.0171875
0 0.8895833333333333 0.391015625 0.034722222222222224 0.02421875
0 0.8173611111111111 0.38046875 0.029166666666666667 0.015625
0 0.9604166666666667 0.384375 0.059722222222222225 0.0359375
0 0.9902777777777778 0.3640625 0.019444444444444445 0.025
0 0.7479166666666667 0.35625 0.03194444444444444 0.0109375
0 0.7069444444444445 0.355078125 0.03888888888888889 0.02109375
0 0.6048611111111111 0.342578125 0.043055555555555555 0.02890625
0 0.9256944444444445 0.340625 0.07916666666666666 0.0375
0 0.7819444444444444 0.3046875 0.025 0.01875
0 0.9715277777777778 0.308984375 0.04861111111111111 0.02890625
0 0.90625 0.271484375 0.020833333333333332 0.01640625
0 0.9597222222222223 0.272265625 0.058333333333333334 0.02578125
0 0.9013888888888889 0.234375 0.10277777777777777 0.0484375
0 0.98125 0.127734375 0.0375 0.02890625
