0 0.4840277777777778 0.766796875 0.05138888888888889 0.02421875
0 0.05 0.7484375 0.03333333333333333 0.021875
0 0.24375 0.7375 0.0763888888888889 0.0234375
0 0.08194444444444444 0.723046875 0.05 0.02265625
0 0.20694444444444443 0.712890625 0.05 0.02421875
0 0.014583333333333334 0.712890625 0.02638888888888889 0.03046875
0 0.8041666666666667 0.70859375 0.04722222222222222 0.0328125
0 0.7618055555555555 0.7125 0.04861111111111111 0.0453125
0 0.21805555555555556 0.672265625 0.05 0.02109375
0 0.5868055555555556 0.659765625 0.04583333333333333 0.02578125
0 0.3840277777777778 0.647265625 0.018055555555555554 0.01953125
0 0.4736111111111111 0.653515625 0.06388888888888888 0.04296875
0 0.2361111111111111 0.628515625 0.06111111111111111 0.02890625
0 0.4125 0.57890625 0.044444444444444446 0.0234375
0 0.7631944444444444 0.583203125 0.11527777777777778 0.04140625
0 0.28194444444444444 0.566796875 0.08055555555555556 0.02734375
0 0.38958333333333334 0.555078125 0.043055555555555555 0.02734375
0 0.2513888888888889 0.533203125 0.03888888888888889 0.01796875
0 0.29097222222222224 0.5390625 0.04583333333333333 0.0359375
0 0.0375 0.384375 0.06944444444444445 0.0265625
0 0.09375 0.32734375 0.04861111111111111 0.0265625
