0 0.9673611111111111 0.973046875 0.05138888888888889 0.02578125
0 0.1111111111111111 0.8953125 0.075 0.0421875
0 0.5145833333333333 0.898046875 0.06805555555555555 0.06796875
0 0.7402777777777778 0.8390625 0.05277777777777778 0.0265625
0 0.2361111111111111 0.816015625 0.05277777777777778 0.02734375
0 0.7222222222222222 0.815625 0.04722222222222222 0.028125
0 0.79375 0.808984375 0.03194444444444444 0.02421875
0 0.6715277777777777 0.8109375 0.04583333333333333 0.028125
0 0.33194444444444443 0.80078125 0.04722222222222222 0.025
0 0.5326388888888889 0.77734375 0.0625 0.0296875
0 0.6708333333333333 0.769140625 0.06944444444444445 0.02578125
0 0.1375 0.753515625 0.06111111111111111 0.02890625
0 0.9736111111111111 0.730078125 0.03611111111111111 0.01796875
0 0.1798611111111111 0.733203125 0.04583333333333333 0.02890625
0 0.3416666666666667 0.7140625 0.058333333333333334 0.034375
0 0.2388888888888889 0.67578125 0.08888888888888889 0.0625
0 0.4798611111111111 0.630078125 0.0625 0.03515625
0 0.6520833333333333 0.612890625 0.02638888888888889 0.01484375
0 0.5833333333333334 0.608203125 0.03888888888888889 0.02109375
0 0.6659722222222222 0.586328125 0.0375 0.02421875
0 0.19305555555555556 0.5953125 0.058333333333333334 0.04375
0 0.7222222222222222 0.579296875 0.05 0.02890625
0 0.28958333333333336 0.559375 0.02361111111111111 0.0234375
0 0.65 0.556640625 0.04722222222222222 0.02421875
0 0.6118055555555556 0.53828125 0.05138888888888889 0.015625
0 0.5763888888888888 0.517578125 0.06111111111111111 0.03359375
0 0.42083333333333334 0.507421875 0.04722222222222222 0.02109375
0 0.5145833333333333 0.51484375 0.05694444444444444 0.0375
0 0.3416666666666667 0.48046875 0.04722222222222222 0.028125
0 0.4236111111111111 0.453515625 0.03611111111111111 0.01953125
0 0.5347222222222222 0.453125 0.05 0.0296875
0 0.4222222222222222 0.36328125 0.03611111111111111 0.01875
0 0.3729166666666667 0.35390625 0.05138888888888889 0.0265625
0 0.28402777777777777 0.354296875 0.04583333333333333 0.02890625
0 0.31319444444444444 0.3125 0.07083333333333333 0.03125
0 0.4013888888888889 0.273046875 0.030555555555555555 0.02421875
0 0.36527777777777776 0.240234375 0.044444444444444446 0.02578125
0 0.33541666666666664 0.190625 0.029166666666666667 0.0125
