0 0.4791666666666667 0.74140625 0.04861111111111111 0.01484375
0 0.6222222222222222 0.68046875 0.013888888888888888 0.015625
0 0.9236111111111112 0.678125 0.025 0.0234375
0 0.7805555555555556 0.6671875 0.027777777777777776 0.01796875
0 0.9194444444444444 0.6625 0.025 0.01484375
0 0.8666666666666667 0.6625 0.04583333333333333 0.02421875
0 0.2625 0.65546875 0.04861111111111111 0.0234375
0 0.8652777777777778 0.6390625 0.019444444444444445 0.01484375
0 0.6611111111111111 0.6140625 0.02638888888888889 0.02421875
0 0.23055555555555557 0.60546875 0.09027777777777778 0.0421875
0 0.8861111111111111 0.56640625 0.022222222222222223 0.01015625
0 0.2833333333333333 0.55234375 0.05416666666666667 0.02109375
0 0.24861111111111112 0.546875 0.034722222222222224 0.02109375
0 0.04722222222222222 0.53203125 0.06527777777777778 0.0296875
0 0.30277777777777776 0.46328125 0.041666666666666664 0.02109375
0 0.47638888888888886 0.45546875 0.0375 0.01875
0 0.21388888888888888 0.4484375 0.029166666666666667 0.0203125
0 0.5319444444444444 0.434375 0.025 0.01875
0 0.2902777777777778 0.42890625 0.05 0.0296875
0 0.6847222222222222 0.4265625 0.03611111111111111 0.02734375
0 0.6194444444444445 0.41484375 0.034722222222222224 0.0140625
0 0.6347222222222222 0.396875 0.029166666666666667 0.01875
0 0.5833333333333334 0.39609375 0.030555555555555555 0.0265625
0 0.2708333333333333 0.35703125 0.06805555555555555 0.025
0 0.475 0.2015625 0.05 0.02421875
