0 0.6416666666666667 0.6203125 0.044444444444444446 0.0234375
0 0.5138888888888888 0.60703125 0.04722222222222222 0.02421875
0 0.3680555555555556 0.59296875 0.04722222222222222 0.02578125
0 0.39166666666666666 0.56171875 0.025 0.02265625
0 0.7291666666666666 0.53203125 0.04861111111111111 0.02578125
0 0.39166666666666666 0.52265625 0.04583333333333333 0.03046875
0 0.3472222222222222 0.50390625 0.03611111111111111 0.02109375
0 0.6361111111111111 0.50078125 0.06944444444444445 0.0375
0 0.5291666666666667 0.49765625 0.06944444444444445 0.03125
0 0.7416666666666667 0.48984375 0.02361111111111111 0.01875
0 0.0763888888888889 0.4796875 0.04861111111111111 0.02890625
0 0.7694444444444445 0.45546875 0.043055555555555555 0.0265625
0 0.29444444444444445 0.4515625 0.029166666666666667 0.0171875
0 0.7013888888888888 0.43984375 0.03333333333333333 0.015625
0 0.2652777777777778 0.4375 0.0375 0.01796875
0 0.6152777777777778 0.41875 0.0375 0.0234375
0 0.6722222222222223 0.26875 0.05277777777777778 0.03515625
0 0.6194444444444445 0.1328125 0.019444444444444445 0.01171875
0 0.5083333333333333 0.12890625 0.058333333333333334 0.0375
