0 0.9236111111111112 0.73671875 0.03888888888888889 0.0265625
0 0.27361111111111114 0.7046875 0.09305555555555556 0.03984375
0 0.9194444444444444 0.67578125 0.0625 0.0265625
0 0.7027777777777777 0.671875 0.059722222222222225 0.034375
0 0.7013888888888888 0.63515625 0.04861111111111111 0.03046875
0 0.1375 0.61328125 0.029166666666666667 0.02421875
0 0.8611111111111112 0.609375 0.03888888888888889 0.0125
0 0.11805555555555555 0.60078125 0.027777777777777776 0.01640625
0 0.5013888888888889 0.5953125 0.04027777777777778 0.03203125
0 0.4652777777777778 0.58359375 0.03194444444444444 0.0125
0 0.4708333333333333 0.55625 0.075 0.02421875
0 0.7763888888888889 0.546875 0.03194444444444444 0.01953125
0 0.24583333333333332 0.546875 0.05277777777777778 0.015625
0 0.9291666666666667 0.5453125 0.04722222222222222 0.0203125
0 0.9166666666666666 0.528125 0.03333333333333333 0.0171875
0 0.24166666666666667 0.496875 0.018055555555555554 0.01015625
0 0.9472222222222222 0.475 0.03333333333333333 0.0203125
0 0.8638888888888889 0.46484375 0.030555555555555555 0.01796875
0 0.4263888888888889 0.45859375 0.041666666666666664 0.02421875
0 0.23055555555555557 0.45625 0.027777777777777776 0.0203125
0 0.041666666666666664 0.45625 0.058333333333333334 0.0265625
0 0.26805555555555555 0.44453125 0.04583333333333333 0.053125
0 0.4847222222222222 0.4359375 0.041666666666666664 0.01796875
0 0.44027777777777777 0.41953125 0.020833333333333332 0.01015625
0 0.5083333333333333 0.4125 0.041666666666666664 0.02421875
0 0.15555555555555556 0.39765625 0.027777777777777776 0.0140625
0 0.3055555555555556 0.38828125 0.04027777777777778 0.0265625
0 0.4125 0.3828125 0.020833333333333332 0.0109375
0 0.2388888888888889 0.37890625 0.03194444444444444 0.01640625
0 0.2777777777777778 0.32578125 0.05138888888888889 0.028125
0 0.3972222222222222 0.31953125 0.030555555555555555 0.02421875
0 0.20833333333333334 0.30859375 0.05694444444444444 0.02890625
0 0.36527777777777776 0.29375 0.041666666666666664 0.0203125
0 0.3388888888888889 0.2921875 0.03194444444444444 0.01640625
0 0.4791666666666667 0.2640625 0.013888888888888888 0.01328125
0 0.3263888888888889 0.259375 0.04583333333333333 0.0265625
0 0.49722222222222223 0.24453125 0.029166666666666667 0.01484375
0 0.44166666666666665 0.22890625 0.03194444444444444 0.0140625
0 0.22916666666666666 0.22890625 0.08472222222222223 0.034375
0 0.35138888888888886 0.22265625 0.09027777777777778 0.03046875
0 0.40555555555555556 0.1890625 0.0375 0.0328125
0 0.2013888888888889 0.18359375 0.043055555555555555 0.0234375
0 0.2847222222222222 0.1390625 0.09583333333333334 0.03203125
0 0.4125 0.02578125 0.05555555555555555 0.03203125
