0 0.06111111111111111 0.80390625 0.04861111111111111 0.0296875
0 0.5083333333333333 0.7671875 0.06111111111111111 0.034375
0 0.44305555555555554 0.7625 0.04861111111111111 0.0359375
0 0.45 0.7296875 0.04722222222222222 0.028125
0 0.044444444444444446 0.72578125 0.03611111111111111 0.01640625
0 0.7402777777777778 0.72109375 0.04583333333333333 0.025
0 0.5763888888888888 0.715625 0.04583333333333333 0.040625
0 0.55 0.7078125 0.04861111111111111 0.01953125
0 0.24861111111111112 0.7015625 0.05138888888888889 0.02890625
0 0.5597222222222222 0.6765625 0.11666666666666667 0.05
0 0.7805555555555556 0.66953125 0.06666666666666667 0.040625
0 0.10694444444444444 0.66328125 0.05555555555555555 0.02890625
0 0.4930555555555556 0.65 0.05555555555555555 0.034375
0 0.2111111111111111 0.62265625 0.03194444444444444 0.01640625
0 0.6625 0.61796875 0.019444444444444445 0.0125
0 0.49583333333333335 0.60546875 0.03888888888888889 0.0265625
0 0.3902777777777778 0.5984375 0.03194444444444444 0.01875
0 0.9277777777777778 0.5921875 0.04583333333333333 0.0203125
0 0.21666666666666667 0.55546875 0.020833333333333332 0.01953125
0 0.5125 0.52890625 0.030555555555555555 0.0125
0 0.3861111111111111 0.5234375 0.015277777777777777 0.0078125
0 0.7638888888888888 0.50703125 0.022222222222222223 0.0140625
0 0.9680555555555556 0.459375 0.030555555555555555 0.01796875
0 0.8083333333333333 0.43515625 0.027777777777777776 0.0109375
0 0.0 0.42890625 0.043055555555555555 0.0171875
0 0.8694444444444445 0.421875 0.034722222222222224 0.0203125
0 0.0 0.415625 0.03194444444444444 0.0203125
0 0.9611111111111111 0.375 0.013888888888888888 0.01484375
0 0.8222222222222222 0.36640625 0.030555555555555555 0.0171875
0 0.7916666666666666 0.3359375 0.05 0.0203125
0 0.15416666666666667 0.3359375 0.018055555555555554 0.01171875
0 0.9555555555555556 0.32734375 0.043055555555555555 0.0296875
0 0.1 0.303125 0.03611111111111111 0.02265625
0 0.8236111111111111 0.30234375 0.04861111111111111 0.03125
0 0.9027777777777778 0.27578125 0.08472222222222223 0.05703125
0 0.03333333333333333 0.27421875 0.041666666666666664 0.0234375
0 0.8375 0.2734375 0.030555555555555555 0.01875
0 0.43194444444444446 0.26875 0.10694444444444444 0.03359375
0 0.15694444444444444 0.26484375 0.075 0.0296875
0 0.3458333333333333 0.2578125 0.06111111111111111 0.034375
0 0.1111111111111111 0.25390625 0.03888888888888889 0.02734375
0 0.7402777777777778 0.24453125 0.034722222222222224 0.02421875
0 0.006944444444444444 0.2375 0.04722222222222222 0.02421875
0 0.4027777777777778 0.21171875 0.058333333333333334 0.03125
0 0.20972222222222223 0.20859375 0.1 0.0328125
0 0.12638888888888888 0.20546875 0.043055555555555555 0.01953125
0 0.029166666666666667 0.17890625 0.027777777777777776 0.0171875
0 0.7861111111111111 0.1703125 0.043055555555555555 0.0203125
0 0.6458333333333334 0.16953125 0.029166666666666667 0.0171875
0 0.6194444444444445 0.16640625 0.027777777777777776 0.01484375
0 0.9666666666666667 0.15625 0.03333333333333333 0.02890625
0 0.6763888888888889 0.153125 0.06805555555555555 0.01875
0 0.5263888888888889 0.1515625 0.06666666666666667 0.0265625
0 0.19027777777777777 0.1484375 0.034722222222222224 0.025
0 0.6166666666666667 0.146875 0.030555555555555555 0.01796875
0 0.31527777777777777 0.13828125 0.05555555555555555 0.0328125
0 0.7055555555555556 0.128125 0.03888888888888889 0.0203125
0 0.44722222222222224 0.12421875 0.0875 0.0453125
0 0.06527777777777778 0.12421875 0.041666666666666664 0.0234375
0 0.0 0.12421875 0.0625 0.0265625
0 0.9722222222222222 0.1171875 0.025 0.01796875
0 0.9055555555555556 0.0984375 0.03888888888888889 0.0203125
0 0.0 0.096875 0.04583333333333333 0.02890625
0 0.08472222222222223 0.0921875 0.03888888888888889 0.02265625
0 0.7277777777777777 0.08828125 0.0375 0.0171875
0 0.48194444444444445 0.07578125 0.0625 0.0359375
0 0.675 0.07421875 0.03611111111111111 0.015625
0 0.9055555555555556 0.06640625 0.043055555555555555 0.0265625
0 0.7694444444444445 0.06328125 0.043055555555555555 0.02578125
0 0.041666666666666664 0.0625 0.04583333333333333 0.02890625
0 0.3 0.06171875 0.05416666666666667 0.03515625
0 0.37083333333333335 0.05546875 0.03611111111111111 0.01953125
0 0.14166666666666666 0.04609375 0.04583333333333333 0.025
0 0.10555555555555556 0.040625 0.04722222222222222 0.02109375
0 0.06666666666666667 0.0390625 0.03333333333333333 0.02890625
0 0.7055555555555556 0.03671875 0.07222222222222222 0.040625
0 0.9333333333333333 0.03203125 0.03888888888888889 0.0234375
0 0.6916666666666667 0.028125 0.044444444444444446 0.02890625
0 0.6236111111111111 0.02265625 0.015277777777777777 0.025
0 0.5583333333333333 0.01875 0.06111111111111111 0.03671875
0 0.001388888888888889 0.0171875 0.034722222222222224 0.0265625
0 0.7472222222222222 0.0109375 0.02361111111111111 0.0203125
0 0.13333333333333333 0.0015625 0.03333333333333333 0.0109375
0 0.8694444444444445 0.00078125 0.043055555555555555 0.021875
0 0.775 0.0 0.04722222222222222 0.01953125
0 0.7069444444444445 0.0 0.03888888888888889 0.0234375
