0 0.5666666666666667 0.80859375 0.043055555555555555 0.03046875
0 0.5736111111111111 0.75078125 0.030555555555555555 0.01328125
0 0.38333333333333336 0.73203125 0.02638888888888889 0.01953125
0 0.4875 0.70703125 0.029166666666666667 0.01015625
0 0.46111111111111114 0.70546875 0.02361111111111111 0.0109375
0 0.3736111111111111 0.703125 0.034722222222222224 0.02265625
0 0.8861111111111111 0.7 0.029166666666666667 0.01015625
0 0.30277777777777776 0.63984375 0.03333333333333333 0.025
0 0.6416666666666667 0.6390625 0.018055555555555554 0.0203125
0 0.9930555555555556 0.621875 0.006944444444444444 0.00859375
0 0.675 0.6171875 0.030555555555555555 0.0140625
0 0.9333333333333333 0.60859375 0.015277777777777777 0.0234375
0 0.5083333333333333 0.6078125 0.044444444444444446 0.02578125
0 0.7916666666666666 0.60703125 0.043055555555555555 0.03046875
0 0.46111111111111114 0.59296875 0.02361111111111111 0.0171875
0 0.5777777777777777 0.58671875 0.07777777777777778 0.0296875
0 0.019444444444444445 0.57734375 0.025 0.015625
0 0.6847222222222222 0.55703125 0.030555555555555555 0.01875
0 0.6305555555555555 0.5515625 0.03611111111111111 0.01796875
0 0.6888888888888889 0.53984375 0.02638888888888889 0.01484375
0 0.9347222222222222 0.5390625 0.04027777777777778 0.01640625
0 0.6125 0.53671875 0.027777777777777776 0.00859375
0 0.6902777777777778 0.5203125 0.04027777777777778 0.01796875
0 0.7319444444444444 0.51328125 0.02638888888888889 0.01484375
0 0.4097222222222222 0.51328125 0.05555555555555555 0.0671875
0 0.9694444444444444 0.5125 0.018055555555555554 0.0125
0 0.6625 0.50859375 0.041666666666666664 0.01484375
0 0.5902777777777778 0.50390625 0.04027777777777778 0.015625
0 0.35555555555555557 0.48046875 0.06388888888888888 0.02109375
0 0.48333333333333334 0.4640625 0.075 0.028125
0 0.2875 0.44765625 0.05277777777777778 0.05078125
0 0.3888888888888889 0.43984375 0.0763888888888889 0.03671875
0 0.5777777777777777 0.42890625 0.04722222222222222 0.0265625
0 0.4666666666666667 0.390625 0.05555555555555555 0.05
0 0.3 0.3890625 0.0625 0.03515625
0 0.34305555555555556 0.37265625 0.05 0.0234375
0 0.49722222222222223 0.35859375 0.019444444444444445 0.009375
0 0.44027777777777777 0.3546875 0.029166666666666667 0.021875
0 0.37777777777777777 0.34375 0.05694444444444444 0.02109375
0 0.49444444444444446 0.3390625 0.0375 0.01875
0 0.5222222222222223 0.30859375 0.044444444444444446 0.02734375
0 0.3486111111111111 0.30859375 0.03888888888888889 0.02734375
0 0.40555555555555556 0.30546875 0.05694444444444444 0.028125
0 0.4041666666666667 0.26796875 0.04583333333333333 0.03046875
0 0.5083333333333333 0.2578125 0.03888888888888889 0.02421875
0 0.4097222222222222 0.2265625 0.03888888888888889 0.0171875
0 0.47638888888888886 0.221875 0.03194444444444444 0.0171875
0 0.39166666666666666 0.21953125 0.027777777777777776 0.0125
0 0.38055555555555554 0.21328125 0.016666666666666666 0.00859375
0 0.44166666666666665 0.20390625 0.03333333333333333 0.02578125
0 0.5166666666666667 0.184375 0.044444444444444446 0.02578125
