0 0.13333333333333333 0.69140625 0.03888888888888889 0.0234375
0 0.625 0.6828125 0.07916666666666666 0.0296875
0 0.09583333333333334 0.6828125 0.030555555555555555 0.0234375
0 0.42916666666666664 0.66484375 0.029166666666666667 0.0140625
0 0.5444444444444444 0.6328125 0.029166666666666667 0.015625
0 0.6402777777777777 0.62265625 0.05416666666666667 0.02890625
0 0.45694444444444443 0.62109375 0.034722222222222224 0.01796875
0 0.6597222222222222 0.58125 0.03888888888888889 0.02421875
0 0.7555555555555555 0.51796875 0.043055555555555555 0.028125
0 0.6430555555555556 0.50390625 0.059722222222222225 0.028125
0 0.6333333333333333 0.48359375 0.019444444444444445 0.01484375
0 0.5527777777777778 0.4734375 0.058333333333333334 0.02265625
0 0.41388888888888886 0.46484375 0.06805555555555555 0.025
0 0.6416666666666667 0.46328125 0.016666666666666666 0.01484375
0 0.49444444444444446 0.46328125 0.03194444444444444 0.0125
0 0.06388888888888888 0.4453125 0.04861111111111111 0.01953125
0 0.6694444444444444 0.41953125 0.043055555555555555 0.040625
0 0.4875 0.415625 0.03333333333333333 0.021875
0 0.8222222222222222 0.3859375 0.019444444444444445 0.0125
0 0.5472222222222223 0.38125 0.013888888888888888 0.00859375
0 0.5444444444444444 0.3703125 0.018055555555555554 0.009375
0 0.3416666666666667 0.3671875 0.027777777777777776 0.0203125
0 0.8263888888888888 0.36640625 0.016666666666666666 0.0140625
0 0.3888888888888889 0.36328125 0.05694444444444444 0.0265625
0 0.6583333333333333 0.35234375 0.14305555555555555 0.08125
0 0.4597222222222222 0.32421875 0.018055555555555554 0.0171875
0 0.5180555555555556 0.31171875 0.015277777777777777 0.01015625
0 0.7763888888888889 0.30390625 0.02638888888888889 0.0140625
0 0.48333333333333334 0.26484375 0.041666666666666664 0.0171875
0 0.5569444444444445 0.2546875 0.020833333333333332 0.02890625
0 0.3263888888888889 0.24921875 0.0625 0.02890625
0 0.6222222222222222 0.228125 0.05277777777777778 0.028125
0 0.4666666666666667 0.2203125 0.02638888888888889 0.0203125
0 0.4152777777777778 0.2171875 0.03888888888888889 0.021875
0 0.5263888888888889 0.20859375 0.03333333333333333 0.0203125
0 0.48194444444444445 0.16953125 0.059722222222222225 0.04140625
0 0.6 0.159375 0.0375 0.03359375
0 0.5458333333333333 0.159375 0.043055555555555555 0.03671875
0 0.6013888888888889 0.1203125 0.0625 0.03671875
0 0.5 0.11484375 0.06388888888888888 0.04296875
0 0.5666666666666667 0.10078125 0.03888888888888889 0.02578125
0 0.6013888888888889 0.07578125 0.019444444444444445 0.021875
0 0.5263888888888889 0.0671875 0.05138888888888889 0.0328125
0 0.5791666666666667 0.053125 0.05277777777777778 0.0296875
0 0.49444444444444446 0.0234375 0.05277777777777778 0.04140625
0 0.5763888888888888 0.02265625 0.022222222222222223 0.02578125
