0 0.001388888888888889 0.71953125 0.04722222222222222 0.03203125
0 0.46805555555555556 0.71328125 0.03611111111111111 0.02578125
0 0.42916666666666664 0.71171875 0.022222222222222223 0.02109375
0 0.22361111111111112 0.7 0.04583333333333333 0.02734375
0 0.1625 0.68203125 0.04583333333333333 0.03046875
0 0.7027777777777777 0.6640625 0.05138888888888889 0.02265625
0 0.4986111111111111 0.659375 0.02638888888888889 0.01484375
0 0.4013888888888889 0.6390625 0.043055555555555555 0.01875
0 0.9763888888888889 0.63671875 0.013888888888888888 0.0125
0 0.6763888888888889 0.6328125 0.04583333333333333 0.034375
0 0.5944444444444444 0.63046875 0.04583333333333333 0.0234375
0 0.7277777777777777 0.62109375 0.05 0.01875
0 0.5277777777777778 0.6109375 0.05416666666666667 0.02578125
0 0.9708333333333333 0.60234375 0.029166666666666667 0.03046875
0 0.4638888888888889 0.5890625 0.0625 0.025
0 0.6097222222222223 0.5796875 0.05555555555555555 0.02734375
0 0.07083333333333333 0.55 0.03194444444444444 0.02578125
0 0.4652777777777778 0.53359375 0.020833333333333332 0.01328125
0 0.5361111111111111 0.51328125 0.04583333333333333 0.028125
0 0.5638888888888889 0.50234375 0.04722222222222222 0.025
0 0.005555555555555556 0.5015625 0.08055555555555556 0.03359375
0 0.5430555555555555 0.47578125 0.043055555555555555 0.0265625
0 0.4875 0.471875 0.04027777777777778 0.01875
0 0.4263888888888889 0.44765625 0.06666666666666667 0.03984375
0 0.5486111111111112 0.4359375 0.03888888888888889 0.02578125
0 0.49583333333333335 0.41953125 0.02638888888888889 0.0203125
0 0.48333333333333334 0.3953125 0.0625 0.021875
0 0.001388888888888889 0.20625 0.05555555555555555 0.034375
