0 0.5402777777777777 0.6453125 0.04722222222222222 0.02265625
0 0.8291666666666667 0.63125 0.05 0.01875
0 0.175 0.62421875 0.04027777777777778 0.01875
0 0.9069444444444444 0.621875 0.034722222222222224 0.021875
0 0.8375 0.6203125 0.02638888888888889 0.0171875
0 0.8791666666666667 0.61484375 0.027777777777777776 0.01171875
0 0.8055555555555556 0.6140625 0.029166666666666667 0.025
0 0.14444444444444443 0.6140625 0.02361111111111111 0.01875
0 0.041666666666666664 0.60625 0.0375 0.02734375
0 0.40694444444444444 0.60390625 0.06805555555555555 0.02734375
0 0.001388888888888889 0.59375 0.02638888888888889 0.01484375
0 0.009722222222222222 0.57890625 0.03611111111111111 0.01484375
0 0.34444444444444444 0.56484375 0.05277777777777778 0.028125
0 0.11805555555555555 0.5640625 0.03611111111111111 0.0140625
0 0.3375 0.54453125 0.019444444444444445 0.009375
0 0.6375 0.53515625 0.029166666666666667 0.01796875
0 0.4777777777777778 0.52578125 0.03611111111111111 0.02421875
0 0.7041666666666667 0.4921875 0.0375 0.0421875
0 0.6777777777777778 0.48671875 0.018055555555555554 0.01640625
0 0.3625 0.48203125 0.03194444444444444 0.0171875
0 0.6958333333333333 0.44765625 0.03611111111111111 0.02265625
0 0.5430555555555555 0.44765625 0.0375 0.02109375
0 0.5013888888888889 0.44609375 0.03194444444444444 0.02109375
0 0.5930555555555556 0.4453125 0.03333333333333333 0.01953125
0 0.5819444444444445 0.38671875 0.03194444444444444 0.01484375
0 0.3875 0.353125 0.027777777777777776 0.01484375
0 0.6013888888888889 0.3484375 0.06944444444444445 0.0265625
0 0.5388888888888889 0.3390625 0.025 0.0140625
0 0.5541666666666667 0.31875 0.03888888888888889 0.0203125
0 0.7597222222222222 0.31328125 0.04027777777777778 0.015625
