0 0.8666666666666667 0.56484375 0.04722222222222222 0.03125
0 0.8083333333333333 0.5625 0.05 0.03046875
0 0.8930555555555556 0.53125 0.041666666666666664 0.0234375
0 0.6583333333333333 0.52265625 0.03333333333333333 0.01796875
0 0.9555555555555556 0.5046875 0.043055555555555555 0.01953125
0 0.6277777777777778 0.5046875 0.0375 0.0203125
0 0.65 0.47578125 0.03611111111111111 0.02265625
0 0.4361111111111111 0.4671875 0.027777777777777776 0.015625
0 0.3472222222222222 0.4609375 0.09583333333333334 0.04375
0 0.8319444444444445 0.46015625 0.025 0.01328125
0 0.13333333333333333 0.45546875 0.03888888888888889 0.0171875
0 0.8972222222222223 0.45234375 0.0375 0.01953125
0 0.45 0.44765625 0.03888888888888889 0.01796875
0 0.575 0.44609375 0.044444444444444446 0.02578125
0 0.23194444444444445 0.4328125 0.03888888888888889 0.02109375
0 0.8513888888888889 0.43203125 0.02638888888888889 0.01640625
0 0.31805555555555554 0.42890625 0.020833333333333332 0.0078125
0 0.12083333333333333 0.42578125 0.041666666666666664 0.0203125
0 0.40694444444444444 0.41171875 0.05 0.0234375
0 0.8819444444444444 0.3875 0.0375 0.02421875
0 0.7222222222222222 0.3828125 0.02638888888888889 0.01640625
0 0.018055555555555554 0.37578125 0.02638888888888889 0.0109375
0 0.9222222222222223 0.34921875 0.030555555555555555 0.01875
0 0.8166666666666667 0.33828125 0.05416666666666667 0.03359375
0 0.6430555555555556 0.328125 0.03611111111111111 0.0203125
0 0.9652777777777778 0.3234375 0.027777777777777776 0.01328125
0 0.6430555555555556 0.303125 0.029166666666666667 0.0171875
0 0.14027777777777778 0.296875 0.03194444444444444 0.01484375
0 0.09722222222222222 0.28984375 0.02638888888888889 0.0109375
0 0.9222222222222223 0.28828125 0.04583333333333333 0.03125
0 0.5166666666666667 0.28828125 0.075 0.028125
0 0.44305555555555554 0.2875 0.05694444444444444 0.025
0 0.7819444444444444 0.2578125 0.027777777777777776 0.01796875
0 0.7194444444444444 0.2578125 0.029166666666666667 0.01171875
0 0.8111111111111111 0.24921875 0.027777777777777776 0.01640625
0 0.7777777777777778 0.2375 0.034722222222222224 0.015625
0 0.6 0.2328125 0.0375 0.021875
0 0.6722222222222223 0.2015625 0.041666666666666664 0.01953125
0 0.6208333333333333 0.19375 0.02361111111111111 0.015625
0 0.7638888888888888 0.19296875 0.07222222222222222 0.0359375
0 0.6444444444444445 0.1859375 0.03333333333333333 0.03125
0 0.39444444444444443 0.18515625 0.06388888888888888 0.0203125
0 0.7472222222222222 0.171875 0.03333333333333333 0.02265625
0 0.8375 0.16640625 0.059722222222222225 0.04375
0 0.6972222222222222 0.16015625 0.044444444444444446 0.040625
0 0.6555555555555556 0.15625 0.03333333333333333 0.0234375
0 0.5847222222222223 0.1546875 0.0375 0.025
0 0.9180555555555555 0.15078125 0.041666666666666664 0.0234375
0 0.8041666666666667 0.14609375 0.0375 0.02578125
0 0.6152777777777778 0.140625 0.04027777777777778 0.02734375
0 0.6722222222222223 0.13359375 0.041666666666666664 0.0203125
0 0.9597222222222223 0.13203125 0.04027777777777778 0.01796875
0 0.9138888888888889 0.115625 0.03333333333333333 0.01484375
0 0.7527777777777778 0.10390625 0.03194444444444444 0.021875
0 0.6486111111111111 0.0953125 0.041666666666666664 0.02265625
0 0.7791666666666667 0.078125 0.05138888888888889 0.04296875
