0 0.41388888888888886 0.665625 0.020833333333333332 0.021875
0 0.07361111111111111 0.6546875 0.04861111111111111 0.021875
0 0.5791666666666667 0.646875 0.027777777777777776 0.0109375
0 0.9236111111111112 0.63046875 0.04027777777777778 0.025
0 0.6472222222222223 0.6140625 0.03888888888888889 0.01875
0 0.03888888888888889 0.61328125 0.06111111111111111 0.03125
0 0.9583333333333334 0.6046875 0.025 0.021875
0 0.30833333333333335 0.6 0.011111111111111112 0.00859375
0 0.46805555555555556 0.59921875 0.022222222222222223 0.0171875
0 0.09305555555555556 0.59921875 0.029166666666666667 0.0140625
0 0.5777777777777777 0.5921875 0.015277777777777777 0.00859375
0 0.7166666666666667 0.5859375 0.013888888888888888 0.0078125
0 0.8805555555555555 0.57578125 0.0375 0.0234375
0 0.6958333333333333 0.54609375 0.008333333333333333 0.0078125
0 0.06388888888888888 0.5390625 0.07222222222222222 0.025
0 0.9152777777777777 0.52734375 0.022222222222222223 0.0125
0 0.8430555555555556 0.5109375 0.027777777777777776 0.0140625
0 0.3888888888888889 0.459375 0.015277777777777777 0.0078125
0 0.11666666666666667 0.45625 0.04722222222222222 0.01953125
0 0.3013888888888889 0.44296875 0.03611111111111111 0.0203125
0 0.015277777777777777 0.44296875 0.034722222222222224 0.0265625
0 0.3402777777777778 0.4296875 0.02361111111111111 0.0109375
0 0.10138888888888889 0.421875 0.04722222222222222 0.0265625
0 0.4888888888888889 0.41328125 0.03611111111111111 0.02421875
0 0.43333333333333335 0.4 0.027777777777777776 0.01640625
0 0.4013888888888889 0.38671875 0.025 0.0234375
0 0.4486111111111111 0.3828125 0.030555555555555555 0.01875
0 0.7569444444444444 0.36171875 0.015277777777777777 0.01484375
0 0.1111111111111111 0.35390625 0.030555555555555555 0.01875
0 0.075 0.3515625 0.0375 0.02109375
0 0.7111111111111111 0.34296875 0.0125 0.0078125
0 0.7319444444444444 0.3328125 0.009722222222222222 0.00546875
0 0.7236111111111111 0.32578125 0.009722222222222222 0.00546875
0 0.9819444444444444 0.31328125 0.018055555555555554 0.01953125
0 0.6138888888888889 0.31328125 0.02638888888888889 0.009375
0 0.9513888888888888 0.309375 0.030555555555555555 0.0171875
0 0.7722222222222223 0.30859375 0.011111111111111112 0.00625
0 0.6375 0.3 0.015277777777777777 0.00859375
0 0.7680555555555556 0.29375 0.016666666666666666 0.00703125
0 0.9125 0.28125 0.030555555555555555 0.02109375
0 0.6194444444444445 0.26171875 0.015277777777777777 0.009375
0 0.2763888888888889 0.18828125 0.044444444444444446 0.0265625
