0 0.42916666666666664 0.70546875 0.027777777777777776 0.015625
0 0.41388888888888886 0.68828125 0.027777777777777776 0.01875
0 0.46805555555555556 0.6765625 0.027777777777777776 0.01640625
0 0.9375 0.63203125 0.05138888888888889 0.0203125
0 0.5902777777777778 0.6265625 0.02361111111111111 0.015625
0 0.3611111111111111 0.62109375 0.020833333333333332 0.0125
0 0.5263888888888889 0.60625 0.02361111111111111 0.009375
0 0.26944444444444443 0.59921875 0.013888888888888888 0.01328125
0 0.7597222222222222 0.59765625 0.03194444444444444 0.0140625
0 0.4736111111111111 0.5890625 0.04027777777777778 0.02109375
0 0.21805555555555556 0.5796875 0.034722222222222224 0.01640625
0 0.6958333333333333 0.578125 0.029166666666666667 0.01640625
0 0.6791666666666667 0.5765625 0.016666666666666666 0.015625
0 0.3486111111111111 0.57578125 0.020833333333333332 0.01484375
0 0.9694444444444444 0.57421875 0.030555555555555555 0.02109375
0 0.6513888888888889 0.571875 0.018055555555555554 0.0140625
0 0.5958333333333333 0.5515625 0.030555555555555555 0.01796875
0 0.3402777777777778 0.5515625 0.03611111111111111 0.01875
0 0.7513888888888889 0.53984375 0.030555555555555555 0.0125
0 0.7805555555555556 0.5265625 0.03333333333333333 0.0125
0 0.3972222222222222 0.521875 0.0375 0.0203125
0 0.2847222222222222 0.51953125 0.043055555555555555 0.0234375
0 0.8583333333333333 0.51796875 0.025 0.015625
0 0.6138888888888889 0.5171875 0.041666666666666664 0.0234375
0 0.8263888888888888 0.509375 0.030555555555555555 0.01796875
0 0.37083333333333335 0.509375 0.03888888888888889 0.01875
0 0.24583333333333332 0.49765625 0.04722222222222222 0.0171875
0 0.1625 0.49765625 0.043055555555555555 0.02421875
0 0.6736111111111112 0.49375 0.0375 0.02109375
0 0.4027777777777778 0.4890625 0.0375 0.0203125
0 0.3138888888888889 0.48359375 0.027777777777777776 0.015625
0 0.06388888888888888 0.48359375 0.04027777777777778 0.02109375
0 0.7402777777777778 0.46328125 0.059722222222222225 0.03984375
0 0.4097222222222222 0.4484375 0.029166666666666667 0.015625
0 0.2513888888888889 0.4265625 0.03194444444444444 0.01796875
0 0.07777777777777778 0.41640625 0.05 0.04453125
0 0.03888888888888889 0.39140625 0.04722222222222222 0.0203125
0 0.6027777777777777 0.3484375 0.03194444444444444 0.0234375
0 0.2833333333333333 0.3484375 0.03333333333333333 0.01328125
0 0.23333333333333334 0.3421875 0.034722222222222224 0.02109375
0 0.55 0.3375 0.016666666666666666 0.0171875
0 0.42916666666666664 0.3359375 0.029166666666666667 0.01796875
0 0.5027777777777778 0.334375 0.043055555555555555 0.02265625
0 0.26944444444444443 0.32109375 0.03888888888888889 0.0203125
0 0.4027777777777778 0.3140625 0.04583333333333333 0.0265625
0 0.6736111111111112 0.3109375 0.027777777777777776 0.0140625
0 0.13194444444444445 0.30625 0.029166666666666667 0.0171875
0 0.22916666666666666 0.28828125 0.05694444444444444 0.0359375
0 0.0 0.28359375 0.044444444444444446 0.02578125
0 0.17083333333333334 0.28125 0.027777777777777776 0.02109375
0 0.03333333333333333 0.2796875 0.07916666666666666 0.034375
0 0.425 0.27734375 0.04722222222222222 0.025
0 0.49583333333333335 0.26796875 0.043055555555555555 0.01953125
0 0.1763888888888889 0.25859375 0.07222222222222222 0.028125
0 0.8555555555555555 0.2578125 0.06388888888888888 0.02265625
0 0.11666666666666667 0.2578125 0.044444444444444446 0.02421875
0 0.07777777777777778 0.2546875 0.04027777777777778 0.02421875
0 0.7833333333333333 0.24453125 0.0763888888888889 0.03046875
0 0.49583333333333335 0.2421875 0.041666666666666664 0.02109375
0 0.5333333333333333 0.23984375 0.03611111111111111 0.01953125
0 0.8597222222222223 0.22890625 0.03194444444444444 0.01875
0 0.3138888888888889 0.21484375 0.04861111111111111 0.02890625
0 0.2375 0.2078125 0.029166666666666667 0.0203125
0 0.08472222222222223 0.20390625 0.03194444444444444 0.015625
0 0.10416666666666667 0.196875 0.10277777777777777 0.05625
0 0.7180555555555556 0.1859375 0.02638888888888889 0.01015625
0 0.3597222222222222 0.1859375 0.022222222222222223 0.015625
0 0.1125 0.184375 0.03611111111111111 0.01796875
0 0.6333333333333333 0.17734375 0.02638888888888889 0.021875
0 0.0375 0.16796875 0.025 0.01484375
0 0.48194444444444445 0.1578125 0.027777777777777776 0.01171875
0 0.001388888888888889 0.15390625 0.0375 0.0234375
0 0.2861111111111111 0.1515625 0.027777777777777776 0.015625
0 0.05 0.14765625 0.029166666666666667 0.015625
0 0.18194444444444444 0.13828125 0.029166666666666667 0.01328125
0 0.3486111111111111 0.1140625 0.04722222222222222 0.0375
0 0.3458333333333333 0.096875 0.016666666666666666 0.01171875
0 0.26666666666666666 0.09375 0.025 0.015625
0 0.21805555555555556 0.0765625 0.030555555555555555 0.0296875
