0 0.0 0.48125 0.04722222222222222 0.03203125
0 0.3013888888888889 0.45 0.029166666666666667 0.0109375
0 0.030555555555555555 0.4484375 0.04583333333333333 0.0296875
0 0.4444444444444444 0.40390625 0.018055555555555554 0.0125
0 0.35694444444444445 0.40234375 0.02361111111111111 0.009375
0 0.2625 0.3953125 0.02361111111111111 0.01640625
0 0.45555555555555555 0.37109375 0.058333333333333334 0.01640625
0 0.10833333333333334 0.36796875 0.02638888888888889 0.01171875
0 0.31805555555555554 0.34609375 0.020833333333333332 0.01015625
0 0.22083333333333333 0.33984375 0.03333333333333333 0.01796875
0 0.19027777777777777 0.33671875 0.027777777777777776 0.01484375
0 0.12638888888888888 0.321875 0.02361111111111111 0.0125
0 0.175 0.32109375 0.02638888888888889 0.01171875
0 0.23055555555555557 0.31796875 0.034722222222222224 0.015625
0 0.15416666666666667 0.29765625 0.03194444444444444 0.01328125
0 0.20833333333333334 0.28515625 0.025 0.01484375
0 0.09861111111111111 0.2578125 0.02361111111111111 0.0125
0 0.12638888888888888 0.2234375 0.025 0.0140625
0 0.025 0.2046875 0.03194444444444444 0.021875
