0 0.7597222222222222 0.57890625 0.05555555555555555 0.02421875
0 0.8125 0.559375 0.06805555555555555 0.0328125
0 0.8611111111111112 0.490625 0.04722222222222222 0.02890625
0 0.7819444444444444 0.48046875 0.08194444444444444 0.040625
0 0.8555555555555555 0.43203125 0.08194444444444444 0.0359375
0 0.9305555555555556 0.40234375 0.0625 0.034375
0 0.7805555555555556 0.378125 0.05 0.02734375
0 0.9402777777777778 0.33828125 0.059722222222222225 0.03046875
0 0.8694444444444445 0.33359375 0.04722222222222222 0.02890625
0 0.8763888888888889 0.2953125 0.07361111111111111 0.03359375
0 0.5319444444444444 0.2796875 0.05555555555555555 0.034375
