0 0.9736111111111111 0.72734375 0.02638888888888889 0.01640625
0 0.6138888888888889 0.72109375 0.0375 0.015625
0 0.7930555555555555 0.70078125 0.0375 0.02421875
0 0.9680555555555556 0.69140625 0.03194444444444444 0.02109375
0 0.8291666666666667 0.6703125 0.04583333333333333 0.02734375
0 0.6375 0.66875 0.041666666666666664 0.01640625
0 0.9597222222222223 0.65625 0.030555555555555555 0.02109375
0 0.5305555555555556 0.65390625 0.03611111111111111 0.02421875
0 0.4083333333333333 0.65390625 0.03333333333333333 0.0171875
0 0.4583333333333333 0.65 0.03194444444444444 0.021875
0 0.9069444444444444 0.64609375 0.03611111111111111 0.015625
0 0.3402777777777778 0.63359375 0.030555555555555555 0.02109375
0 0.425 0.63046875 0.019444444444444445 0.009375
0 0.49722222222222223 0.61328125 0.05416666666666667 0.0265625
0 0.42777777777777776 0.6 0.04861111111111111 0.0171875
0 0.9763888888888889 0.5890625 0.02361111111111111 0.02578125
0 0.44027777777777777 0.53984375 0.03888888888888889 0.01953125
0 0.48333333333333334 0.5109375 0.029166666666666667 0.01875
0 0.5208333333333334 0.50234375 0.05555555555555555 0.0265625
0 0.4736111111111111 0.478125 0.0375 0.025
0 0.9583333333333334 0.24921875 0.041666666666666664 0.03046875
