0 0.5527777777777778 0.775 0.04027777777777778 0.034375
0 0.7375 0.75703125 0.07222222222222222 0.021875
0 0.12361111111111112 0.69375 0.03611111111111111 0.01484375
0 0.30416666666666664 0.68828125 0.06388888888888888 0.03515625
0 0.425 0.67421875 0.04861111111111111 0.02578125
0 0.22083333333333333 0.63984375 0.020833333333333332 0.01640625
0 0.21805555555555556 0.60625 0.02638888888888889 0.015625
0 0.6861111111111111 0.59921875 0.04861111111111111 0.03359375
0 0.4 0.5953125 0.041666666666666664 0.01796875
0 0.6180555555555556 0.534375 0.04722222222222222 0.025
0 0.9472222222222222 0.51484375 0.05138888888888889 0.025
0 0.6638888888888889 0.50703125 0.05 0.02265625
0 0.5527777777777778 0.490625 0.043055555555555555 0.021875
0 0.7388888888888889 0.459375 0.041666666666666664 0.02265625
0 0.5763888888888888 0.4578125 0.06527777777777778 0.03515625
0 0.4097222222222222 0.44296875 0.05694444444444444 0.0296875
0 0.6027777777777777 0.4140625 0.13194444444444445 0.065625
0 0.3597222222222222 0.39609375 0.07083333333333333 0.021875
0 0.5291666666666667 0.35546875 0.0375 0.021875
0 0.6611111111111111 0.3453125 0.05416666666666667 0.0203125
0 0.55 0.3234375 0.10555555555555556 0.0359375
0 0.6069444444444444 0.2921875 0.029166666666666667 0.0125
0 0.5097222222222222 0.27421875 0.05 0.02734375
0 0.4583333333333333 0.209375 0.07916666666666666 0.0546875
0 0.55 0.18671875 0.0625 0.03515625
0 0.5986111111111111 0.165625 0.08194444444444444 0.03125
0 0.6125 0.13203125 0.04722222222222222 0.03046875
0 0.5958333333333333 0.11640625 0.04583333333333333 0.01328125
