0 0.9208333333333333 0.97734375 0.04861111111111111 0.02265625
0 0.13472222222222222 0.93359375 0.05416666666666667 0.03046875
0 0.7 0.9265625 0.034722222222222224 0.02734375
0 0.5861111111111111 0.89765625 0.08888888888888889 0.03046875
0 0.5416666666666666 0.86640625 0.04027777777777778 0.034375
0 0.3680555555555556 0.85859375 0.02638888888888889 0.02109375
0 0.4375 0.8546875 0.04861111111111111 0.01953125
0 0.18333333333333332 0.81875 0.05416666666666667 0.0296875
0 0.4041666666666667 0.81796875 0.05555555555555555 0.0328125
0 0.5875 0.80703125 0.025 0.009375
0 0.5097222222222222 0.8015625 0.1 0.06953125
0 0.3347222222222222 0.78515625 0.05277777777777778 0.03515625
0 0.7361111111111112 0.75703125 0.03333333333333333 0.01875
0 0.6222222222222222 0.7515625 0.044444444444444446 0.03203125
0 0.4444444444444444 0.73671875 0.043055555555555555 0.021875
0 0.5444444444444444 0.69453125 0.058333333333333334 0.03125
0 0.39861111111111114 0.68515625 0.058333333333333334 0.04921875
0 0.4652777777777778 0.67734375 0.04583333333333333 0.01875
0 0.4166666666666667 0.66328125 0.04861111111111111 0.025
0 0.42916666666666664 0.6328125 0.05 0.01875
0 0.6638888888888889 0.63046875 0.0875 0.0296875
0 0.5930555555555556 0.62265625 0.05416666666666667 0.03359375
0 0.30416666666666664 0.52109375 0.07777777777777778 0.0328125
0 0.33611111111111114 0.4921875 0.027777777777777776 0.02265625
0 0.3388888888888889 0.42421875 0.04722222222222222 0.025
0 0.48055555555555557 0.37265625 0.05277777777777778 0.02734375
0 0.39861111111111114 0.36875 0.07083333333333333 0.021875
0 0.38472222222222224 0.35390625 0.030555555555555555 0.015625
0 0.41805555555555557 0.340625 0.04583333333333333 0.0234375
