0 0.4527777777777778 0.9546875 0.06666666666666667 0.0359375
0 0.6694444444444444 0.91640625 0.07083333333333333 0.04765625
0 0.28194444444444444 0.84765625 0.059722222222222225 0.03515625
0 0.09166666666666666 0.8390625 0.041666666666666664 0.02109375
0 0.4263888888888889 0.8359375 0.05277777777777778 0.0234375
0 0.6333333333333333 0.7546875 0.05694444444444444 0.0375
0 0.2625 0.74375 0.06111111111111111 0.02109375
0 0.4125 0.740625 0.030555555555555555 0.01796875
0 0.5736111111111111 0.67890625 0.06111111111111111 0.0296875
0 0.9777777777777777 0.66640625 0.020833333333333332 0.01640625
0 0.6125 0.64921875 0.05 0.03046875
0 0.5722222222222222 0.64296875 0.03611111111111111 0.021875
0 0.48055555555555557 0.6328125 0.03888888888888889 0.02265625
0 0.6972222222222222 0.6046875 0.03888888888888889 0.01796875
0 0.6430555555555556 0.6 0.043055555555555555 0.0203125
0 0.3625 0.58828125 0.04027777777777778 0.0203125
0 0.4166666666666667 0.58203125 0.04583333333333333 0.0140625
0 0.4986111111111111 0.57109375 0.16111111111111112 0.06171875
0 0.5277777777777778 0.5515625 0.06805555555555555 0.03671875
0 0.325 0.53359375 0.04583333333333333 0.03046875
0 0.6041666666666666 0.478125 0.05277777777777778 0.02734375
0 0.7361111111111112 0.471875 0.020833333333333332 0.0203125
0 0.6930555555555555 0.471875 0.043055555555555555 0.025
0 0.48333333333333334 0.45390625 0.10833333333333334 0.0421875
0 0.6666666666666666 0.4 0.05138888888888889 0.03046875
0 0.48333333333333334 0.3796875 0.02361111111111111 0.0203125
0 0.3902777777777778 0.35 0.07777777777777778 0.0484375
0 0.4847222222222222 0.321875 0.0625 0.0375
0 0.55 0.3140625 0.02361111111111111 0.0140625
0 0.6430555555555556 0.29921875 0.030555555555555555 0.02421875
0 0.5861111111111111 0.29375 0.015277777777777777 0.0109375
0 0.6416666666666667 0.27734375 0.02638888888888889 0.01328125
0 0.5708333333333333 0.24765625 0.0375 0.01875
0 0.4513888888888889 0.1203125 0.1361111111111111 0.0515625
0 0.4222222222222222 0.1046875 0.044444444444444446 0.0265625
0 0.5208333333333334 0.01328125 0.05 0.03125
