0 0.5319444444444444 0.678125 0.06666666666666667 0.04765625
0 0.45416666666666666 0.671875 0.06388888888888888 0.0375
0 0.4152777777777778 0.671875 0.034722222222222224 0.01953125
0 0.5791666666666667 0.66875 0.019444444444444445 0.0140625
0 0.030555555555555555 0.65078125 0.04722222222222222 0.03125
0 0.14166666666666666 0.60703125 0.011111111111111112 0.01328125
0 0.5333333333333333 0.60625 0.041666666666666664 0.02734375
0 0.004166666666666667 0.60625 0.05694444444444444 0.028125
0 0.6791666666666667 0.60234375 0.041666666666666664 0.02109375
0 0.17222222222222222 0.59765625 0.043055555555555555 0.025
0 0.8388888888888889 0.59140625 0.016666666666666666 0.01640625
0 0.725 0.58046875 0.03888888888888889 0.0203125
0 0.3625 0.57109375 0.07916666666666666 0.096875
0 0.6375 0.565625 0.0375 0.01796875
0 0.7944444444444444 0.55703125 0.019444444444444445 0.01171875
0 0.5458333333333333 0.55625 0.03888888888888889 0.0203125
0 0.7333333333333333 0.54609375 0.025 0.015625
0 0.5819444444444445 0.54140625 0.041666666666666664 0.01796875
0 0.7930555555555555 0.5328125 0.0375 0.01640625
0 0.19027777777777777 0.5234375 0.03194444444444444 0.02890625
0 0.8972222222222223 0.51484375 0.044444444444444446 0.01796875
0 0.6805555555555556 0.51484375 0.043055555555555555 0.025
0 0.0 0.503125 0.03333333333333333 0.02109375
0 0.6805555555555556 0.4890625 0.05138888888888889 0.02421875
0 0.4083333333333333 0.4875 0.0625 0.0625
0 0.7541666666666667 0.48515625 0.05 0.02109375
0 0.6027777777777777 0.47109375 0.0625 0.03125
0 0.6694444444444444 0.46328125 0.03194444444444444 0.02578125
0 0.02638888888888889 0.44609375 0.058333333333333334 0.03046875
0 0.4166666666666667 0.43203125 0.05694444444444444 0.03125
0 0.3611111111111111 0.4078125 0.044444444444444446 0.02890625
0 0.09166666666666666 0.4015625 0.04027777777777778 0.01640625
0 0.001388888888888889 0.39609375 0.04861111111111111 0.03125
0 0.30694444444444446 0.37890625 0.05416666666666667 0.0359375
0 0.7625 0.35 0.08194444444444444 0.03515625
0 0.1986111111111111 0.34609375 0.05416666666666667 0.03046875
0 0.25833333333333336 0.334375 0.03194444444444444 0.021875
0 0.3597222222222222 0.3296875 0.022222222222222223 0.0171875
0 0.9472222222222222 0.31328125 0.05 0.04140625
0 0.7388888888888889 0.30703125 0.03333333333333333 0.01015625
0 0.33055555555555555 0.30703125 0.03333333333333333 0.0171875
0 0.25277777777777777 0.30234375 0.08333333333333333 0.03671875
0 0.1125 0.29765625 0.022222222222222223 0.02265625
0 0.8722222222222222 0.29609375 0.03194444444444444 0.01796875
0 0.7736111111111111 0.2921875 0.034722222222222224 0.015625
0 0.30972222222222223 0.28203125 0.030555555555555555 0.01796875
0 0.9305555555555556 0.2671875 0.020833333333333332 0.0140625
0 0.04861111111111111 0.26484375 0.058333333333333334 0.034375
0 0.7694444444444445 0.2640625 0.027777777777777776 0.01171875
0 0.3277777777777778 0.2625 0.030555555555555555 0.01953125
0 0.7833333333333333 0.25 0.034722222222222224 0.0140625
0 0.05138888888888889 0.2171875 0.044444444444444446 0.03046875
0 0.8069444444444445 0.21015625 0.03611111111111111 0.01796875
0 0.3972222222222222 0.209375 0.0375 0.0234375
0 0.05555555555555555 0.1890625 0.04722222222222222 0.02890625
0 0.8611111111111112 0.1734375 0.1125 0.05546875
0 0.4708333333333333 0.171875 0.041666666666666664 0.02578125
0 0.25277777777777777 0.17109375 0.09444444444444444 0.05546875
0 0.3277777777777778 0.15390625 0.05 0.025
0 0.9416666666666667 0.146875 0.04861111111111111 0.01953125
0 0.9708333333333333 0.1328125 0.02638888888888889 0.01015625
0 0.2875 0.13046875 0.05 0.02109375
0 0.9222222222222223 0.11015625 0.05 0.03046875
0 0.19722222222222222 0.1078125 0.06527777777777778 0.02734375
0 0.10138888888888889 0.1078125 0.04722222222222222 0.034375
0 0.9819444444444444 0.096875 0.018055555555555554 0.0140625
0 0.17916666666666667 0.06875 0.08333333333333333 0.0296875
0 0.1 0.059375 0.07083333333333333 0.0296875
0 0.18055555555555555 0.03515625 0.05138888888888889 0.02421875
0 0.10833333333333334 0.00078125 0.04583333333333333 0.00859375
