0 0.02638888888888889 0.48046875 0.015277777777777777 0.01171875
0 0.001388888888888889 0.4671875 0.02361111111111111 0.0140625
0 0.6763888888888889 0.44765625 0.030555555555555555 0.0234375
0 0.7055555555555556 0.43828125 0.03194444444444444 0.01796875
0 0.0875 0.396875 0.04027777777777778 0.015625
0 0.5486111111111112 0.37890625 0.013888888888888888 0.015625
0 0.5986111111111111 0.36484375 0.03888888888888889 0.02265625
0 0.5694444444444444 0.35390625 0.03333333333333333 0.0203125
0 0.19722222222222222 0.33203125 0.043055555555555555 0.0203125
0 0.2152777777777778 0.31484375 0.030555555555555555 0.01796875
