0 0.4263888888888889 0.80234375 0.04861111111111111 0.02578125
0 0.09722222222222222 0.7203125 0.05 0.03046875
0 0.41388888888888886 0.70703125 0.05138888888888889 0.02265625
0 0.6694444444444444 0.6875 0.05277777777777778 0.021875
0 0.4513888888888889 0.67421875 0.06388888888888888 0.05546875
0 0.49444444444444446 0.6671875 0.04861111111111111 0.025
0 0.42777777777777776 0.64375 0.0375 0.02734375
0 0.7208333333333333 0.63828125 0.04861111111111111 0.03828125
0 0.6486111111111111 0.6359375 0.05277777777777778 0.02421875
0 0.1125 0.6171875 0.02638888888888889 0.01015625
0 0.7013888888888888 0.60859375 0.05555555555555555 0.025
0 0.07361111111111111 0.60703125 0.027777777777777776 0.02109375
0 0.7888888888888889 0.596875 0.05277777777777778 0.02109375
0 0.6277777777777778 0.5921875 0.09444444444444444 0.03828125
0 0.36944444444444446 0.58203125 0.04583333333333333 0.03359375
0 0.5833333333333334 0.57421875 0.03194444444444444 0.01328125
0 0.6236111111111111 0.57265625 0.04722222222222222 0.025
0 0.5472222222222223 0.5453125 0.03333333333333333 0.02421875
0 0.20416666666666666 0.534375 0.05138888888888889 0.03125
0 0.9208333333333333 0.51015625 0.043055555555555555 0.01640625
0 0.6722222222222223 0.50859375 0.11666666666666667 0.0421875
0 0.5194444444444445 0.496875 0.06944444444444445 0.03515625
0 0.4388888888888889 0.48828125 0.05138888888888889 0.03125
0 0.15833333333333333 0.459375 0.05416666666666667 0.03125
0 0.5125 0.4484375 0.027777777777777776 0.0140625
0 0.42916666666666664 0.4453125 0.044444444444444446 0.025
0 0.41805555555555557 0.41640625 0.022222222222222223 0.009375
0 0.5388888888888889 0.3984375 0.022222222222222223 0.0125
0 0.42083333333333334 0.24921875 0.05694444444444444 0.0328125
