0 0.005555555555555556 0.84453125 0.044444444444444446 0.03828125
0 0.9458333333333333 0.81484375 0.05277777777777778 0.03125
0 0.36666666666666664 0.80390625 0.05555555555555555 0.025
0 0.09444444444444444 0.80234375 0.034722222222222224 0.03046875
0 0.9708333333333333 0.78125 0.029166666666666667 0.03359375
0 0.6055555555555555 0.778125 0.07916666666666666 0.04140625
0 0.1111111111111111 0.76171875 0.03611111111111111 0.02265625
0 0.009722222222222222 0.73515625 0.07777777777777778 0.0296875
0 0.6944444444444444 0.71953125 0.03333333333333333 0.021875
0 0.001388888888888889 0.7109375 0.009722222222222222 0.01484375
0 0.8194444444444444 0.70625 0.05277777777777778 0.0265625
0 0.9541666666666667 0.68671875 0.043055555555555555 0.03046875
0 0.08611111111111111 0.684375 0.05277777777777778 0.01796875
0 0.75 0.68125 0.05555555555555555 0.02265625
0 0.2111111111111111 0.66171875 0.041666666666666664 0.0234375
0 0.5888888888888889 0.65390625 0.04583333333333333 0.028125
0 0.6208333333333333 0.6390625 0.043055555555555555 0.02265625
0 0.8319444444444445 0.62109375 0.05416666666666667 0.03203125
0 0.18472222222222223 0.60234375 0.022222222222222223 0.01875
0 0.016666666666666666 0.60078125 0.04027777777777778 0.028125
0 0.08194444444444444 0.6 0.034722222222222224 0.0171875
0 0.5527777777777778 0.58359375 0.027777777777777776 0.02421875
0 0.6652777777777777 0.57109375 0.08194444444444444 0.05859375
0 0.0875 0.56953125 0.04722222222222222 0.02421875
0 0.13333333333333333 0.5546875 0.04027777777777778 0.02578125
0 0.9444444444444444 0.546875 0.05555555555555555 0.034375
0 0.001388888888888889 0.54296875 0.0375 0.03203125
0 0.7625 0.53671875 0.044444444444444446 0.0296875
0 0.6125 0.5171875 0.05277777777777778 0.028125
0 0.17777777777777778 0.5046875 0.020833333333333332 0.02109375
0 0.6583333333333333 0.49765625 0.05555555555555555 0.02890625
0 0.2222222222222222 0.4859375 0.04861111111111111 0.01875
0 0.7291666666666666 0.48046875 0.05277777777777778 0.0234375
0 0.020833333333333332 0.4703125 0.05694444444444444 0.034375
0 0.9791666666666666 0.43671875 0.019444444444444445 0.028125
0 0.8708333333333333 0.434375 0.044444444444444446 0.0203125
0 0.775 0.4203125 0.025 0.0140625
0 0.9236111111111112 0.40859375 0.02361111111111111 0.0125
0 0.8736111111111111 0.39921875 0.03333333333333333 0.021875
0 0.8625 0.38125 0.03333333333333333 0.01796875
0 0.975 0.37578125 0.025 0.0234375
0 0.05416666666666667 0.328125 0.06388888888888888 0.03125
0 0.7986111111111112 0.315625 0.03888888888888889 0.00859375
0 0.8708333333333333 0.29140625 0.043055555555555555 0.01875
0 0.7291666666666666 0.28203125 0.04722222222222222 0.02265625
0 0.8138888888888889 0.278125 0.05277777777777778 0.0265625
0 0.7541666666666667 0.2328125 0.0763888888888889 0.03125
0 0.002777777777777778 0.2109375 0.009722222222222222 0.015625
0 0.8611111111111112 0.1984375 0.041666666666666664 0.025
0 0.8458333333333333 0.1703125 0.03333333333333333 0.02109375
0 0.8097222222222222 0.11484375 0.03611111111111111 0.03125
