0 0.24722222222222223 0.92265625 0.06805555555555555 0.04296875
0 0.05 0.87578125 0.11388888888888889 0.03984375
0 0.20972222222222223 0.8703125 0.059722222222222225 0.0328125
0 0.001388888888888889 0.86953125 0.04027777777777778 0.0296875
0 0.04583333333333333 0.8375 0.02638888888888889 0.0203125
0 0.3194444444444444 0.83046875 0.05555555555555555 0.02890625
0 0.9180555555555555 0.8109375 0.05277777777777778 0.02109375
0 0.4236111111111111 0.77734375 0.06111111111111111 0.03828125
0 0.8333333333333334 0.765625 0.018055555555555554 0.01796875
0 0.6861111111111111 0.7625 0.05 0.02734375
0 0.9 0.76171875 0.05416666666666667 0.02890625
0 0.9694444444444444 0.75234375 0.030555555555555555 0.03125
0 0.6069444444444444 0.74765625 0.05416666666666667 0.02421875
0 0.8180555555555555 0.74140625 0.025 0.0265625
0 0.9694444444444444 0.69921875 0.030555555555555555 0.034375
0 0.48333333333333334 0.68984375 0.05694444444444444 0.021875
0 0.5541666666666667 0.65859375 0.05416666666666667 0.03828125
0 0.002777777777777778 0.621875 0.02361111111111111 0.02421875
0 0.24027777777777778 0.59921875 0.10833333333333334 0.0453125
0 0.19027777777777777 0.59609375 0.059722222222222225 0.03203125
0 0.4722222222222222 0.59375 0.05277777777777778 0.0265625
0 0.24166666666666667 0.58125 0.058333333333333334 0.02734375
0 0.9388888888888889 0.5640625 0.04027777777777778 0.0265625
0 0.26805555555555555 0.5515625 0.058333333333333334 0.03125
0 0.5861111111111111 0.54609375 0.05138888888888889 0.03046875
0 0.001388888888888889 0.54609375 0.03333333333333333 0.03203125
0 0.6708333333333333 0.54140625 0.03194444444444444 0.01796875
0 0.8513888888888889 0.52578125 0.05138888888888889 0.02421875
0 0.2569444444444444 0.521875 0.05694444444444444 0.028125
0 0.43194444444444446 0.51484375 0.05555555555555555 0.02421875
0 0.3111111111111111 0.50546875 0.13055555555555556 0.0484375
0 0.6958333333333333 0.5046875 0.07361111111111111 0.04375
0 0.6972222222222222 0.46015625 0.058333333333333334 0.0203125
0 0.5138888888888888 0.45390625 0.022222222222222223 0.01953125
0 0.2708333333333333 0.4515625 0.04027777777777778 0.0296875
0 0.6708333333333333 0.434375 0.03611111111111111 0.01796875
0 0.3055555555555556 0.4296875 0.03194444444444444 0.0234375
0 0.001388888888888889 0.415625 0.02638888888888889 0.03203125
0 0.1625 0.4140625 0.029166666666666667 0.01484375
0 0.6986111111111111 0.4125 0.04722222222222222 0.03046875
0 0.4166666666666667 0.4078125 0.05555555555555555 0.025
0 0.18333333333333332 0.4 0.03611111111111111 0.0203125
0 0.9597222222222223 0.3828125 0.04027777777777778 0.03203125
0 0.4736111111111111 0.38046875 0.05138888888888889 0.02734375
0 0.8388888888888889 0.3796875 0.1111111111111111 0.05078125
0 0.7680555555555556 0.36953125 0.044444444444444446 0.0265625
0 0.39861111111111114 0.35625 0.0625 0.0296875
0 0.8319444444444445 0.3546875 0.04722222222222222 0.0328125
0 0.28055555555555556 0.35390625 0.08333333333333333 0.03203125
0 0.6652777777777777 0.3484375 0.058333333333333334 0.021875
0 0.7916666666666666 0.346875 0.03888888888888889 0.01640625
0 0.35138888888888886 0.34609375 0.034722222222222224 0.015625
0 0.5527777777777778 0.334375 0.06944444444444445 0.0390625
0 0.6263888888888889 0.3328125 0.03333333333333333 0.03828125
0 0.7 0.31796875 0.044444444444444446 0.03046875
0 0.7805555555555556 0.2625 0.20277777777777778 0.06015625
0 0.7013888888888888 0.2546875 0.04583333333333333 0.02421875
0 0.6388888888888888 0.2515625 0.04861111111111111 0.0296875
0 0.75 0.23671875 0.041666666666666664 0.034375
0 0.39166666666666666 0.225 0.1 0.059375
0 0.5805555555555556 0.19375 0.05138888888888889 0.0296875
0 0.35138888888888886 0.1546875 0.08472222222222223 0.07734375
0 0.4513888888888889 0.153125 0.05277777777777778 0.034375
0 0.7875 0.14921875 0.06666666666666667 0.0328125
0 0.5861111111111111 0.14375 0.04583333333333333 0.02578125
0 0.48333333333333334 0.12109375 0.06805555555555555 0.02734375
0 0.65 0.11484375 0.09027777777777778 0.03828125
0 0.41805555555555557 0.10625 0.030555555555555555 0.02265625
0 0.49027777777777776 0.0765625 0.0375 0.01953125
0 0.41944444444444445 0.06484375 0.04027777777777778 0.01953125
0 0.37777777777777777 0.02734375 0.058333333333333334 0.03125
0 0.5722222222222222 0.0234375 0.2611111111111111 0.1109375
0 0.43194444444444446 0.0015625 0.06111111111111111 0.0203125
0 0.8611111111111112 0.00078125 0.08194444444444444 0.04296875
