0 0.5763888888888888 0.67890625 0.059722222222222225 0.0234375
0 0.7055555555555556 0.63671875 0.1 0.06015625
0 0.23194444444444445 0.60234375 0.04027777777777778 0.01171875
0 0.27361111111111114 0.5734375 0.05138888888888889 0.053125
0 0.9444444444444444 0.53203125 0.05416666666666667 0.02578125
0 0.7027777777777777 0.5125 0.03888888888888889 0.02109375
0 0.6569444444444444 0.50625 0.04027777777777778 0.025
0 0.8583333333333333 0.49921875 0.013888888888888888 0.00703125
0 0.9138888888888889 0.496875 0.05416666666666667 0.01640625
0 0.9569444444444445 0.47890625 0.041666666666666664 0.021875
0 0.7361111111111112 0.43828125 0.03888888888888889 0.02109375
0 0.9069444444444444 0.41328125 0.05555555555555555 0.03046875
0 0.7694444444444445 0.39921875 0.044444444444444446 0.025
0 0.14583333333333334 0.38984375 0.02361111111111111 0.00703125
0 0.9013888888888889 0.38203125 0.027777777777777776 0.015625
0 0.8180555555555555 0.36875 0.058333333333333334 0.03125
0 0.6041666666666666 0.34609375 0.025 0.01640625
0 0.9236111111111112 0.3296875 0.0763888888888889 0.03515625
0 0.9402777777777778 0.315625 0.05 0.0125
0 0.7180555555555556 0.27578125 0.02638888888888889 0.0140625
0 0.7819444444444444 0.25703125 0.043055555555555555 0.02109375
0 0.9222222222222223 0.2546875 0.075 0.04921875
0 0.7388888888888889 0.2421875 0.030555555555555555 0.01484375
0 0.8277777777777777 0.2375 0.044444444444444446 0.03046875
0 0.8194444444444444 0.2203125 0.016666666666666666 0.015625
0 0.8013888888888889 0.2203125 0.018055555555555554 0.0125
0 0.7486111111111111 0.16484375 0.043055555555555555 0.0203125
0 0.7555555555555555 0.14140625 0.125 0.07578125
0 0.9458333333333333 0.1390625 0.05416666666666667 0.02421875
0 0.925 0.11171875 0.05138888888888889 0.0203125
0 0.8555555555555555 0.0296875 0.022222222222222223 0.03515625
0 0.7722222222222223 0.00078125 0.043055555555555555 0.00859375
