0 0.19722222222222222 0.71328125 0.018055555555555554 0.01875
0 0.17083333333333334 0.65625 0.04722222222222222 0.02421875
0 0.20277777777777778 0.64609375 0.03194444444444444 0.0125
0 0.1486111111111111 0.61875 0.04583333333333333 0.03046875
0 0.8138888888888889 0.60625 0.034722222222222224 0.01875
0 0.18333333333333332 0.59765625 0.05 0.02265625
0 0.75 0.47421875 0.02361111111111111 0.01484375
0 0.2222222222222222 0.47421875 0.029166666666666667 0.0140625
0 0.2222222222222222 0.44765625 0.029166666666666667 0.02578125
0 0.8097222222222222 0.41328125 0.03888888888888889 0.0203125
