0 0.4236111111111111 0.69453125 0.04027777777777778 0.0125
0 0.9666666666666667 0.63359375 0.02361111111111111 0.0171875
0 0.5555555555555556 0.63125 0.016666666666666666 0.01875
0 0.8583333333333333 0.6296875 0.016666666666666666 0.01484375
0 0.7125 0.615625 0.02638888888888889 0.0203125
0 0.19583333333333333 0.615625 0.043055555555555555 0.02421875
0 0.8319444444444445 0.6078125 0.04861111111111111 0.01484375
0 0.7722222222222223 0.58671875 0.041666666666666664 0.01328125
0 0.7333333333333333 0.578125 0.015277777777777777 0.009375
0 0.16666666666666666 0.56484375 0.08611111111111111 0.0390625
0 0.8125 0.51328125 0.03194444444444444 0.01484375
0 0.17777777777777778 0.5109375 0.03194444444444444 0.01484375
0 0.20555555555555555 0.509375 0.05555555555555555 0.01875
0 0.8833333333333333 0.50234375 0.016666666666666666 0.00859375
0 0.005555555555555556 0.49375 0.034722222222222224 0.03828125
0 0.9611111111111111 0.48828125 0.02638888888888889 0.01171875
0 0.011111111111111112 0.46171875 0.03333333333333333 0.02890625
0 0.23055555555555557 0.4203125 0.0375 0.01953125
0 0.40555555555555556 0.40859375 0.044444444444444446 0.0234375
0 0.07083333333333333 0.40859375 0.029166666666666667 0.0171875
0 0.1375 0.40703125 0.03194444444444444 0.02109375
0 0.4583333333333333 0.396875 0.022222222222222223 0.0109375
0 0.21666666666666667 0.38671875 0.041666666666666664 0.02421875
0 0.6125 0.38125 0.03888888888888889 0.02578125
0 0.55 0.36875 0.03194444444444444 0.01328125
0 0.5180555555555556 0.35390625 0.029166666666666667 0.0234375
0 0.5638888888888889 0.34921875 0.030555555555555555 0.01953125
0 0.18888888888888888 0.31484375 0.06805555555555555 0.02265625
0 0.49444444444444446 0.30546875 0.029166666666666667 0.0171875
0 0.46944444444444444 0.2796875 0.018055555555555554 0.01015625
0 0.3958333333333333 0.1484375 0.04722222222222222 0.0265625
