0 0.5833333333333334 0.915625 0.03333333333333333 0.02421875
0 0.5541666666666667 0.90859375 0.025 0.0203125
0 0.4 0.89140625 0.09166666666666666 0.06015625
0 0.9333333333333333 0.88671875 0.027777777777777776 0.02109375
0 0.8152777777777778 0.878125 0.06944444444444445 0.040625
0 0.5388888888888889 0.81953125 0.05 0.0265625
0 0.004166666666666667 0.81953125 0.0625 0.0296875
0 0.4625 0.80078125 0.05277777777777778 0.02109375
0 0.2569444444444444 0.74921875 0.030555555555555555 0.01875
0 0.37222222222222223 0.74609375 0.03611111111111111 0.0171875
0 0.04722222222222222 0.71640625 0.058333333333333334 0.02421875
0 0.3472222222222222 0.684375 0.10138888888888889 0.06015625
0 0.20277777777777778 0.67421875 0.059722222222222225 0.03515625
0 0.6097222222222223 0.65 0.03333333333333333 0.021875
0 0.4597222222222222 0.64921875 0.041666666666666664 0.03046875
0 0.48194444444444445 0.61796875 0.03333333333333333 0.015625
0 0.30694444444444446 0.59921875 0.08194444444444444 0.05078125
0 0.525 0.5953125 0.044444444444444446 0.03828125
0 0.40694444444444444 0.58671875 0.05694444444444444 0.0296875
0 0.3402777777777778 0.5609375 0.05277777777777778 0.0234375
0 0.5541666666666667 0.54296875 0.04583333333333333 0.0203125
0 0.6097222222222223 0.53046875 0.041666666666666664 0.015625
0 0.4527777777777778 0.51171875 0.06388888888888888 0.03828125
0 0.21666666666666667 0.42109375 0.05694444444444444 0.02421875
0 0.24166666666666667 0.38203125 0.0125 0.01796875
0 0.20694444444444443 0.30078125 0.05277777777777778 0.03046875
0 0.3736111111111111 0.24921875 0.05277777777777778 0.02734375
0 0.31805555555555554 0.24375 0.05138888888888889 0.02734375
0 0.3263888888888889 0.2140625 0.04861111111111111 0.02265625
