0 0.16805555555555557 0.85859375 0.05138888888888889 0.03828125
0 0.2986111111111111 0.85078125 0.029166666666666667 0.0203125
0 0.06666666666666667 0.8484375 0.013888888888888888 0.01875
0 0.875 0.79765625 0.059722222222222225 0.03125
0 0.05555555555555555 0.78671875 0.041666666666666664 0.021875
0 0.225 0.78046875 0.03611111111111111 0.025
0 0.14027777777777778 0.74765625 0.05277777777777778 0.0296875
0 0.8222222222222222 0.7453125 0.05694444444444444 0.03515625
0 0.1375 0.6828125 0.05416666666666667 0.02578125
0 0.4875 0.671875 0.044444444444444446 0.025
0 0.10972222222222222 0.65546875 0.019444444444444445 0.01953125
0 0.0763888888888889 0.6234375 0.05416666666666667 0.02890625
0 0.6527777777777778 0.62265625 0.14166666666666666 0.05234375
0 0.4263888888888889 0.61015625 0.07916666666666666 0.02734375
0 0.5444444444444444 0.596875 0.05555555555555555 0.0375
0 0.4875 0.58984375 0.03888888888888889 0.0203125
0 0.08333333333333333 0.57734375 0.03611111111111111 0.0234375
0 0.39305555555555555 0.5609375 0.02361111111111111 0.01484375
0 0.6861111111111111 0.559375 0.03888888888888889 0.0171875
0 0.5569444444444445 0.5578125 0.08194444444444444 0.03046875
0 0.8138888888888889 0.55078125 0.03333333333333333 0.025
0 0.7277777777777777 0.5203125 0.03611111111111111 0.02265625
0 0.5277777777777778 0.5171875 0.03194444444444444 0.01640625
0 0.7708333333333334 0.50625 0.09305555555555556 0.040625
0 0.3625 0.48515625 0.016666666666666666 0.01640625
0 0.6277777777777778 0.484375 0.07777777777777778 0.05625
0 0.5208333333333334 0.47421875 0.04722222222222222 0.02890625
0 0.5347222222222222 0.4296875 0.06111111111111111 0.0265625
0 0.6527777777777778 0.425 0.08611111111111111 0.028125
0 0.001388888888888889 0.41328125 0.04583333333333333 0.0265625
0 0.5972222222222222 0.340625 0.025 0.0140625
0 0.7861111111111111 0.31796875 0.08611111111111111 0.0375
0 0.6486111111111111 0.2953125 0.05 0.02734375
0 0.7833333333333333 0.28828125 0.03611111111111111 0.01875
0 0.02638888888888889 0.28671875 0.06111111111111111 0.03671875
0 0.5611111111111111 0.2609375 0.07777777777777778 0.0453125
0 0.5375 0.2453125 0.034722222222222224 0.01640625
0 0.7305555555555555 0.22109375 0.04027777777777778 0.0265625
0 0.6069444444444444 0.2109375 0.04722222222222222 0.01171875
0 0.5861111111111111 0.18046875 0.04722222222222222 0.025
0 0.7222222222222222 0.14609375 0.1111111111111111 0.03828125
0 0.7166666666666667 0.12109375 0.10694444444444444 0.02734375
