0 0.10416666666666667 0.684375 0.04722222222222222 0.02578125
0 0.030555555555555555 0.65 0.027777777777777776 0.01484375
0 0.20694444444444443 0.6484375 0.015277777777777777 0.01640625
0 0.33194444444444443 0.646875 0.016666666666666666 0.015625
0 0.1638888888888889 0.64375 0.030555555555555555 0.021875
0 0.05555555555555555 0.6328125 0.04861111111111111 0.028125
0 0.18055555555555555 0.615625 0.029166666666666667 0.01875
0 0.06944444444444445 0.609375 0.04583333333333333 0.021875
0 0.2152777777777778 0.6015625 0.025 0.015625
0 0.6236111111111111 0.58828125 0.027777777777777776 0.01640625
0 0.2916666666666667 0.58515625 0.030555555555555555 0.0171875
0 0.9194444444444444 0.57421875 0.030555555555555555 0.021875
0 0.14166666666666666 0.565625 0.05 0.028125
0 0.029166666666666667 0.55859375 0.043055555555555555 0.025
0 0.6055555555555555 0.5546875 0.02361111111111111 0.01484375
0 0.7222222222222222 0.55078125 0.030555555555555555 0.01171875
0 0.2152777777777778 0.54375 0.034722222222222224 0.0203125
0 0.08194444444444444 0.540625 0.027777777777777776 0.0078125
0 0.4722222222222222 0.53515625 0.029166666666666667 0.01796875
0 0.37916666666666665 0.53203125 0.04861111111111111 0.0265625
0 0.5055555555555555 0.525 0.05138888888888889 0.0234375
0 0.30972222222222223 0.5234375 0.016666666666666666 0.01015625
0 0.5972222222222222 0.521875 0.05694444444444444 0.01796875
0 0.8305555555555556 0.5171875 0.10555555555555556 0.0546875
0 0.6833333333333333 0.50859375 0.030555555555555555 0.01328125
0 0.26805555555555555 0.50546875 0.04722222222222222 0.02578125
0 0.15555555555555556 0.5015625 0.043055555555555555 0.0234375
0 0.21805555555555556 0.50078125 0.019444444444444445 0.01484375
0 0.3333333333333333 0.49921875 0.022222222222222223 0.0109375
0 0.09305555555555556 0.4984375 0.03888888888888889 0.021875
0 0.2361111111111111 0.47578125 0.03194444444444444 0.02421875
0 0.43333333333333335 0.46640625 0.043055555555555555 0.021875
0 0.002777777777777778 0.44453125 0.015277777777777777 0.0109375
0 0.9277777777777778 0.43671875 0.059722222222222225 0.03203125
0 0.8194444444444444 0.43671875 0.02638888888888889 0.01484375
0 0.20555555555555555 0.43671875 0.022222222222222223 0.01328125
0 0.7597222222222222 0.4296875 0.05694444444444444 0.04453125
0 0.6930555555555555 0.42109375 0.03611111111111111 0.0203125
0 0.25 0.41953125 0.02361111111111111 0.0109375
0 0.825 0.41171875 0.08055555555555556 0.03984375
0 0.09166666666666666 0.3984375 0.016666666666666666 0.01015625
0 0.06805555555555555 0.38984375 0.019444444444444445 0.01171875
0 0.8611111111111112 0.3890625 0.0375 0.01015625
0 0.029166666666666667 0.38515625 0.018055555555555554 0.01171875
0 0.9611111111111111 0.38125 0.0375 0.02265625
0 0.9152777777777777 0.37890625 0.020833333333333332 0.01015625
0 0.39444444444444443 0.375 0.020833333333333332 0.01171875
0 0.4986111111111111 0.35703125 0.016666666666666666 0.01484375
0 0.4527777777777778 0.35703125 0.04027777777777778 0.01484375
0 0.5777777777777777 0.35234375 0.059722222222222225 0.0375
0 0.7111111111111111 0.3515625 0.03611111111111111 0.02578125
0 0.9402777777777778 0.3390625 0.044444444444444446 0.021875
0 0.35694444444444445 0.3390625 0.04583333333333333 0.01953125
0 0.44027777777777777 0.33046875 0.030555555555555555 0.02734375
0 0.2791666666666667 0.3296875 0.015277777777777777 0.01328125
0 0.6763888888888889 0.315625 0.03194444444444444 0.01875
0 0.30277777777777776 0.315625 0.058333333333333334 0.02265625
0 0.4708333333333333 0.3046875 0.06388888888888888 0.0453125
0 0.7180555555555556 0.29921875 0.03333333333333333 0.015625
0 0.3194444444444444 0.29296875 0.020833333333333332 0.01484375
0 0.05138888888888889 0.2859375 0.04861111111111111 0.015625
0 0.18888888888888888 0.2765625 0.030555555555555555 0.01484375
0 0.0 0.275 0.027777777777777776 0.0171875
0 0.1361111111111111 0.2703125 0.029166666666666667 0.01328125
0 0.5055555555555555 0.26875 0.06111111111111111 0.0375
0 0.23055555555555557 0.26015625 0.03194444444444444 0.01875
0 0.2013888888888889 0.25703125 0.02361111111111111 0.01171875
0 0.25972222222222224 0.25078125 0.025 0.02109375
0 0.15416666666666667 0.2421875 0.027777777777777776 0.02109375
0 0.45555555555555555 0.240625 0.0625 0.0375
0 0.04027777777777778 0.2328125 0.018055555555555554 0.01640625
0 0.26805555555555555 0.2296875 0.025 0.01640625
0 0.08888888888888889 0.2265625 0.025 0.01875
0 0.2013888888888889 0.22578125 0.06111111111111111 0.03359375
0 0.2972222222222222 0.209375 0.041666666666666664 0.02890625
0 0.0 0.20234375 0.034722222222222224 0.02421875
0 0.059722222222222225 0.19296875 0.03888888888888889 0.01875
0 0.975 0.09140625 0.020833333333333332 0.01484375
0 0.9083333333333333 0.08515625 0.06527777777777778 0.028125
