0 0.001388888888888889 0.49609375 0.029166666666666667 0.0234375
0 0.025 0.45625 0.027777777777777776 0.01875
0 0.2861111111111111 0.44765625 0.02361111111111111 0.01953125
0 0.009722222222222222 0.43671875 0.0125 0.01875
0 0.425 0.41328125 0.016666666666666666 0.01015625
0 0.24166666666666667 0.40390625 0.02638888888888889 0.0140625
0 0.4444444444444444 0.3796875 0.018055555555555554 0.01015625
0 0.09722222222222222 0.37578125 0.022222222222222223 0.01171875
0 0.3 0.35234375 0.02638888888888889 0.01015625
0 0.20694444444444443 0.35078125 0.029166666666666667 0.015625
0 0.1736111111111111 0.3453125 0.029166666666666667 0.0140625
0 0.11527777777777778 0.33125 0.019444444444444445 0.0109375
0 0.1597222222222222 0.328125 0.02361111111111111 0.0140625
0 0.2152777777777778 0.3265625 0.030555555555555555 0.01796875
0 0.14027777777777778 0.3078125 0.02638888888888889 0.01328125
0 0.2 0.29609375 0.016666666666666666 0.0109375
0 0.08888888888888889 0.26953125 0.025 0.01015625
0 0.10972222222222222 0.23203125 0.025 0.01484375
0 0.013888888888888888 0.21640625 0.03333333333333333 0.02109375
