0 0.5388888888888889 0.76796875 0.029166666666666667 0.02578125
0 0.5277777777777778 0.70234375 0.03611111111111111 0.025
0 0.3958333333333333 0.62578125 0.04583333333333333 0.03359375
0 0.33194444444444443 0.603125 0.03194444444444444 0.02109375
0 0.7055555555555556 0.58671875 0.04722222222222222 0.02578125
0 0.25555555555555554 0.584375 0.034722222222222224 0.01953125
0 0.3416666666666667 0.58046875 0.03611111111111111 0.01640625
0 0.5472222222222223 0.57109375 0.041666666666666664 0.01875
0 0.7652777777777777 0.5546875 0.027777777777777776 0.01171875
0 0.7958333333333333 0.5515625 0.043055555555555555 0.02265625
0 0.9319444444444445 0.54453125 0.018055555555555554 0.0203125
0 0.8486111111111111 0.5265625 0.06388888888888888 0.040625
0 0.6777777777777778 0.525 0.04027777777777778 0.01953125
0 0.6444444444444445 0.484375 0.05694444444444444 0.02265625
0 0.5194444444444445 0.4640625 0.05416666666666667 0.0421875
0 0.09444444444444444 0.45390625 0.03194444444444444 0.01953125
0 0.9763888888888889 0.45234375 0.022222222222222223 0.0171875
0 0.49444444444444446 0.43359375 0.05138888888888889 0.02265625
0 0.06666666666666667 0.4265625 0.0125 0.0125
0 0.5486111111111112 0.42578125 0.044444444444444446 0.01796875
0 0.019444444444444445 0.409375 0.03194444444444444 0.01015625
0 0.3736111111111111 0.37421875 0.03194444444444444 0.0125
0 0.025 0.37421875 0.08333333333333333 0.03046875
0 0.5625 0.37109375 0.05138888888888889 0.028125
0 0.4777777777777778 0.33359375 0.05277777777777778 0.0296875
0 0.5736111111111111 0.33046875 0.02638888888888889 0.01015625
0 0.15694444444444444 0.325 0.020833333333333332 0.01484375
0 0.06388888888888888 0.3140625 0.06944444444444445 0.0609375
0 0.1986111111111111 0.31171875 0.03611111111111111 0.0171875
0 0.5388888888888889 0.30234375 0.03888888888888889 0.02421875
0 0.4305555555555556 0.2984375 0.03194444444444444 0.01953125
0 0.3888888888888889 0.2796875 0.03611111111111111 0.02421875
0 0.15 0.27265625 0.05138888888888889 0.03828125
0 0.5069444444444444 0.22265625 0.03888888888888889 0.01875
0 0.16527777777777777 0.21875 0.06111111111111111 0.034375
0 0.25416666666666665 0.19921875 0.030555555555555555 0.0265625
0 0.125 0.19765625 0.034722222222222224 0.03359375
0 0.41388888888888886 0.19296875 0.04722222222222222 0.025
0 0.32222222222222224 0.18671875 0.041666666666666664 0.02265625
0 0.15416666666666667 0.12265625 0.04027777777777778 0.02734375
0 0.24166666666666667 0.1078125 0.029166666666666667 0.025
0 0.3902777777777778 0.096875 0.059722222222222225 0.028125
0 0.28055555555555556 0.0875 0.04583333333333333 0.03203125
0 0.36527777777777776 0.0765625 0.02361111111111111 0.0234375
0 0.19305555555555556 0.075 0.034722222222222224 0.03125
0 0.24027777777777778 0.04921875 0.03333333333333333 0.01640625
0 0.9722222222222222 0.04765625 0.027777777777777776 0.03125
0 0.9902777777777778 0.02578125 0.009722222222222222 0.01640625
0 0.8694444444444445 0.00546875 0.07361111111111111 0.0453125
0 0.19166666666666668 0.0015625 0.03194444444444444 0.01796875
0 0.3111111111111111 0.00078125 0.030555555555555555 0.00703125
