0 0.8875 0.71484375 0.0375 0.02890625
0 0.33055555555555555 0.6734375 0.05138888888888889 0.02578125
0 0.3611111111111111 0.6328125 0.09583333333333334 0.06328125
0 0.49027777777777776 0.59921875 0.041666666666666664 0.02109375
0 0.001388888888888889 0.55703125 0.06805555555555555 0.07265625
0 0.8708333333333333 0.5515625 0.02361111111111111 0.01171875
0 0.6597222222222222 0.53359375 0.05416666666666667 0.03125
0 0.3611111111111111 0.49921875 0.09166666666666666 0.0359375
0 0.6347222222222222 0.49453125 0.03611111111111111 0.025
0 0.7027777777777777 0.44765625 0.09861111111111111 0.04140625
0 0.46111111111111114 0.43046875 0.04027777777777778 0.03125
0 0.6194444444444445 0.4140625 0.04861111111111111 0.034375
0 0.7333333333333333 0.3953125 0.0375 0.02421875
0 0.7958333333333333 0.38828125 0.022222222222222223 0.01328125
0 0.47638888888888886 0.37890625 0.0625 0.04609375
0 0.5319444444444444 0.36953125 0.05555555555555555 0.0359375
0 0.6472222222222223 0.3484375 0.04722222222222222 0.0234375
0 0.3277777777777778 0.340625 0.034722222222222224 0.01953125
0 0.7027777777777777 0.33671875 0.10972222222222222 0.0421875
0 0.6847222222222222 0.31953125 0.022222222222222223 0.01328125
0 0.6625 0.28203125 0.029166666666666667 0.01171875
0 0.4527777777777778 0.2671875 0.05 0.025
0 0.43194444444444446 0.2484375 0.03333333333333333 0.01640625
0 0.475 0.2453125 0.03611111111111111 0.0171875
0 0.5208333333333334 0.24140625 0.08194444444444444 0.03984375
0 0.5347222222222222 0.2265625 0.044444444444444446 0.021875
0 0.7611111111111111 0.196875 0.044444444444444446 0.03125
0 0.7 0.14765625 0.04027777777777778 0.0265625
0 0.5013888888888889 0.14453125 0.11388888888888889 0.0796875
0 0.6638888888888889 0.1234375 0.03333333333333333 0.01640625
0 0.5916666666666667 0.03515625 0.05138888888888889 0.034375
