0 0.6513888888888889 0.7703125 0.029166666666666667 0.02578125
0 0.6402777777777777 0.709375 0.03194444444444444 0.01953125
0 0.49166666666666664 0.64609375 0.03888888888888889 0.0171875
0 0.49444444444444446 0.63046875 0.0375 0.01796875
0 0.35833333333333334 0.590625 0.022222222222222223 0.015625
0 0.022222222222222223 0.5875 0.06666666666666667 0.0328125
0 0.7805555555555556 0.58671875 0.044444444444444446 0.0234375
0 0.43472222222222223 0.5859375 0.041666666666666664 0.01328125
0 0.27361111111111114 0.57734375 0.03611111111111111 0.01796875
0 0.6388888888888888 0.571875 0.03611111111111111 0.0171875
0 0.8305555555555556 0.55078125 0.034722222222222224 0.015625
0 0.8722222222222222 0.54921875 0.03611111111111111 0.01875
0 0.9361111111111111 0.525 0.06388888888888888 0.0375
0 0.7305555555555555 0.478125 0.05 0.0265625
0 0.6013888888888889 0.47109375 0.05416666666666667 0.0375
0 0.19722222222222222 0.4640625 0.03194444444444444 0.01328125
0 0.9722222222222222 0.4421875 0.027777777777777776 0.01640625
0 0.9013888888888889 0.4359375 0.019444444444444445 0.01015625
0 0.5819444444444445 0.4265625 0.08888888888888889 0.03046875
0 0.11388888888888889 0.4171875 0.034722222222222224 0.0078125
0 0.5513888888888889 0.4046875 0.019444444444444445 0.009375
0 0.14444444444444443 0.38359375 0.05 0.0265625
0 0.11388888888888889 0.38125 0.029166666666666667 0.0171875
0 0.4513888888888889 0.3796875 0.03194444444444444 0.01484375
0 0.6486111111111111 0.37265625 0.04027777777777778 0.028125
0 0.8152777777777778 0.35234375 0.05 0.025
0 0.16111111111111112 0.346875 0.058333333333333334 0.03515625
0 0.5583333333333333 0.33359375 0.04722222222222222 0.02890625
0 0.6416666666666667 0.32421875 0.06388888888888888 0.02265625
0 0.16805555555555557 0.3203125 0.03194444444444444 0.02578125
0 0.28055555555555556 0.31640625 0.027777777777777776 0.01953125
0 0.6222222222222222 0.3046875 0.034722222222222224 0.0234375
0 0.5055555555555555 0.30078125 0.03194444444444444 0.01484375
0 0.75 0.296875 0.034722222222222224 0.01328125
0 0.22777777777777777 0.29140625 0.05 0.021875
0 0.46111111111111114 0.28359375 0.0375 0.02109375
0 0.22361111111111112 0.2765625 0.02638888888888889 0.0171875
0 0.2361111111111111 0.22578125 0.058333333333333334 0.03046875
0 0.5763888888888888 0.221875 0.04027777777777778 0.02421875
0 0.19444444444444445 0.2203125 0.03333333333333333 0.0171875
0 0.19305555555555556 0.2046875 0.02638888888888889 0.01484375
0 0.31527777777777777 0.2015625 0.03611111111111111 0.02265625
0 0.48055555555555557 0.19296875 0.041666666666666664 0.025
0 0.3875 0.1859375 0.04027777777777778 0.025
0 0.21388888888888888 0.125 0.0375 0.02578125
0 0.3194444444444444 0.11015625 0.025 0.02578125
0 0.45694444444444443 0.0984375 0.05138888888888889 0.0265625
0 0.3541666666666667 0.0796875 0.05 0.04375
0 0.25972222222222224 0.078125 0.03611111111111111 0.025
0 0.31666666666666665 0.0515625 0.027777777777777776 0.01484375
0 0.9416666666666667 0.0015625 0.058333333333333334 0.04375
0 0.25555555555555554 0.0015625 0.027777777777777776 0.01328125
