0 0.32916666666666666 0.709375 0.05694444444444444 0.03203125
0 0.5388888888888889 0.70546875 0.05555555555555555 0.015625
0 0.6 0.6828125 0.05138888888888889 0.040625
0 0.001388888888888889 0.65078125 0.03333333333333333 0.0203125
0 0.4152777777777778 0.64609375 0.03611111111111111 0.0171875
0 0.47638888888888886 0.6375 0.03194444444444444 0.01171875
0 0.0 0.62578125 0.03194444444444444 0.021875
0 0.6625 0.59609375 0.07222222222222222 0.01953125
0 0.5333333333333333 0.57421875 0.034722222222222224 0.0109375
0 0.3875 0.5640625 0.04722222222222222 0.02890625
0 0.8305555555555556 0.5453125 0.03611111111111111 0.02421875
0 0.4013888888888889 0.52109375 0.030555555555555555 0.0140625
0 0.11666666666666667 0.4359375 0.05138888888888889 0.015625
0 0.39861111111111114 0.4265625 0.0625 0.0265625
0 0.725 0.41796875 0.03333333333333333 0.02265625
0 0.2 0.4171875 0.044444444444444446 0.0234375
0 0.15416666666666667 0.4015625 0.025 0.021875
0 0.13055555555555556 0.375 0.04861111111111111 0.02265625
0 0.7958333333333333 0.328125 0.034722222222222224 0.01953125
0 0.38472222222222224 0.3234375 0.04861111111111111 0.02109375
0 0.44722222222222224 0.2 0.04861111111111111 0.03125
