0 0.8083333333333333 0.74296875 0.05138888888888889 0.021875
0 0.8055555555555556 0.69921875 0.04583333333333333 0.01953125
0 0.8861111111111111 0.69765625 0.05416666666666667 0.02890625
0 0.6569444444444444 0.6890625 0.05555555555555555 0.01875
0 0.2833333333333333 0.6484375 0.059722222222222225 0.0546875
0 0.5819444444444445 0.6390625 0.08611111111111111 0.0296875
0 0.3680555555555556 0.6125 0.04722222222222222 0.0265625
0 0.525 0.60859375 0.075 0.01484375
0 0.001388888888888889 0.584375 0.06111111111111111 0.034375
0 0.058333333333333334 0.5703125 0.06527777777777778 0.03828125
0 0.5277777777777778 0.553125 0.075 0.05
0 0.1638888888888889 0.55 0.02361111111111111 0.01640625
0 0.0 0.5421875 0.018055555555555554 0.02734375
0 0.6430555555555556 0.53984375 0.043055555555555555 0.03515625
0 0.4847222222222222 0.51875 0.044444444444444446 0.0125
0 0.4888888888888889 0.48359375 0.05277777777777778 0.0265625
0 0.9416666666666667 0.47890625 0.058333333333333334 0.040625
0 0.21666666666666667 0.4734375 0.04861111111111111 0.0390625
0 0.9555555555555556 0.4609375 0.03888888888888889 0.01484375
0 0.8513888888888889 0.4609375 0.03611111111111111 0.0265625
0 0.7583333333333333 0.4546875 0.04027777777777778 0.02734375
0 0.8055555555555556 0.45390625 0.03888888888888889 0.025
0 0.38472222222222224 0.440625 0.034722222222222224 0.0171875
0 0.21944444444444444 0.4375 0.034722222222222224 0.02109375
0 0.44305555555555554 0.43359375 0.0625 0.0234375
0 0.14444444444444443 0.42421875 0.019444444444444445 0.01796875
0 0.5944444444444444 0.4125 0.022222222222222223 0.0109375
0 0.6361111111111111 0.39765625 0.043055555555555555 0.02421875
0 0.03888888888888889 0.36953125 0.030555555555555555 0.01640625
0 0.6805555555555556 0.3609375 0.09166666666666666 0.04296875
0 0.5666666666666667 0.35625 0.044444444444444446 0.02265625
0 0.6416666666666667 0.35 0.041666666666666664 0.02109375
0 0.7430555555555556 0.32421875 0.06666666666666667 0.02421875
0 0.5111111111111111 0.26796875 0.05277777777777778 0.0375
0 0.6388888888888888 0.2484375 0.044444444444444446 0.0234375
0 0.95 0.23671875 0.04861111111111111 0.02890625
0 0.6930555555555555 0.2328125 0.044444444444444446 0.0234375
0 0.4152777777777778 0.2328125 0.04583333333333333 0.0234375
0 0.4666666666666667 0.221875 0.03888888888888889 0.0234375
0 0.8416666666666667 0.2140625 0.08333333333333333 0.0421875
0 0.9291666666666667 0.2109375 0.05277777777777778 0.02890625
0 0.6791666666666667 0.2 0.05555555555555555 0.01953125
0 0.95 0.19296875 0.03194444444444444 0.015625
0 0.8861111111111111 0.18671875 0.04583333333333333 0.02421875
0 0.7208333333333333 0.16484375 0.09444444444444444 0.03671875
0 0.8208333333333333 0.1640625 0.044444444444444446 0.025
0 0.4930555555555556 0.13984375 0.09722222222222222 0.0796875
0 0.5944444444444444 0.1296875 0.11944444444444445 0.07734375
0 0.6958333333333333 0.12890625 0.04861111111111111 0.025
0 0.4708333333333333 0.1 0.07361111111111111 0.02734375
0 0.5319444444444444 0.07109375 0.04722222222222222 0.02578125
