0 0.8944444444444445 0.675 0.02361111111111111 0.01796875
0 0.7875 0.6328125 0.0375 0.03359375
0 0.9319444444444445 0.62734375 0.02638888888888889 0.02265625
0 0.5375 0.58359375 0.02638888888888889 0.015625
0 0.20555555555555555 0.5796875 0.03333333333333333 0.01875
0 0.9402777777777778 0.56953125 0.059722222222222225 0.06171875
0 0.44583333333333336 0.5640625 0.0375 0.01796875
0 0.5680555555555555 0.55 0.03611111111111111 0.02109375
0 0.18472222222222223 0.5484375 0.030555555555555555 0.01640625
0 0.7972222222222223 0.5390625 0.06111111111111111 0.03359375
0 0.8736111111111111 0.53359375 0.06111111111111111 0.02890625
0 0.37222222222222223 0.53125 0.06527777777777778 0.0296875
0 0.30833333333333335 0.53125 0.05138888888888889 0.02578125
0 0.002777777777777778 0.52421875 0.03194444444444444 0.021875
0 0.7458333333333333 0.5234375 0.030555555555555555 0.0203125
0 0.6763888888888889 0.52109375 0.05277777777777778 0.02890625
0 0.08888888888888889 0.51640625 0.1388888888888889 0.03359375
0 0.2611111111111111 0.50703125 0.0625 0.03359375
0 0.8152777777777778 0.48671875 0.029166666666666667 0.0203125
0 0.002777777777777778 0.48046875 0.018055555555555554 0.01484375
0 0.4722222222222222 0.4765625 0.08611111111111111 0.03125
0 0.5638888888888889 0.45625 0.05138888888888889 0.034375
0 0.4222222222222222 0.45078125 0.043055555555555555 0.028125
0 0.2708333333333333 0.45078125 0.034722222222222224 0.021875
0 0.8819444444444444 0.446875 0.04583333333333333 0.02578125
0 0.33194444444444443 0.43828125 0.05138888888888889 0.0296875
0 0.7416666666666667 0.4375 0.06805555555555555 0.03828125
0 0.001388888888888889 0.43671875 0.019444444444444445 0.01328125
0 0.04583333333333333 0.43203125 0.025 0.0125
0 0.3875 0.4203125 0.03194444444444444 0.0234375
0 0.15 0.4171875 0.027777777777777776 0.0125
0 0.4666666666666667 0.415625 0.05694444444444444 0.025
0 0.6138888888888889 0.41328125 0.03333333333333333 0.01484375
0 0.26666666666666666 0.41328125 0.06388888888888888 0.0359375
0 0.6722222222222223 0.40703125 0.08472222222222223 0.053125
0 0.44722222222222224 0.390625 0.029166666666666667 0.02265625
0 0.5138888888888888 0.384375 0.04027777777777778 0.015625
0 0.3763888888888889 0.36875 0.02361111111111111 0.01640625
0 0.31527777777777777 0.36875 0.019444444444444445 0.0109375
0 0.25416666666666665 0.36328125 0.03333333333333333 0.01875
0 0.018055555555555554 0.359375 0.06666666666666667 0.0359375
0 0.42083333333333334 0.35234375 0.044444444444444446 0.0234375
0 0.15833333333333333 0.3453125 0.030555555555555555 0.01015625
0 0.25972222222222224 0.3375 0.03194444444444444 0.01328125
0 0.34444444444444444 0.3359375 0.027777777777777776 0.00859375
0 0.058333333333333334 0.33359375 0.018055555555555554 0.01328125
0 0.7541666666666667 0.3203125 0.044444444444444446 0.02265625
0 0.25416666666666665 0.31171875 0.041666666666666664 0.01953125
0 0.8861111111111111 0.309375 0.05 0.028125
0 0.6763888888888889 0.29375 0.0375 0.0265625
0 0.5472222222222223 0.2828125 0.06666666666666667 0.0234375
0 0.6166666666666667 0.265625 0.04722222222222222 0.0359375
0 0.7555555555555555 0.26328125 0.14166666666666666 0.05
0 0.4986111111111111 0.26171875 0.07777777777777778 0.03984375
0 0.14444444444444443 0.26015625 0.02638888888888889 0.015625
0 0.8597222222222223 0.23984375 0.06111111111111111 0.02734375
0 0.8013888888888889 0.23046875 0.05416666666666667 0.03046875
0 0.6875 0.22734375 0.10972222222222222 0.0453125
0 0.5986111111111111 0.175 0.04027777777777778 0.02265625
0 0.8972222222222223 0.16796875 0.04722222222222222 0.02890625
0 0.7583333333333333 0.15234375 0.1111111111111111 0.0625
0 0.6319444444444444 0.15078125 0.043055555555555555 0.0265625
0 0.5472222222222223 0.1375 0.029166666666666667 0.015625
0 0.6736111111111112 0.1296875 0.0375 0.021875
0 0.46944444444444444 0.12109375 0.07916666666666666 0.02734375
0 0.8541666666666666 0.10703125 0.04027777777777778 0.021875
0 0.5625 0.10234375 0.09722222222222222 0.0484375
0 0.6222222222222222 0.0828125 0.03611111111111111 0.01796875
0 0.9652777777777778 0.0625 0.034722222222222224 0.040625
0 0.925 0.04140625 0.0375 0.04453125
0 0.7652777777777777 0.040625 0.034722222222222224 0.0171875
0 0.8277777777777777 0.0390625 0.030555555555555555 0.021875
0 0.7722222222222223 0.021875 0.03333333333333333 0.01796875
