0 0.8166666666666667 0.578125 0.027777777777777776 0.01015625
0 0.8277777777777777 0.5484375 0.034722222222222224 0.02265625
0 0.7916666666666666 0.5375 0.03194444444444444 0.0203125
0 0.5458333333333333 0.51640625 0.03888888888888889 0.0265625
0 0.8138888888888889 0.51328125 0.034722222222222224 0.0140625
0 0.5347222222222222 0.49609375 0.027777777777777776 0.02421875
0 0.49583333333333335 0.4921875 0.041666666666666664 0.02265625
0 0.5930555555555556 0.47734375 0.0375 0.021875
0 0.0625 0.4765625 0.03611111111111111 0.02109375
0 0.3597222222222222 0.4703125 0.034722222222222224 0.01875
0 0.7263888888888889 0.465625 0.06527777777777778 0.0296875
0 0.011111111111111112 0.465625 0.03333333333333333 0.01953125
0 0.21805555555555556 0.4578125 0.06388888888888888 0.04921875
0 0.7263888888888889 0.44921875 0.019444444444444445 0.0140625
0 0.5930555555555556 0.4390625 0.04722222222222222 0.025
0 0.8819444444444444 0.4 0.0375 0.02265625
0 0.29583333333333334 0.3984375 0.029166666666666667 0.01484375
0 0.03194444444444444 0.38046875 0.04583333333333333 0.02109375
0 0.027777777777777776 0.371875 0.018055555555555554 0.0078125
0 0.9819444444444444 0.3640625 0.018055555555555554 0.025
0 0.7763888888888889 0.3453125 0.027777777777777776 0.01953125
0 0.04861111111111111 0.3375 0.03194444444444444 0.015625
0 0.002777777777777778 0.334375 0.02638888888888889 0.01796875
0 0.225 0.325 0.030555555555555555 0.0171875
0 0.18333333333333332 0.3171875 0.02361111111111111 0.01484375
0 0.7597222222222222 0.315625 0.03888888888888889 0.025
0 0.5708333333333333 0.3109375 0.03194444444444444 0.01953125
0 0.6875 0.309375 0.041666666666666664 0.0234375
0 0.6472222222222223 0.309375 0.0375 0.01953125
0 0.6013888888888889 0.30234375 0.03333333333333333 0.01953125
0 0.7625 0.24609375 0.034722222222222224 0.0234375
0 0.9152777777777777 0.24375 0.04027777777777778 0.02109375
0 0.9180555555555555 0.22265625 0.08194444444444444 0.065625
0 0.8972222222222223 0.21484375 0.043055555555555555 0.0234375
0 0.8236111111111111 0.20859375 0.044444444444444446 0.025
0 0.7444444444444445 0.20703125 0.022222222222222223 0.0140625
0 0.7763888888888889 0.20625 0.013888888888888888 0.01171875
0 0.5111111111111111 0.20078125 0.027777777777777776 0.01953125
0 0.5402777777777777 0.19765625 0.03888888888888889 0.0265625
0 0.7958333333333333 0.19375 0.027777777777777776 0.03203125
0 0.9777777777777777 0.184375 0.022222222222222223 0.028125
0 0.85 0.1765625 0.07916666666666666 0.03515625
0 0.8319444444444445 0.16484375 0.03611111111111111 0.02109375
0 0.9819444444444444 0.146875 0.018055555555555554 0.02109375
0 0.7263888888888889 0.14609375 0.1 0.0453125
0 0.8236111111111111 0.1375 0.03888888888888889 0.02109375
0 0.7819444444444444 0.0984375 0.041666666666666664 0.025
0 0.8944444444444445 0.078125 0.09166666666666666 0.0515625
