0 0.6513888888888889 0.796875 0.044444444444444446 0.0296875
0 0.6090277777777777 0.7984375 0.0375 0.0328125
0 0.9625 0.750390625 0.058333333333333334 0.02421875
0 0.4465277777777778 0.724609375 0.029166666666666667 0.01640625
0 0.5520833333333334 0.723828125 0.04027777777777778 0.03203125
0 0.6013888888888889 0.6765625 0.022222222222222223 0.0125
0 0.5222222222222223 0.68046875 0.044444444444444446 0.028125
0 0.6236111111111111 0.66015625 0.025 0.0125
0 0.5777777777777777 0.594140625 0.03333333333333333 0.01796875
0 0.5236111111111111 0.598046875 0.075 0.03671875
0 0.3229166666666667 0.5671875 0.034722222222222224 0.015625
0 0.2673611111111111 0.536328125 0.0375 0.02109375
0 0.5395833333333333 0.53125 0.04583333333333333 0.021875
0 0.3840277777777778 0.539453125 0.08194444444444444 0.04921875
0 0.5597222222222222 0.50625 0.03611111111111111 0.0265625
0 0.6013888888888889 0.489453125 0.030555555555555555 0.01796875
0 0.35555555555555557 0.46953125 0.044444444444444446 0.0328125
0 0.30972222222222223 0.462109375 0.04722222222222222 0.02734375
0 0.5486111111111112 0.456640625 0.06388888888888888 0.03828125
0 0.33055555555555555 0.433984375 0.058333333333333334 0.02265625
0 0.7138888888888889 0.40234375 0.03333333333333333 0.01875
0 0.3993055555555556 0.401171875 0.04583333333333333 0.03515625
0 0.6444444444444445 0.399609375 0.07777777777777778 0.04921875
0 0.2298611111111111 0.341015625 0.043055555555555555 0.02109375
0 0.5034722222222222 0.34140625 0.059722222222222225 0.0265625
0 0.5298611111111111 0.31875 0.02361111111111111 0.0140625
0 0.5354166666666667 0.301171875 0.034722222222222224 0.01484375
0 0.50625 0.294140625 0.020833333333333332 0.01640625
0 0.6847222222222222 0.29140625 0.05555555555555555 0.034375
0 0.5444444444444444 0.281640625 0.05555555555555555 0.02578125
0 0.35694444444444445 0.25703125 0.030555555555555555 0.0203125
0 0.6194444444444445 0.25625 0.03333333333333333 0.021875
0 0.37916666666666665 0.24609375 0.044444444444444446 0.0265625
0 0.5236111111111111 0.21953125 0.027777777777777776 0.025
0 0.4131944444444444 0.2078125 0.034722222222222224 0.0234375
0 0.5493055555555556 0.191015625 0.0375 0.01953125
0 0.48541666666666666 0.173046875 0.08472222222222223 0.04765625
0 0.4097222222222222 0.149609375 0.041666666666666664 0.02734375
0 0.5298611111111111 0.14375 0.034722222222222224 0.021875
0 0.4618055555555556 0.134375 0.029166666666666667 0.0203125
0 0.45902777777777776 0.091015625 0.11805555555555555 0.05703125
0 0.4618055555555556 0.059765625 0.04583333333333333 0.02734375
0 0.5138888888888888 0.041015625 0.06388888888888888 0.03984375
0 0.4965277777777778 0.021484375 0.034722222222222224 0.02734375
