0 0.17222222222222222 0.621875 0.06388888888888888 0.0265625
0 0.45416666666666666 0.6140625 0.07222222222222222 0.0328125
0 0.45416666666666666 0.56171875 0.030555555555555555 0.021875
0 0.23333333333333334 0.55703125 0.07083333333333333 0.03359375
0 0.016666666666666666 0.55 0.027777777777777776 0.01875
0 0.5819444444444445 0.5296875 0.07083333333333333 0.02578125
0 0.5055555555555555 0.5140625 0.034722222222222224 0.0140625
0 0.4388888888888889 0.509375 0.03333333333333333 0.01875
0 0.2722222222222222 0.5 0.043055555555555555 0.0265625
0 0.7166666666666667 0.49921875 0.03888888888888889 0.0140625
0 0.022222222222222223 0.49375 0.03611111111111111 0.01796875
0 0.7180555555555556 0.46328125 0.0375 0.0203125
0 0.16111111111111112 0.38671875 0.034722222222222224 0.021875
0 0.3416666666666667 0.371875 0.05416666666666667 0.0296875
0 0.21805555555555556 0.36796875 0.034722222222222224 0.02109375
0 0.025 0.35 0.02361111111111111 0.01796875
0 0.001388888888888889 0.35 0.020833333333333332 0.0171875
0 0.13333333333333333 0.33125 0.034722222222222224 0.01875
0 0.17777777777777778 0.3265625 0.02638888888888889 0.02421875
0 0.3388888888888889 0.28203125 0.043055555555555555 0.02109375
0 0.3902777777777778 0.16875 0.059722222222222225 0.028125
