0 0.06111111111111111 0.44609375 0.027777777777777776 0.0125
0 0.7652777777777777 0.440625 0.022222222222222223 0.02109375
0 0.011111111111111112 0.43984375 0.05555555555555555 0.02890625
0 0.7944444444444444 0.43046875 0.027777777777777776 0.01484375
0 0.15416666666666667 0.37734375 0.043055555555555555 0.01640625
0 0.6805555555555556 0.35546875 0.03888888888888889 0.02109375
0 0.6458333333333334 0.3390625 0.04027777777777778 0.025
0 0.2652777777777778 0.31328125 0.044444444444444446 0.02109375
0 0.001388888888888889 0.3078125 0.022222222222222223 0.0203125
0 0.28194444444444444 0.29453125 0.030555555555555555 0.01953125
