0 0.4013888888888889 0.79453125 0.0625 0.028125
0 0.37083333333333335 0.7328125 0.059722222222222225 0.03671875
0 0.08472222222222223 0.65234375 0.04722222222222222 0.02421875
0 0.2652777777777778 0.6046875 0.10416666666666667 0.04140625
0 0.1638888888888889 0.575 0.08333333333333333 0.04140625
0 0.5722222222222222 0.54453125 0.03333333333333333 0.0125
0 0.2263888888888889 0.53671875 0.05694444444444444 0.028125
0 0.95 0.53125 0.04861111111111111 0.02890625
0 0.4791666666666667 0.48515625 0.058333333333333334 0.03359375
0 0.14305555555555555 0.48359375 0.08055555555555556 0.02734375
0 0.3138888888888889 0.4734375 0.13333333333333333 0.04609375
0 0.175 0.45859375 0.05138888888888889 0.02734375
0 0.2833333333333333 0.4578125 0.05138888888888889 0.02421875
0 0.0763888888888889 0.44765625 0.06388888888888888 0.0296875
0 0.04027777777777778 0.4296875 0.04583333333333333 0.0140625
0 0.33611111111111114 0.40625 0.04722222222222222 0.021875
0 0.44027777777777777 0.4 0.027777777777777776 0.01328125
0 0.027777777777777776 0.3984375 0.06527777777777778 0.03046875
0 0.8402777777777778 0.39375 0.14166666666666666 0.04921875
0 0.2916666666666667 0.39375 0.044444444444444446 0.02890625
0 0.8263888888888888 0.29453125 0.029166666666666667 0.0140625
0 0.43194444444444446 0.2828125 0.0875 0.03984375
0 0.3125 0.26875 0.04722222222222222 0.021875
0 0.8333333333333334 0.25 0.09027777777777778 0.0515625
0 0.18333333333333332 0.2140625 0.1 0.0515625
0 0.12638888888888888 0.20234375 0.0375 0.0265625
0 0.2111111111111111 0.16875 0.05138888888888889 0.03671875
0 0.4097222222222222 0.16640625 0.04027777777777778 0.0296875
0 0.37916666666666665 0.13984375 0.025 0.01640625
0 0.19166666666666668 0.1375 0.05555555555555555 0.02265625
0 0.3902777777777778 0.10546875 0.041666666666666664 0.03046875
0 0.3125 0.1 0.05694444444444444 0.03359375
0 0.3375 0.075 0.04583333333333333 0.0203125
0 0.3958333333333333 0.071875 0.034722222222222224 0.03046875
