0 0.4152777777777778 0.653125 0.044444444444444446 0.02265625
0 0.23194444444444445 0.653125 0.020833333333333332 0.015625
0 0.2847222222222222 0.6140625 0.029166666666666667 0.01484375
0 0.5791666666666667 0.61328125 0.016666666666666666 0.01328125
0 0.075 0.6125 0.04861111111111111 0.01953125
0 0.475 0.60859375 0.043055555555555555 0.02578125
0 0.36666666666666664 0.59375 0.04722222222222222 0.03125
0 0.03333333333333333 0.58828125 0.029166666666666667 0.015625
0 0.16527777777777777 0.58671875 0.029166666666666667 0.0171875
0 0.2361111111111111 0.58046875 0.029166666666666667 0.01640625
0 0.49722222222222223 0.57734375 0.018055555555555554 0.02265625
0 0.38055555555555554 0.5703125 0.04027777777777778 0.02265625
0 0.14166666666666666 0.56640625 0.030555555555555555 0.01796875
0 0.9166666666666666 0.5546875 0.034722222222222224 0.01484375
0 0.5527777777777778 0.546875 0.027777777777777776 0.01796875
0 0.2638888888888889 0.546875 0.04722222222222222 0.0265625
0 0.1111111111111111 0.53984375 0.04722222222222222 0.0234375
0 0.18194444444444444 0.53359375 0.04861111111111111 0.04296875
0 0.03194444444444444 0.5265625 0.018055555555555554 0.00859375
0 0.44583333333333336 0.52578125 0.05138888888888889 0.0296875
0 0.325 0.5203125 0.05 0.0234375
0 0.8902777777777777 0.5078125 0.041666666666666664 0.021875
0 0.5194444444444445 0.50234375 0.05416666666666667 0.0234375
0 0.3597222222222222 0.49765625 0.030555555555555555 0.0125
0 0.1361111111111111 0.49453125 0.04583333333333333 0.02421875
0 0.7125 0.49296875 0.03888888888888889 0.0265625
0 0.6416666666666667 0.4921875 0.03611111111111111 0.0171875
0 0.7819444444444444 0.4859375 0.05694444444444444 0.0234375
0 0.5402777777777777 0.484375 0.025 0.009375
0 0.9319444444444445 0.48046875 0.03194444444444444 0.0171875
0 0.8986111111111111 0.48046875 0.03333333333333333 0.02109375
0 0.5180555555555556 0.4640625 0.029166666666666667 0.01328125
0 0.5888888888888889 0.4625 0.04861111111111111 0.0265625
0 0.44583333333333336 0.4609375 0.041666666666666664 0.02421875
0 0.5638888888888889 0.45703125 0.013888888888888888 0.02109375
0 0.38055555555555554 0.4546875 0.044444444444444446 0.0234375
0 0.8444444444444444 0.4359375 0.025 0.01015625
0 0.5486111111111112 0.4265625 0.03333333333333333 0.02734375
0 0.7680555555555556 0.41953125 0.041666666666666664 0.01953125
0 0.25277777777777777 0.4015625 0.025 0.0140625
0 0.39166666666666666 0.4 0.05416666666666667 0.0203125
0 0.3819444444444444 0.3796875 0.022222222222222223 0.0125
0 0.5305555555555556 0.375 0.018055555555555554 0.015625
0 0.5055555555555555 0.375 0.02361111111111111 0.0140625
0 0.16527777777777777 0.36875 0.03194444444444444 0.0125
0 0.5402777777777777 0.3640625 0.03194444444444444 0.0140625
0 0.2125 0.359375 0.030555555555555555 0.01640625
0 0.33194444444444443 0.35546875 0.016666666666666666 0.0109375
0 0.3125 0.346875 0.025 0.0078125
0 0.2777777777777778 0.34140625 0.018055555555555554 0.0109375
0 0.0875 0.33515625 0.05277777777777778 0.02890625
0 0.6486111111111111 0.32734375 0.025 0.0109375
0 0.058333333333333334 0.3234375 0.04027777777777778 0.01484375
0 0.7180555555555556 0.3046875 0.059722222222222225 0.01796875
0 0.018055555555555554 0.30234375 0.05277777777777778 0.02734375
0 0.7958333333333333 0.29375 0.020833333333333332 0.0109375
0 0.2263888888888889 0.290625 0.03333333333333333 0.0171875
0 0.6097222222222223 0.28671875 0.04722222222222222 0.025
0 0.9722222222222222 0.28359375 0.027777777777777776 0.04296875
0 0.7472222222222222 0.2828125 0.029166666666666667 0.01640625
0 0.7083333333333334 0.2796875 0.029166666666666667 0.0265625
0 0.9791666666666666 0.2703125 0.020833333333333332 0.01328125
0 0.11527777777777778 0.2609375 0.03611111111111111 0.009375
0 0.7791666666666667 0.259375 0.0875 0.02734375
0 0.6763888888888889 0.25546875 0.02361111111111111 0.01328125
0 0.6013888888888889 0.25390625 0.058333333333333334 0.028125
0 0.7041666666666667 0.24921875 0.019444444444444445 0.0078125
0 0.12361111111111112 0.2421875 0.027777777777777776 0.01171875
0 0.043055555555555555 0.23984375 0.03194444444444444 0.01796875
0 0.6125 0.2375 0.02638888888888889 0.00859375
0 0.16527777777777777 0.23515625 0.03611111111111111 0.02109375
0 0.7777777777777778 0.2328125 0.03611111111111111 0.0171875
0 0.33194444444444443 0.2328125 0.027777777777777776 0.01796875
0 0.6541666666666667 0.2296875 0.03194444444444444 0.02109375
0 0.8416666666666667 0.228125 0.13333333333333333 0.05390625
0 0.8125 0.228125 0.02638888888888889 0.01015625
0 0.20416666666666666 0.2265625 0.030555555555555555 0.0140625
0 0.7458333333333333 0.221875 0.030555555555555555 0.0234375
0 0.26805555555555555 0.22109375 0.03888888888888889 0.01875
0 0.46111111111111114 0.2203125 0.03333333333333333 0.01875
0 0.4013888888888889 0.2171875 0.025 0.01328125
0 0.06388888888888888 0.21015625 0.06527777777777778 0.02578125
0 0.1375 0.209375 0.06805555555555555 0.02578125
0 0.4986111111111111 0.20546875 0.0375 0.01875
0 0.5347222222222222 0.19296875 0.030555555555555555 0.0203125
0 0.4638888888888889 0.18828125 0.041666666666666664 0.0234375
0 0.9013888888888889 0.18515625 0.06944444444444445 0.0421875
0 0.4222222222222222 0.184375 0.0375 0.0234375
0 0.6513888888888889 0.18359375 0.02638888888888889 0.01171875
0 0.30972222222222223 0.17421875 0.022222222222222223 0.021875
0 0.2 0.17265625 0.020833333333333332 0.01640625
0 0.47638888888888886 0.16796875 0.0625 0.02578125
0 0.5486111111111112 0.1671875 0.027777777777777776 0.01796875
0 0.3736111111111111 0.1640625 0.022222222222222223 0.02578125
0 0.8319444444444445 0.15546875 0.07222222222222222 0.04375
0 0.2708333333333333 0.14765625 0.0375 0.01875
0 0.5847222222222223 0.1453125 0.07083333333333333 0.02578125
0 0.3458333333333333 0.13125 0.0375 0.0203125
