0 0.7930555555555555 0.93046875 0.041666666666666664 0.02421875
0 0.8625 0.9203125 0.0375 0.021875
0 0.6791666666666667 0.878125 0.04861111111111111 0.02421875
0 0.0375 0.8234375 0.06388888888888888 0.03125
0 0.7847222222222222 0.82109375 0.03888888888888889 0.0265625
0 0.3819444444444444 0.8171875 0.044444444444444446 0.02578125
0 0.5763888888888888 0.80703125 0.02638888888888889 0.02109375
0 0.034722222222222224 0.7890625 0.03333333333333333 0.02265625
0 0.7125 0.76796875 0.03333333333333333 0.0203125
0 0.5361111111111111 0.7625 0.043055555555555555 0.01953125
0 0.08888888888888889 0.75703125 0.022222222222222223 0.015625
0 0.6263888888888889 0.75625 0.027777777777777776 0.0453125
0 0.45555555555555555 0.7515625 0.041666666666666664 0.021875
0 0.13333333333333333 0.74921875 0.030555555555555555 0.0234375
0 0.49583333333333335 0.7453125 0.041666666666666664 0.02578125
0 0.4652777777777778 0.67265625 0.029166666666666667 0.01953125
0 0.6041666666666666 0.66171875 0.04027777777777778 0.02109375
0 0.575 0.603125 0.12083333333333333 0.04765625
0 0.5180555555555556 0.60234375 0.043055555555555555 0.0328125
0 0.12083333333333333 0.60078125 0.03888888888888889 0.01875
0 0.07916666666666666 0.60078125 0.04027777777777778 0.01484375
0 0.011111111111111112 0.56015625 0.08055555555555556 0.04140625
