0 0.2847222222222222 0.78671875 0.034722222222222224 0.01796875
0 0.5097222222222222 0.771875 0.03611111111111111 0.02578125
0 0.4666666666666667 0.7703125 0.022222222222222223 0.02109375
0 0.043055555555555555 0.7703125 0.07916666666666666 0.03359375
0 0.26666666666666666 0.74921875 0.04861111111111111 0.028125
0 0.20555555555555555 0.7359375 0.05138888888888889 0.03046875
0 0.004166666666666667 0.73515625 0.09027777777777778 0.03515625
0 0.7458333333333333 0.7296875 0.05138888888888889 0.02265625
0 0.5166666666666667 0.7125 0.04722222222222222 0.025
0 0.7208333333333333 0.6984375 0.04583333333333333 0.034375
0 0.44583333333333336 0.696875 0.043055555555555555 0.01875
0 0.6388888888888888 0.69296875 0.04583333333333333 0.0234375
0 0.5 0.68671875 0.02638888888888889 0.01484375
0 0.7638888888888888 0.684375 0.05 0.01875
0 0.5708333333333333 0.66953125 0.05416666666666667 0.02578125
0 0.5083333333333333 0.65625 0.0375 0.015625
0 0.6527777777777778 0.640625 0.05555555555555555 0.02734375
0 0.11388888888888889 0.5984375 0.04027777777777778 0.02578125
0 0.041666666666666664 0.5984375 0.03194444444444444 0.01875
0 0.5166666666666667 0.59140625 0.020833333333333332 0.01328125
0 0.0763888888888889 0.590625 0.027777777777777776 0.0171875
0 0.002777777777777778 0.58828125 0.019444444444444445 0.021875
0 0.10694444444444444 0.5859375 0.029166666666666667 0.015625
0 0.5888888888888889 0.56640625 0.075 0.03671875
0 0.06388888888888888 0.5515625 0.07916666666666666 0.03359375
0 0.5930555555555556 0.53828125 0.043055555555555555 0.0265625
0 0.5375 0.53515625 0.04027777777777778 0.01875
0 0.4652777777777778 0.5296875 0.041666666666666664 0.021875
0 0.49583333333333335 0.509375 0.05277777777777778 0.02734375
0 0.5986111111111111 0.5 0.03888888888888889 0.02578125
0 0.5472222222222223 0.48203125 0.02638888888888889 0.0203125
0 0.5361111111111111 0.4625 0.02638888888888889 0.01484375
0 0.5666666666666667 0.45859375 0.0375 0.01953125
0 0.05277777777777778 0.2546875 0.09444444444444444 0.0484375
