0 0.6486111111111111 0.63671875 0.041666666666666664 0.02578125
0 0.6125 0.63203125 0.03333333333333333 0.021875
0 0.2513888888888889 0.621875 0.029166666666666667 0.0171875
0 0.9236111111111112 0.61953125 0.03611111111111111 0.01875
0 0.9583333333333334 0.58671875 0.034722222222222224 0.01328125
0 0.22777777777777777 0.56171875 0.03194444444444444 0.01484375
0 0.21388888888888888 0.5421875 0.041666666666666664 0.01953125
0 0.9680555555555556 0.53203125 0.027777777777777776 0.0203125
0 0.9847222222222223 0.41796875 0.015277777777777777 0.02421875
0 0.06111111111111111 0.4046875 0.030555555555555555 0.01484375
0 0.41805555555555557 0.40234375 0.04722222222222222 0.0265625
0 0.31527777777777777 0.36015625 0.03611111111111111 0.01796875
0 0.4013888888888889 0.35703125 0.03333333333333333 0.0234375
0 0.1 0.35078125 0.015277777777777777 0.0171875
0 0.9486111111111111 0.321875 0.02361111111111111 0.0171875
0 0.9069444444444444 0.309375 0.03611111111111111 0.0234375
0 0.9833333333333333 0.30859375 0.016666666666666666 0.021875
0 0.4527777777777778 0.23515625 0.03888888888888889 0.028125
0 0.23055555555555557 0.21484375 0.06527777777777778 0.03046875
0 0.3486111111111111 0.20390625 0.03611111111111111 0.015625
0 0.9305555555555556 0.184375 0.05138888888888889 0.03046875
0 0.3958333333333333 0.140625 0.034722222222222224 0.01953125
0 0.4013888888888889 0.11171875 0.058333333333333334 0.0328125
0 0.38055555555555554 0.1078125 0.019444444444444445 0.015625
0 0.41944444444444445 0.08125 0.03194444444444444 0.02265625
