0 0.7222222222222222 0.95078125 0.0625 0.0328125
0 0.3541666666666667 0.81015625 0.04027777777777778 0.02421875
0 0.4236111111111111 0.5484375 0.058333333333333334 0.03671875
0 0.3875 0.50390625 0.05 0.021875
0 0.8791666666666667 0.5015625 0.07777777777777778 0.040625
0 0.6930555555555555 0.49140625 0.05277777777777778 0.02890625
0 0.5972222222222222 0.46953125 0.025 0.015625
0 0.013888888888888888 0.428125 0.04861111111111111 0.02734375
0 0.5652777777777778 0.3515625 0.015277777777777777 0.01875
0 0.7625 0.33515625 0.029166666666666667 0.02265625
0 0.7166666666666667 0.29375 0.05416666666666667 0.0265625
0 0.0 0.29375 0.07361111111111111 0.04609375
0 0.7041666666666667 0.20703125 0.02361111111111111 0.0171875
0 0.6277777777777778 0.11796875 0.1111111111111111 0.0734375
