0 0.43333333333333335 0.878125 0.0625 0.03046875
0 0.21388888888888888 0.84375 0.034722222222222224 0.02421875
0 0.5375 0.8203125 0.022222222222222223 0.01484375
0 0.2972222222222222 0.75703125 0.05 0.025
0 0.04722222222222222 0.74453125 0.03194444444444444 0.01953125
0 0.39861111111111114 0.734375 0.041666666666666664 0.03203125
0 0.11388888888888889 0.725 0.0625 0.0234375
0 0.48194444444444445 0.71015625 0.03888888888888889 0.021875
0 0.46111111111111114 0.6859375 0.029166666666666667 0.0203125
0 0.375 0.68203125 0.04583333333333333 0.02578125
0 0.18194444444444444 0.6609375 0.0375 0.021875
0 0.6875 0.64375 0.06944444444444445 0.02734375
0 0.03194444444444444 0.63125 0.08194444444444444 0.025
0 0.3680555555555556 0.62578125 0.05277777777777778 0.0234375
0 0.39444444444444443 0.5875 0.03888888888888889 0.02265625
0 0.49166666666666664 0.5859375 0.0375 0.02890625
0 0.002777777777777778 0.58203125 0.04722222222222222 0.02890625
0 0.9027777777777778 0.575 0.04861111111111111 0.0203125
0 0.5805555555555556 0.5484375 0.025 0.0171875
0 0.3111111111111111 0.53984375 0.03194444444444444 0.02265625
0 0.34444444444444444 0.53515625 0.029166666666666667 0.025
0 0.20833333333333334 0.525 0.029166666666666667 0.01875
0 0.5069444444444444 0.52109375 0.044444444444444446 0.03203125
0 0.24027777777777778 0.51328125 0.04722222222222222 0.02421875
0 0.5875 0.49140625 0.05555555555555555 0.02734375
0 0.36527777777777776 0.4890625 0.03194444444444444 0.025
0 0.30972222222222223 0.48671875 0.04583333333333333 0.025
0 0.5055555555555555 0.48515625 0.029166666666666667 0.01796875
0 0.4375 0.478125 0.05555555555555555 0.028125
0 0.33194444444444443 0.46875 0.029166666666666667 0.0171875
0 0.20277777777777778 0.46015625 0.06666666666666667 0.03203125
0 0.5388888888888889 0.4390625 0.059722222222222225 0.03203125
0 0.6138888888888889 0.409375 0.08888888888888889 0.034375
0 0.5791666666666667 0.39609375 0.03194444444444444 0.0171875
0 0.6555555555555556 0.3796875 0.04027777777777778 0.01875
0 0.5819444444444445 0.3578125 0.05138888888888889 0.03359375
0 0.4791666666666667 0.3234375 0.034722222222222224 0.02265625
0 0.5541666666666667 0.31875 0.05416666666666667 0.02421875
0 0.6138888888888889 0.31484375 0.07361111111111111 0.0234375
0 0.5194444444444445 0.303125 0.05 0.025
0 0.5541666666666667 0.26640625 0.05416666666666667 0.0328125
0 0.3972222222222222 0.24296875 0.034722222222222224 0.0515625
0 0.5375 0.2328125 0.09861111111111111 0.0296875
0 0.4722222222222222 0.21796875 0.018055555555555554 0.015625
0 0.41388888888888886 0.18359375 0.016666666666666666 0.021875
0 0.5138888888888888 0.1703125 0.0625 0.046875
0 0.5319444444444444 0.1203125 0.03333333333333333 0.01875
0 0.4375 0.10625 0.09027777777777778 0.07734375
0 0.39444444444444443 0.1015625 0.03611111111111111 0.01796875
