0 0.7916666666666666 0.728125 0.06805555555555555 0.0390625
0 0.11805555555555555 0.71640625 0.06111111111111111 0.0359375
0 0.043055555555555555 0.71171875 0.06111111111111111 0.03515625
0 0.39861111111111114 0.6921875 0.044444444444444446 0.02890625
0 0.06527777777777778 0.684375 0.04861111111111111 0.028125
0 0.38055555555555554 0.6453125 0.05138888888888889 0.03359375
0 0.1625 0.640625 0.10555555555555556 0.0734375
0 0.10277777777777777 0.61171875 0.05694444444444444 0.034375
0 0.9777777777777777 0.58671875 0.019444444444444445 0.028125
0 0.5333333333333333 0.5734375 0.041666666666666664 0.025
0 0.8819444444444444 0.57265625 0.043055555555555555 0.02734375
0 0.09027777777777778 0.57265625 0.05694444444444444 0.02578125
0 0.8083333333333333 0.56953125 0.06111111111111111 0.03828125
0 0.7375 0.55546875 0.0375 0.05390625
0 0.6472222222222223 0.5453125 0.03611111111111111 0.02734375
0 0.6694444444444444 0.51875 0.07083333333333333 0.0375
0 0.6194444444444445 0.4796875 0.027777777777777776 0.0234375
0 0.7263888888888889 0.44921875 0.08472222222222223 0.03984375
0 0.8805555555555555 0.39453125 0.10555555555555556 0.0671875
0 0.6 0.34296875 0.03333333333333333 0.0265625
0 0.48333333333333334 0.31953125 0.02638888888888889 0.025
0 0.5083333333333333 0.29609375 0.08333333333333333 0.05625
0 0.26666666666666666 0.284375 0.04027777777777778 0.02265625
0 0.7638888888888888 0.27109375 0.030555555555555555 0.015625
0 0.18194444444444444 0.2703125 0.05138888888888889 0.02734375
0 0.4513888888888889 0.26171875 0.03333333333333333 0.0171875
0 0.5902777777777778 0.259375 0.03888888888888889 0.0375
0 0.034722222222222224 0.2578125 0.05555555555555555 0.03203125
0 0.6347222222222222 0.25546875 0.05138888888888889 0.02734375
0 0.25277777777777777 0.2515625 0.03611111111111111 0.01796875
0 0.9166666666666666 0.21953125 0.04027777777777778 0.01640625
0 0.08055555555555556 0.21875 0.05416666666666667 0.03359375
0 0.7138888888888889 0.21640625 0.059722222222222225 0.0296875
0 0.2791666666666667 0.19765625 0.043055555555555555 0.02421875
0 0.5847222222222223 0.1890625 0.058333333333333334 0.0328125
0 0.10972222222222222 0.18828125 0.05138888888888889 0.02734375
0 0.9111111111111111 0.18515625 0.04861111111111111 0.025
0 0.7236111111111111 0.1828125 0.08194444444444444 0.034375
0 0.5069444444444444 0.17109375 0.027777777777777776 0.01953125
0 0.3416666666666667 0.1640625 0.03888888888888889 0.025
0 0.42777777777777776 0.1609375 0.0625 0.0421875
0 0.02361111111111111 0.14921875 0.05138888888888889 0.0296875
0 0.4875 0.14765625 0.03888888888888889 0.021875
0 0.13472222222222222 0.14375 0.10138888888888889 0.04375
0 0.8097222222222222 0.1421875 0.08333333333333333 0.0359375
0 0.6472222222222223 0.1296875 0.0375 0.02265625
0 0.8930555555555556 0.1046875 0.05416666666666667 0.03125
0 0.15555555555555556 0.103125 0.06388888888888888 0.040625
0 0.6597222222222222 0.09921875 0.03888888888888889 0.02578125
0 0.2972222222222222 0.09765625 0.041666666666666664 0.028125
0 0.5375 0.09609375 0.03333333333333333 0.02421875
0 0.45555555555555555 0.09609375 0.04027777777777778 0.025
0 0.7236111111111111 0.0890625 0.027777777777777776 0.01484375
0 0.03333333333333333 0.078125 0.05694444444444444 0.034375
0 0.6888888888888889 0.06875 0.03888888888888889 0.02265625
0 0.7347222222222223 0.06328125 0.027777777777777776 0.01796875
0 0.4513888888888889 0.05625 0.09166666666666666 0.0515625
0 0.5125 0.04375 0.02638888888888889 0.021875
0 0.6319444444444444 0.03671875 0.041666666666666664 0.025
0 0.05277777777777778 0.0359375 0.05277777777777778 0.0421875
0 0.575 0.02890625 0.04027777777777778 0.021875
0 0.8180555555555555 0.028125 0.09583333333333334 0.0765625
0 0.3125 0.02734375 0.09583333333333334 0.05234375
0 0.9152777777777777 0.0125 0.08472222222222223 0.10703125
0 0.4263888888888889 0.00625 0.0875 0.05
0 0.9444444444444444 0.00078125 0.027777777777777776 0.0140625
