0 0.48055555555555557 0.61640625 0.044444444444444446 0.01953125
0 0.3472222222222222 0.60390625 0.04722222222222222 0.02265625
0 0.19166666666666668 0.58671875 0.05416666666666667 0.03046875
0 0.2152777777777778 0.5609375 0.034722222222222224 0.021875
0 0.21805555555555556 0.53515625 0.013888888888888888 0.0109375
0 0.5652777777777778 0.5265625 0.044444444444444446 0.0234375
0 0.2388888888888889 0.51640625 0.02638888888888889 0.02734375
0 0.4791666666666667 0.51015625 0.027777777777777776 0.01953125
0 0.5055555555555555 0.496875 0.041666666666666664 0.0234375
0 0.375 0.490625 0.06388888888888888 0.02890625
0 0.5805555555555556 0.484375 0.03194444444444444 0.02109375
0 0.6055555555555555 0.44765625 0.044444444444444446 0.02734375
0 0.12916666666666668 0.44453125 0.022222222222222223 0.0109375
0 0.5444444444444444 0.434375 0.034722222222222224 0.01953125
0 0.1 0.43125 0.029166666666666667 0.01484375
0 0.4666666666666667 0.42421875 0.02638888888888889 0.00703125
0 0.30694444444444446 0.42109375 0.015277777777777777 0.009375
0 0.46805555555555556 0.4078125 0.022222222222222223 0.01015625
0 0.07222222222222222 0.35625 0.029166666666666667 0.01015625
0 0.5083333333333333 0.3265625 0.04583333333333333 0.0140625
0 0.5125 0.2578125 0.058333333333333334 0.0390625
0 0.3472222222222222 0.12890625 0.03333333333333333 0.02265625
0 0.4527777777777778 0.1171875 0.03333333333333333 0.0140625
0 0.37777777777777777 0.1140625 0.027777777777777776 0.0171875
