0 0.07222222222222222 0.63671875 0.05277777777777778 0.02265625
0 0.1638888888888889 0.534375 0.05416666666666667 0.02890625
0 0.8625 0.52109375 0.022222222222222223 0.01953125
0 0.06666666666666667 0.503125 0.06666666666666667 0.03828125
0 0.001388888888888889 0.50078125 0.008333333333333333 0.0234375
0 0.8305555555555556 0.49921875 0.03888888888888889 0.02109375
0 0.17916666666666667 0.4859375 0.0375 0.0234375
0 0.15833333333333333 0.4453125 0.059722222222222225 0.03046875
0 0.10416666666666667 0.425 0.0375 0.02578125
0 0.0 0.40859375 0.043055555555555555 0.03203125
0 0.11666666666666667 0.31328125 0.05277777777777778 0.025
0 0.1125 0.234375 0.07777777777777778 0.04765625
0 0.008333333333333333 0.084375 0.03333333333333333 0.021875
