0 0.9916666666666667 0.65859375 0.008333333333333333 0.015625
0 0.1125 0.6328125 0.02638888888888889 0.01796875
0 0.5430555555555555 0.61796875 0.019444444444444445 0.01484375
0 0.05277777777777778 0.59375 0.027777777777777776 0.01484375
0 0.001388888888888889 0.5890625 0.009722222222222222 0.01328125
0 0.3638888888888889 0.57890625 0.034722222222222224 0.01484375
0 0.06944444444444445 0.5734375 0.030555555555555555 0.0171875
0 0.6180555555555556 0.56484375 0.03611111111111111 0.01875
0 0.7597222222222222 0.55390625 0.034722222222222224 0.01796875
0 0.3472222222222222 0.54453125 0.029166666666666667 0.015625
0 0.5777777777777777 0.54375 0.03333333333333333 0.01875
0 0.48333333333333334 0.54375 0.025 0.0140625
0 0.5527777777777778 0.534375 0.02361111111111111 0.0140625
0 0.5097222222222222 0.53203125 0.043055555555555555 0.0234375
0 0.9125 0.5234375 0.05555555555555555 0.02578125
0 0.1625 0.52109375 0.027777777777777776 0.01640625
0 0.09166666666666666 0.52109375 0.029166666666666667 0.021875
0 0.002777777777777778 0.51875 0.03194444444444444 0.01640625
0 0.24583333333333332 0.5171875 0.08194444444444444 0.02421875
0 0.3402777777777778 0.5140625 0.05 0.0171875
0 0.4638888888888889 0.5046875 0.05277777777777778 0.034375
0 0.04722222222222222 0.49609375 0.02361111111111111 0.0125
0 0.11805555555555555 0.4921875 0.015277777777777777 0.0109375
0 0.6916666666666667 0.478125 0.04861111111111111 0.0265625
0 0.2625 0.4765625 0.022222222222222223 0.0109375
0 0.15416666666666667 0.475 0.027777777777777776 0.01328125
0 0.7361111111111112 0.4734375 0.04861111111111111 0.02421875
0 0.9166666666666666 0.459375 0.034722222222222224 0.025
0 0.125 0.45703125 0.03888888888888889 0.01796875
0 0.7944444444444444 0.4546875 0.05416666666666667 0.03125
0 0.4583333333333333 0.4484375 0.03194444444444444 0.02109375
0 0.6277777777777778 0.44765625 0.04861111111111111 0.03125
0 0.5416666666666666 0.43671875 0.05138888888888889 0.03359375
0 0.1527777777777778 0.4234375 0.025 0.01796875
0 0.6805555555555556 0.4140625 0.05694444444444444 0.01953125
0 0.8388888888888889 0.4109375 0.05555555555555555 0.034375
0 0.4666666666666667 0.409375 0.08194444444444444 0.03515625
0 0.2861111111111111 0.40859375 0.043055555555555555 0.01796875
0 0.9222222222222223 0.39921875 0.07777777777777778 0.05859375
0 0.6375 0.38671875 0.034722222222222224 0.021875
0 0.7194444444444444 0.37890625 0.03333333333333333 0.0171875
0 0.5416666666666666 0.365625 0.027777777777777776 0.015625
0 0.4305555555555556 0.359375 0.034722222222222224 0.01796875
0 0.22777777777777777 0.3515625 0.058333333333333334 0.03203125
0 0.6125 0.34609375 0.041666666666666664 0.02109375
0 0.9611111111111111 0.3375 0.025 0.01640625
0 0.3458333333333333 0.334375 0.029166666666666667 0.00859375
0 0.5208333333333334 0.32890625 0.027777777777777776 0.0078125
0 0.9597222222222223 0.31328125 0.0375 0.0234375
0 0.04722222222222222 0.31171875 0.034722222222222224 0.021875
0 0.8777777777777778 0.3078125 0.03611111111111111 0.01875
0 0.29305555555555557 0.2921875 0.029166666666666667 0.01875
0 0.8861111111111111 0.28515625 0.034722222222222224 0.02109375
0 0.14583333333333334 0.27421875 0.06111111111111111 0.0578125
0 0.775 0.2734375 0.03333333333333333 0.021875
0 0.013888888888888888 0.26484375 0.02638888888888889 0.01015625
0 0.9652777777777778 0.2609375 0.029166666666666667 0.025
0 0.6833333333333333 0.2546875 0.0875 0.0375
0 0.8194444444444444 0.25390625 0.05138888888888889 0.0359375
0 0.30694444444444446 0.25390625 0.025 0.01328125
0 0.10277777777777777 0.24609375 0.05277777777777778 0.034375
0 0.8930555555555556 0.23984375 0.043055555555555555 0.02265625
0 0.005555555555555556 0.23671875 0.02361111111111111 0.015625
0 0.03333333333333333 0.23359375 0.02638888888888889 0.01640625
0 0.10277777777777777 0.22578125 0.016666666666666666 0.01015625
0 0.9902777777777778 0.21640625 0.008333333333333333 0.0265625
0 0.06388888888888888 0.21328125 0.03194444444444444 0.01640625
0 0.9375 0.2125 0.05 0.03515625
0 0.9569444444444445 0.1703125 0.043055555555555555 0.03984375
0 0.7972222222222223 0.16328125 0.03333333333333333 0.0171875
0 0.9041666666666667 0.1546875 0.03194444444444444 0.01640625
0 0.8347222222222223 0.13671875 0.03611111111111111 0.02265625
0 0.8208333333333333 0.1171875 0.027777777777777776 0.015625
0 0.9166666666666666 0.1140625 0.0375 0.01953125
0 0.8791666666666667 0.1125 0.03611111111111111 0.02109375
0 0.7944444444444444 0.1125 0.03194444444444444 0.02109375
0 0.6902777777777778 0.1109375 0.07222222222222222 0.02734375
0 0.6541666666666667 0.10703125 0.0375 0.0234375
0 0.7555555555555555 0.09140625 0.034722222222222224 0.02421875
0 0.7333333333333333 0.09140625 0.016666666666666666 0.0109375
0 0.7902777777777777 0.0859375 0.0375 0.02578125
0 0.8194444444444444 0.06171875 0.02361111111111111 0.021875
