0 0.9625 0.73984375 0.0375 0.0140625
0 0.9361111111111111 0.72109375 0.0125 0.0109375
0 0.8013888888888889 0.70390625 0.044444444444444446 0.0296875
0 0.8625 0.70078125 0.015277777777777777 0.01875
0 0.8791666666666667 0.69921875 0.043055555555555555 0.01328125
0 0.9444444444444444 0.696875 0.013888888888888888 0.0109375
0 0.9777777777777777 0.68984375 0.013888888888888888 0.009375
0 0.24861111111111112 0.68203125 0.022222222222222223 0.01015625
0 0.8902777777777777 0.671875 0.020833333333333332 0.01328125
0 0.30277777777777776 0.671875 0.02638888888888889 0.0203125
0 0.002777777777777778 0.66796875 0.0375 0.0234375
0 0.7763888888888889 0.665625 0.016666666666666666 0.00546875
0 0.08611111111111111 0.6609375 0.02638888888888889 0.01640625
0 0.7513888888888889 0.65859375 0.02361111111111111 0.01171875
0 0.8166666666666667 0.65234375 0.0125 0.0109375
0 0.0 0.64609375 0.029166666666666667 0.015625
0 0.31666666666666665 0.64140625 0.030555555555555555 0.021875
0 0.17083333333333334 0.6359375 0.02638888888888889 0.01171875
0 0.7944444444444444 0.63203125 0.02638888888888889 0.0140625
0 0.7805555555555556 0.6265625 0.019444444444444445 0.00546875
0 0.9833333333333333 0.625 0.016666666666666666 0.0125
0 0.2708333333333333 0.62109375 0.013888888888888888 0.01640625
0 0.4736111111111111 0.60546875 0.05694444444444444 0.028125
0 0.5430555555555555 0.5984375 0.025 0.01796875
0 0.15694444444444444 0.58984375 0.022222222222222223 0.01328125
0 0.42083333333333334 0.584375 0.025 0.0203125
0 0.225 0.5734375 0.013888888888888888 0.01484375
0 0.7333333333333333 0.57265625 0.02638888888888889 0.01328125
0 0.43194444444444446 0.571875 0.015277777777777777 0.01015625
0 0.8638888888888889 0.56796875 0.015277777777777777 0.0078125
0 0.6638888888888889 0.5515625 0.02638888888888889 0.02265625
0 0.45555555555555555 0.55078125 0.022222222222222223 0.0109375
0 0.7527777777777778 0.5390625 0.043055555555555555 0.01875
0 0.5597222222222222 0.53125 0.020833333333333332 0.021875
0 0.44305555555555554 0.5234375 0.029166666666666667 0.01484375
0 0.43333333333333335 0.4859375 0.04583333333333333 0.02734375
0 0.5555555555555556 0.43359375 0.015277777777777777 0.0140625
0 0.5805555555555556 0.4328125 0.02361111111111111 0.0109375
0 0.5027777777777778 0.41640625 0.027777777777777776 0.0171875
0 0.8527777777777777 0.40703125 0.015277777777777777 0.01328125
0 0.5361111111111111 0.39765625 0.015277777777777777 0.00703125
0 0.6388888888888888 0.37109375 0.03194444444444444 0.01953125
0 0.4597222222222222 0.37109375 0.03194444444444444 0.0171875
0 0.5819444444444445 0.36953125 0.022222222222222223 0.0140625
0 0.7055555555555556 0.36171875 0.03611111111111111 0.01640625
0 0.3597222222222222 0.35859375 0.029166666666666667 0.01328125
0 0.3375 0.35625 0.018055555555555554 0.0078125
0 0.8263888888888888 0.3546875 0.020833333333333332 0.01015625
0 0.37777777777777777 0.340625 0.02361111111111111 0.0171875
0 0.34305555555555556 0.33359375 0.027777777777777776 0.015625
0 0.4888888888888889 0.3296875 0.02638888888888889 0.01484375
0 0.5625 0.328125 0.020833333333333332 0.01171875
0 0.8763888888888889 0.321875 0.013888888888888888 0.00859375
0 0.8277777777777777 0.3125 0.03194444444444444 0.01484375
0 0.6944444444444444 0.265625 0.011111111111111112 0.0109375
0 0.6416666666666667 0.24296875 0.020833333333333332 0.01640625
0 0.7277777777777777 0.234375 0.029166666666666667 0.0171875
0 0.5847222222222223 0.23359375 0.02361111111111111 0.0171875
0 0.5555555555555556 0.23203125 0.02638888888888889 0.01640625
0 0.6430555555555556 0.228125 0.016666666666666666 0.01328125
0 0.8319444444444445 0.2265625 0.009722222222222222 0.0125
0 0.6694444444444444 0.22265625 0.02638888888888889 0.0140625
0 0.5736111111111111 0.2203125 0.013888888888888888 0.009375
0 0.7527777777777778 0.21640625 0.05416666666666667 0.05234375
0 0.6347222222222222 0.2140625 0.019444444444444445 0.0125
0 0.7444444444444445 0.196875 0.027777777777777776 0.0171875
0 0.6555555555555556 0.18203125 0.022222222222222223 0.0203125
0 0.6875 0.178125 0.016666666666666666 0.01328125
0 0.6222222222222222 0.16171875 0.02638888888888889 0.01171875
