0 0.825 0.60625 0.04722222222222222 0.021875
0 0.4625 0.5921875 0.03194444444444444 0.0140625
0 0.7597222222222222 0.56484375 0.05694444444444444 0.0421875
0 0.39166666666666666 0.56328125 0.06111111111111111 0.03046875
0 0.6125 0.5359375 0.06805555555555555 0.01953125
0 0.058333333333333334 0.50625 0.025 0.01796875
0 0.001388888888888889 0.48125 0.027777777777777776 0.03984375
0 0.37916666666666665 0.471875 0.030555555555555555 0.02109375
0 0.35694444444444445 0.459375 0.041666666666666664 0.01484375
0 0.2111111111111111 0.45859375 0.05555555555555555 0.02890625
0 0.2833333333333333 0.4296875 0.04861111111111111 0.03203125
0 0.5833333333333334 0.39765625 0.027777777777777776 0.01796875
0 0.625 0.38828125 0.03888888888888889 0.025
0 0.5625 0.36328125 0.04583333333333333 0.01875
0 0.5722222222222222 0.33046875 0.05694444444444444 0.0265625
0 0.5361111111111111 0.31796875 0.043055555555555555 0.0234375
0 0.6236111111111111 0.25234375 0.044444444444444446 0.02265625
0 0.5277777777777778 0.24375 0.08611111111111111 0.028125
