0 0.13194444444444445 0.5046875 0.04722222222222222 0.03359375
0 0.16666666666666666 0.475 0.0375 0.025
0 0.16111111111111112 0.47109375 0.019444444444444445 0.01015625
0 0.05138888888888889 0.46796875 0.030555555555555555 0.021875
0 0.45416666666666666 0.46640625 0.018055555555555554 0.01171875
0 0.5125 0.44609375 0.022222222222222223 0.01640625
0 0.5847222222222223 0.4234375 0.020833333333333332 0.0078125
0 0.5055555555555555 0.42109375 0.020833333333333332 0.0109375
0 0.4083333333333333 0.41796875 0.02638888888888889 0.0078125
0 0.24722222222222223 0.3875 0.025 0.01015625
0 0.5902777777777778 0.3859375 0.02361111111111111 0.0109375
0 0.6152777777777778 0.38515625 0.029166666666666667 0.0171875
0 0.08888888888888889 0.36328125 0.025 0.0125
0 0.46111111111111114 0.3609375 0.02361111111111111 0.0125
0 0.3625 0.35625 0.03194444444444444 0.0171875
0 0.32222222222222224 0.35234375 0.027777777777777776 0.0140625
0 0.3194444444444444 0.33515625 0.027777777777777776 0.0125
0 0.25 0.33359375 0.025 0.01328125
0 0.37083333333333335 0.33125 0.03333333333333333 0.021875
0 0.013888888888888888 0.3265625 0.025 0.01484375
0 0.29305555555555557 0.31171875 0.03611111111111111 0.0140625
0 0.35 0.29765625 0.030555555555555555 0.0140625
0 0.06388888888888888 0.28984375 0.019444444444444445 0.01328125
0 0.08472222222222223 0.2890625 0.03333333333333333 0.01796875
0 0.0625 0.2765625 0.03333333333333333 0.0140625
0 0.2263888888888889 0.26953125 0.025 0.01328125
0 0.2652777777777778 0.23359375 0.025 0.0125
0 0.15555555555555556 0.2140625 0.03333333333333333 0.01875
0 0.02361111111111111 0.19453125 0.043055555555555555 0.01953125
