0 0.5847222222222223 0.9484375 0.06388888888888888 0.03984375
0 0.7513888888888889 0.87734375 0.029166666666666667 0.01484375
0 0.6138888888888889 0.86796875 0.058333333333333334 0.0421875
0 0.8486111111111111 0.821875 0.02361111111111111 0.01328125
0 0.13333333333333333 0.790625 0.04861111111111111 0.0265625
0 0.5263888888888889 0.78203125 0.027777777777777776 0.01328125
0 0.5930555555555556 0.778125 0.022222222222222223 0.00859375
0 0.07083333333333333 0.7625 0.04027777777777778 0.0203125
0 0.5791666666666667 0.72578125 0.04722222222222222 0.0234375
0 0.24583333333333332 0.7125 0.03333333333333333 0.01484375
0 0.2902777777777778 0.70390625 0.05694444444444444 0.02421875
0 0.8472222222222222 0.6703125 0.020833333333333332 0.0140625
0 0.5666666666666667 0.66953125 0.03888888888888889 0.01640625
0 0.2375 0.66875 0.041666666666666664 0.01640625
0 0.3541666666666667 0.64140625 0.029166666666666667 0.0140625
0 0.42777777777777776 0.634375 0.0375 0.02109375
0 0.9222222222222223 0.62265625 0.04861111111111111 0.01796875
0 0.3861111111111111 0.59609375 0.03194444444444444 0.021875
0 0.7097222222222223 0.58984375 0.025 0.015625
0 0.9541666666666667 0.58046875 0.034722222222222224 0.0140625
0 0.44027777777777777 0.575 0.02638888888888889 0.0140625
0 0.6291666666666667 0.56875 0.030555555555555555 0.01796875
0 0.5180555555555556 0.56875 0.034722222222222224 0.01328125
0 0.15555555555555556 0.55390625 0.04722222222222222 0.021875
0 0.9777777777777777 0.553125 0.022222222222222223 0.021875
0 0.47638888888888886 0.553125 0.03611111111111111 0.0390625
0 0.2625 0.546875 0.030555555555555555 0.015625
0 0.7 0.54375 0.05555555555555555 0.0296875
0 0.3541666666666667 0.54296875 0.022222222222222223 0.0234375
0 0.2875 0.52578125 0.04722222222222222 0.02109375
0 0.4083333333333333 0.50546875 0.03888888888888889 0.015625
0 0.35138888888888886 0.503125 0.044444444444444446 0.02734375
0 0.3888888888888889 0.49296875 0.03333333333333333 0.01875
0 0.30277777777777776 0.48828125 0.044444444444444446 0.0234375
0 0.6861111111111111 0.484375 0.04583333333333333 0.025
0 0.3263888888888889 0.4625 0.0375 0.01875
0 0.5652777777777778 0.4234375 0.022222222222222223 0.01328125
0 0.3763888888888889 0.4140625 0.04583333333333333 0.02734375
0 0.4708333333333333 0.41015625 0.03888888888888889 0.01875
0 0.6069444444444444 0.40859375 0.03333333333333333 0.015625
0 0.5097222222222222 0.40234375 0.06388888888888888 0.03984375
0 0.45555555555555555 0.3984375 0.02361111111111111 0.01171875
0 0.5111111111111111 0.36953125 0.041666666666666664 0.01640625
0 0.6736111111111112 0.3671875 0.04722222222222222 0.02578125
0 0.5083333333333333 0.353125 0.0375 0.01328125
0 0.001388888888888889 0.3484375 0.027777777777777776 0.02265625
0 0.5875 0.33984375 0.03611111111111111 0.02265625
0 0.39305555555555555 0.33671875 0.05277777777777778 0.0234375
0 0.6375 0.3328125 0.05 0.0296875
0 0.37777777777777777 0.31640625 0.030555555555555555 0.02109375
0 0.034722222222222224 0.3140625 0.04583333333333333 0.0296875
0 0.4513888888888889 0.3125 0.0375 0.0171875
0 0.5347222222222222 0.309375 0.06527777777777778 0.0453125
0 0.5416666666666666 0.28203125 0.025 0.0140625
0 0.49722222222222223 0.25546875 0.018055555555555554 0.021875
0 0.4097222222222222 0.25234375 0.09583333333333334 0.04375
0 0.4736111111111111 0.23828125 0.030555555555555555 0.01171875
0 0.5972222222222222 0.22578125 0.03194444444444444 0.01640625
0 0.42777777777777776 0.22421875 0.044444444444444446 0.0203125
0 0.5083333333333333 0.19765625 0.03888888888888889 0.02109375
0 0.5055555555555555 0.153125 0.029166666666666667 0.015625
0 0.5513888888888889 0.125 0.044444444444444446 0.03203125
