0 0.9111111111111111 0.896875 0.044444444444444446 0.02421875
0 0.9680555555555556 0.8953125 0.025 0.01953125
0 0.7402777777777778 0.71796875 0.04861111111111111 0.02890625
0 0.5041666666666667 0.71640625 0.08194444444444444 0.034375
0 0.9402777777777778 0.71328125 0.04027777777777778 0.02265625
0 0.6013888888888889 0.7125 0.0375 0.021875
0 0.23194444444444445 0.7078125 0.05 0.0296875
0 0.15416666666666667 0.66953125 0.03333333333333333 0.01484375
0 0.6722222222222223 0.66640625 0.029166666666666667 0.02109375
0 0.5527777777777778 0.64296875 0.041666666666666664 0.01171875
0 0.6180555555555556 0.61484375 0.059722222222222225 0.03203125
0 0.4666666666666667 0.60234375 0.05416666666666667 0.0296875
0 0.9583333333333334 0.57109375 0.0375 0.01953125
0 0.49444444444444446 0.5640625 0.05555555555555555 0.02109375
0 0.43472222222222223 0.54140625 0.05 0.02109375
0 0.5972222222222222 0.525 0.06666666666666667 0.02734375
0 0.7 0.5234375 0.03194444444444444 0.0171875
0 0.3125 0.51875 0.05277777777777778 0.0265625
0 0.2513888888888889 0.5140625 0.04861111111111111 0.0265625
0 0.5513888888888889 0.49921875 0.05555555555555555 0.03046875
0 0.6208333333333333 0.47265625 0.03333333333333333 0.02265625
0 0.019444444444444445 0.4640625 0.03611111111111111 0.0203125
0 0.24027777777777778 0.46328125 0.04861111111111111 0.02578125
0 0.7638888888888888 0.4515625 0.029166666666666667 0.01484375
0 0.15833333333333333 0.45 0.06111111111111111 0.03046875
0 0.8833333333333333 0.44453125 0.03333333333333333 0.02109375
0 0.39444444444444443 0.4390625 0.05 0.02578125
0 0.7847222222222222 0.43046875 0.03194444444444444 0.01953125
0 0.8722222222222222 0.42734375 0.02361111111111111 0.01484375
0 0.8319444444444445 0.41015625 0.04027777777777778 0.01875
0 0.9472222222222222 0.39921875 0.04027777777777778 0.02109375
0 0.8819444444444444 0.3984375 0.034722222222222224 0.01796875
0 0.49027777777777776 0.38984375 0.059722222222222225 0.02890625
0 0.31527777777777777 0.38984375 0.13194444444444445 0.04765625
0 0.25416666666666665 0.3671875 0.03888888888888889 0.01484375
0 0.9722222222222222 0.3578125 0.027777777777777776 0.0390625
0 0.38333333333333336 0.33671875 0.08888888888888889 0.02734375
0 0.22361111111111112 0.31953125 0.05694444444444444 0.03515625
0 0.4847222222222222 0.24765625 0.09305555555555556 0.05859375
0 0.4083333333333333 0.22421875 0.05555555555555555 0.05078125
0 0.6416666666666667 0.2203125 0.04861111111111111 0.02890625
0 0.3875 0.1421875 0.05555555555555555 0.021875
0 0.4736111111111111 0.1359375 0.08055555555555556 0.0390625
0 0.4444444444444444 0.13203125 0.018055555555555554 0.01875
0 0.4166666666666667 0.0890625 0.04583333333333333 0.0328125
