0 0.6708333333333333 0.9625 0.05416666666666667 0.03515625
0 0.8055555555555556 0.94296875 0.043055555555555555 0.0296875
0 0.9472222222222222 0.890625 0.02638888888888889 0.02734375
0 0.925 0.846875 0.058333333333333334 0.02421875
0 0.1736111111111111 0.84609375 0.020833333333333332 0.01953125
0 0.7472222222222222 0.81171875 0.019444444444444445 0.02109375
0 0.7 0.728125 0.05277777777777778 0.0296875
0 0.6819444444444445 0.70859375 0.029166666666666667 0.02109375
0 0.9472222222222222 0.7 0.05277777777777778 0.03984375
0 0.8055555555555556 0.59375 0.059722222222222225 0.034375
0 0.8986111111111111 0.57109375 0.09027777777777778 0.03828125
0 0.8777777777777778 0.54765625 0.019444444444444445 0.021875
0 0.21666666666666667 0.52109375 0.03888888888888889 0.01875
0 0.8833333333333333 0.5125 0.07361111111111111 0.03203125
0 0.5208333333333334 0.5125 0.06388888888888888 0.03359375
0 0.9666666666666667 0.50390625 0.03333333333333333 0.0265625
0 0.8180555555555555 0.5015625 0.043055555555555555 0.0375
0 0.9347222222222222 0.43046875 0.05 0.021875
0 0.9180555555555555 0.3921875 0.02638888888888889 0.02734375
0 0.7944444444444444 0.35390625 0.11388888888888889 0.09765625
0 0.9055555555555556 0.32265625 0.06388888888888888 0.03046875
0 0.11944444444444445 0.28515625 0.04861111111111111 0.0234375
0 0.16527777777777777 0.25625 0.05694444444444444 0.0359375
0 0.8208333333333333 0.24765625 0.03888888888888889 0.0328125
0 0.3861111111111111 0.21015625 0.05138888888888889 0.025
0 0.9069444444444444 0.1953125 0.05 0.0296875
0 0.18888888888888888 0.184375 0.05138888888888889 0.03125
0 0.37083333333333335 0.175 0.018055555555555554 0.0171875
0 0.39444444444444443 0.16875 0.027777777777777776 0.02734375
0 0.95 0.1546875 0.04583333333333333 0.02421875
