0 0.8458333333333333 0.6203125 0.041666666666666664 0.02265625
0 0.7111111111111111 0.60859375 0.04583333333333333 0.021875
0 0.5819444444444445 0.58828125 0.043055555555555555 0.02734375
0 0.6027777777777777 0.5625 0.02361111111111111 0.02265625
0 0.9277777777777778 0.5359375 0.04722222222222222 0.02578125
0 0.625 0.52421875 0.019444444444444445 0.025
0 0.8333333333333334 0.51875 0.029166666666666667 0.01875
0 0.8638888888888889 0.50625 0.0375 0.0234375
0 0.7291666666666666 0.5 0.06666666666666667 0.0328125
0 0.9458333333333333 0.4984375 0.016666666666666666 0.0140625
0 0.5430555555555555 0.496875 0.025 0.02109375
0 0.2916666666666667 0.48046875 0.04027777777777778 0.02421875
0 0.9777777777777777 0.465625 0.022222222222222223 0.02265625
0 0.4930555555555556 0.453125 0.025 0.01640625
0 0.9027777777777778 0.4484375 0.030555555555555555 0.01484375
0 0.46944444444444444 0.43984375 0.030555555555555555 0.0171875
0 0.7861111111111111 0.4390625 0.027777777777777776 0.01328125
0 0.1763888888888889 0.43125 0.03194444444444444 0.01171875
0 0.8722222222222222 0.346875 0.02638888888888889 0.009375
0 0.8680555555555556 0.278125 0.05416666666666667 0.03984375
0 0.8361111111111111 0.146875 0.015277777777777777 0.01328125
0 0.7166666666666667 0.1421875 0.059722222222222225 0.03828125
