0 0.8569444444444444 0.734375 0.06666666666666667 0.0359375
0 0.6458333333333334 0.72890625 0.044444444444444446 0.0203125
0 0.4083333333333333 0.659375 0.04861111111111111 0.02578125
0 0.8125 0.65625 0.029166666666666667 0.015625
0 0.8611111111111112 0.634375 0.05138888888888889 0.028125
0 0.6708333333333333 0.625 0.029166666666666667 0.01875
0 0.0 0.5625 0.019444444444444445 0.053125
0 0.4305555555555556 0.55234375 0.043055555555555555 0.0234375
0 0.95 0.54375 0.041666666666666664 0.01875
0 0.6611111111111111 0.515625 0.041666666666666664 0.01640625
0 0.3388888888888889 0.47421875 0.09861111111111111 0.0359375
0 0.75 0.4546875 0.044444444444444446 0.02578125
0 0.48055555555555557 0.45390625 0.05694444444444444 0.0234375
0 0.6916666666666667 0.453125 0.04583333333333333 0.03203125
0 0.7597222222222222 0.42734375 0.04861111111111111 0.0265625
0 0.21805555555555556 0.42734375 0.09166666666666666 0.03828125
0 0.5402777777777777 0.41796875 0.08888888888888889 0.04765625
0 0.6416666666666667 0.40546875 0.025 0.015625
0 0.5819444444444445 0.38046875 0.03611111111111111 0.01796875
0 0.7930555555555555 0.378125 0.022222222222222223 0.0203125
0 0.03333333333333333 0.3703125 0.06388888888888888 0.02734375
0 0.18194444444444444 0.3640625 0.05416666666666667 0.021875
0 0.1111111111111111 0.35859375 0.0625 0.0328125
0 0.35833333333333334 0.35234375 0.05138888888888889 0.0328125
0 0.7916666666666666 0.34765625 0.08888888888888889 0.0265625
0 0.4097222222222222 0.346875 0.06111111111111111 0.034375
0 0.5611111111111111 0.32109375 0.04861111111111111 0.02578125
0 0.5222222222222223 0.290625 0.04027777777777778 0.02265625
0 0.7472222222222222 0.2890625 0.04722222222222222 0.0296875
0 0.5847222222222223 0.275 0.041666666666666664 0.03125
0 0.001388888888888889 0.26328125 0.03333333333333333 0.02421875
0 0.034722222222222224 0.23046875 0.08888888888888889 0.05078125
0 0.7791666666666667 0.22734375 0.03333333333333333 0.01796875
0 0.6930555555555555 0.22421875 0.05138888888888889 0.02421875
0 0.5083333333333333 0.215625 0.058333333333333334 0.05390625
0 0.6375 0.21015625 0.05555555555555555 0.034375
0 0.7680555555555556 0.19921875 0.019444444444444445 0.021875
0 0.5305555555555556 0.190625 0.08611111111111111 0.02890625
0 0.6263888888888889 0.1640625 0.09722222222222222 0.046875
0 0.7361111111111112 0.11953125 0.0625 0.0359375
0 0.006944444444444444 0.1125 0.10833333333333334 0.08203125
0 0.002777777777777778 0.025 0.06111111111111111 0.05703125
