0 0.03888888888888889 0.59453125 0.030555555555555555 0.01484375
0 0.009722222222222222 0.58046875 0.02638888888888889 0.01953125
0 0.5583333333333333 0.57890625 0.044444444444444446 0.02421875
0 0.8694444444444445 0.56171875 0.06666666666666667 0.02265625
0 0.33194444444444443 0.55078125 0.034722222222222224 0.01953125
0 0.07222222222222222 0.540625 0.07916666666666666 0.06171875
0 0.48333333333333334 0.5359375 0.030555555555555555 0.015625
0 0.2375 0.503125 0.04722222222222222 0.02109375
0 0.9152777777777777 0.48984375 0.06527777777777778 0.02890625
0 0.06805555555555555 0.48671875 0.05694444444444444 0.02265625
0 0.6583333333333333 0.46171875 0.030555555555555555 0.01953125
0 0.8152777777777778 0.4546875 0.05416666666666667 0.03203125
0 0.12916666666666668 0.44765625 0.04027777777777778 0.0171875
0 0.2388888888888889 0.353125 0.03333333333333333 0.0125
0 0.24861111111111112 0.325 0.03611111111111111 0.0203125
0 0.3138888888888889 0.3203125 0.06527777777777778 0.03046875
0 0.40555555555555556 0.309375 0.041666666666666664 0.0234375
0 0.26805555555555555 0.3078125 0.03194444444444444 0.015625
0 0.20416666666666666 0.2875 0.030555555555555555 0.02109375
0 0.08194444444444444 0.28515625 0.04583333333333333 0.01640625
0 0.23055555555555557 0.27734375 0.03333333333333333 0.01640625
0 0.0763888888888889 0.26640625 0.0375 0.015625
0 0.11805555555555555 0.24453125 0.044444444444444446 0.0234375
0 0.15138888888888888 0.2125 0.04583333333333333 0.021875
0 0.001388888888888889 0.20859375 0.025 0.01953125
0 0.002777777777777778 0.17578125 0.044444444444444446 0.02578125
0 0.09444444444444444 0.16171875 0.03194444444444444 0.02734375
