0 0.6694444444444444 0.59921875 0.02361111111111111 0.01484375
0 0.6152777777777778 0.58671875 0.025 0.0140625
0 0.9263888888888889 0.5796875 0.04027777777777778 0.01796875
0 0.5652777777777778 0.57578125 0.03611111111111111 0.02109375
0 0.7416666666666667 0.5703125 0.04027777777777778 0.03125
0 0.7458333333333333 0.55625 0.03611111111111111 0.01484375
0 0.3527777777777778 0.5515625 0.030555555555555555 0.0171875
0 0.8055555555555556 0.51875 0.04027777777777778 0.01484375
0 0.42777777777777776 0.49921875 0.016666666666666666 0.01640625
0 0.9347222222222222 0.43984375 0.05277777777777778 0.025
0 0.4444444444444444 0.41484375 0.03194444444444444 0.0171875
0 0.1875 0.40234375 0.04027777777777778 0.0234375
0 0.0 0.3953125 0.013888888888888888 0.0125
0 0.24305555555555555 0.340625 0.041666666666666664 0.0234375
0 0.8430555555555556 0.3390625 0.03611111111111111 0.0265625
0 0.7305555555555555 0.30390625 0.034722222222222224 0.02265625
0 0.7972222222222223 0.284375 0.04583333333333333 0.02421875
0 0.3736111111111111 0.19609375 0.025 0.0140625
0 0.9138888888888889 0.178125 0.019444444444444445 0.01953125
0 0.35555555555555557 0.16328125 0.0375 0.02734375
0 0.9638888888888889 0.15625 0.020833333333333332 0.01484375
0 0.3763888888888889 0.05078125 0.013888888888888888 0.01328125
0 0.45 0.0234375 0.013888888888888888 0.01171875
0 0.5194444444444445 0.0 0.03888888888888889 0.0125
