0 0.3680555555555556 0.71328125 0.05277777777777778 0.03125
0 0.3055555555555556 0.68359375 0.05416666666666667 0.01953125
0 0.07777777777777778 0.6671875 0.05277777777777778 0.0359375
0 0.7402777777777778 0.63046875 0.05555555555555555 0.03046875
0 0.21805555555555556 0.6125 0.025 0.01953125
0 0.07361111111111111 0.59609375 0.03333333333333333 0.0296875
0 0.5875 0.590625 0.0375 0.0140625
0 0.6347222222222222 0.5859375 0.022222222222222223 0.01640625
0 0.14166666666666666 0.57734375 0.03888888888888889 0.02890625
0 0.0125 0.5671875 0.058333333333333334 0.0359375
0 0.09583333333333334 0.56484375 0.03888888888888889 0.01328125
0 0.2611111111111111 0.5421875 0.02638888888888889 0.01171875
0 0.26666666666666666 0.50859375 0.030555555555555555 0.0171875
0 0.3736111111111111 0.4453125 0.027777777777777776 0.015625
0 0.2902777777777778 0.43046875 0.025 0.015625
0 0.75 0.4203125 0.13333333333333333 0.0421875
0 0.009722222222222222 0.41640625 0.05277777777777778 0.0234375
0 0.1125 0.409375 0.025 0.015625
0 0.8027777777777778 0.3953125 0.025 0.01484375
0 0.7041666666666667 0.37265625 0.05555555555555555 0.02421875
0 0.4513888888888889 0.36875 0.04861111111111111 0.028125
0 0.6180555555555556 0.35625 0.06527777777777778 0.03515625
0 0.9125 0.33828125 0.059722222222222225 0.034375
0 0.30416666666666664 0.32265625 0.041666666666666664 0.01640625
0 0.3416666666666667 0.309375 0.04027777777777778 0.0203125
0 0.005555555555555556 0.28828125 0.08194444444444444 0.0375
0 0.8583333333333333 0.27734375 0.1375 0.05703125
0 0.125 0.2625 0.05 0.0234375
0 0.001388888888888889 0.2609375 0.02638888888888889 0.0296875
0 0.7361111111111112 0.25859375 0.05138888888888889 0.025
0 0.2152777777777778 0.25625 0.04861111111111111 0.021875
0 0.31527777777777777 0.240625 0.04722222222222222 0.02890625
0 0.8972222222222223 0.2234375 0.0763888888888889 0.0375
0 0.7097222222222223 0.20859375 0.06388888888888888 0.04296875
0 0.10972222222222222 0.19375 0.044444444444444446 0.03046875
0 0.2777777777777778 0.165625 0.041666666666666664 0.0203125
0 0.21666666666666667 0.16015625 0.03194444444444444 0.01953125
0 0.9888888888888889 0.128125 0.011111111111111112 0.03125
0 0.07083333333333333 0.125 0.03611111111111111 0.0265625
0 0.22361111111111112 0.12421875 0.09166666666666666 0.03046875
0 0.8902777777777777 0.1234375 0.05694444444444444 0.03359375
0 0.8930555555555556 0.096875 0.03888888888888889 0.02265625
0 0.2013888888888889 0.08671875 0.0375 0.0203125
0 0.9069444444444444 0.0015625 0.07222222222222222 0.02578125
0 0.12638888888888888 0.00078125 0.04861111111111111 0.03515625
