0 0.1388888888888889 0.71953125 0.019444444444444445 0.0140625
0 0.10555555555555556 0.66484375 0.05555555555555555 0.0234375
0 0.14166666666666666 0.64921875 0.03888888888888889 0.015625
0 0.0875 0.62421875 0.044444444444444446 0.03203125
0 0.7541666666666667 0.609375 0.020833333333333332 0.01328125
0 0.12083333333333333 0.603125 0.05277777777777778 0.025
0 0.6722222222222223 0.478125 0.034722222222222224 0.01484375
0 0.1625 0.45234375 0.05 0.0421875
0 0.7430555555555556 0.4140625 0.034722222222222224 0.0140625
0 0.6402777777777777 0.40078125 0.02361111111111111 0.01796875
0 0.9375 0.30390625 0.05555555555555555 0.03203125
