0 0.10694444444444444 0.759375 0.044444444444444446 0.03203125
0 0.5930555555555556 0.7453125 0.03611111111111111 0.015625
0 0.0625 0.71640625 0.05555555555555555 0.0265625
0 0.3680555555555556 0.70625 0.029166666666666667 0.015625
0 0.4597222222222222 0.70234375 0.04027777777777778 0.02734375
0 0.5611111111111111 0.7 0.041666666666666664 0.01875
0 0.31527777777777777 0.678125 0.030555555555555555 0.01484375
0 0.4222222222222222 0.67578125 0.03888888888888889 0.0171875
0 0.6277777777777778 0.64921875 0.030555555555555555 0.046875
0 0.5583333333333333 0.6 0.02638888888888889 0.01875
0 0.33194444444444443 0.571875 0.05277777777777778 0.021875
0 0.5777777777777777 0.53828125 0.03194444444444444 0.0140625
0 0.8041666666666667 0.5375 0.027777777777777776 0.0203125
0 0.7375 0.53671875 0.02638888888888889 0.0234375
0 0.7097222222222223 0.48984375 0.03611111111111111 0.021875
0 0.16111111111111112 0.4828125 0.03333333333333333 0.01484375
0 0.7611111111111111 0.48046875 0.03888888888888889 0.03046875
0 0.575 0.48046875 0.04722222222222222 0.02734375
0 0.5611111111111111 0.428125 0.04027777777777778 0.02421875
0 0.7138888888888889 0.42578125 0.025 0.01796875
0 0.36666666666666664 0.4125 0.05277777777777778 0.0265625
0 0.6763888888888889 0.39921875 0.05 0.01953125
0 0.40694444444444444 0.3921875 0.04583333333333333 0.0171875
0 0.6236111111111111 0.38671875 0.034722222222222224 0.01796875
0 0.5097222222222222 0.3640625 0.03333333333333333 0.01796875
0 0.5069444444444444 0.3359375 0.034722222222222224 0.0171875
0 0.4375 0.309375 0.03611111111111111 0.01484375
0 0.04583333333333333 0.2953125 0.08333333333333333 0.03671875
0 0.5458333333333333 0.290625 0.05138888888888889 0.0359375
0 0.43333333333333335 0.24765625 0.059722222222222225 0.0265625
0 0.44166666666666665 0.1890625 0.05416666666666667 0.02890625
0 0.5958333333333333 0.184375 0.08472222222222223 0.040625
0 0.5333333333333333 0.1796875 0.022222222222222223 0.02109375
