0 0.31527777777777777 0.88046875 0.05416666666666667 0.02890625
0 0.3611111111111111 0.85390625 0.041666666666666664 0.02421875
0 0.7847222222222222 0.81640625 0.06527777777777778 0.03046875
0 0.8513888888888889 0.80546875 0.041666666666666664 0.03359375
0 0.5555555555555556 0.7734375 0.034722222222222224 0.0234375
0 0.17222222222222222 0.76953125 0.02638888888888889 0.01953125
0 0.4861111111111111 0.76328125 0.03888888888888889 0.0265625
0 0.001388888888888889 0.759375 0.027777777777777776 0.03046875
0 0.09444444444444444 0.75703125 0.043055555555555555 0.02734375
0 0.2763888888888889 0.73671875 0.05 0.0234375
0 0.044444444444444446 0.73359375 0.05694444444444444 0.03046875
0 0.3819444444444444 0.73203125 0.04722222222222222 0.0265625
0 0.43333333333333335 0.73046875 0.016666666666666666 0.0203125
0 0.6319444444444444 0.715625 0.04583333333333333 0.02734375
0 0.11805555555555555 0.696875 0.07361111111111111 0.04375
0 0.059722222222222225 0.67421875 0.05138888888888889 0.01875
0 0.8083333333333333 0.65703125 0.04027777777777778 0.02265625
0 0.17777777777777778 0.65078125 0.043055555555555555 0.0234375
0 0.018055555555555554 0.65 0.029166666666666667 0.02109375
0 0.5458333333333333 0.63828125 0.05 0.021875
0 0.006944444444444444 0.59296875 0.025 0.02109375
0 0.7583333333333333 0.58828125 0.06388888888888888 0.02890625
0 0.5305555555555556 0.578125 0.041666666666666664 0.02265625
0 0.6861111111111111 0.5734375 0.06805555555555555 0.021875
0 0.8944444444444445 0.57265625 0.03194444444444444 0.021875
0 0.8430555555555556 0.534375 0.04583333333333333 0.01796875
0 0.058333333333333334 0.52265625 0.03888888888888889 0.028125
0 0.9125 0.4984375 0.043055555555555555 0.0203125
0 0.7486111111111111 0.48203125 0.06388888888888888 0.03203125
0 0.5763888888888888 0.475 0.0375 0.02421875
0 0.075 0.465625 0.07083333333333333 0.03828125
0 0.8652777777777778 0.4546875 0.06388888888888888 0.028125
0 0.8111111111111111 0.43515625 0.06388888888888888 0.0296875
0 0.9236111111111112 0.42734375 0.04027777777777778 0.025
0 0.4444444444444444 0.32578125 0.05277777777777778 0.02578125
0 0.8430555555555556 0.31796875 0.12222222222222222 0.065625
0 0.7791666666666667 0.30546875 0.03888888888888889 0.01640625
0 0.5111111111111111 0.303125 0.06111111111111111 0.03046875
0 0.9416666666666667 0.2890625 0.058333333333333334 0.05703125
0 0.001388888888888889 0.28046875 0.03194444444444444 0.0171875
0 0.8458333333333333 0.265625 0.058333333333333334 0.0265625
0 0.7736111111111111 0.2625 0.02638888888888889 0.01953125
0 0.8027777777777778 0.24453125 0.03194444444444444 0.0140625
0 0.6958333333333333 0.209375 0.10277777777777777 0.06015625
0 0.8402777777777778 0.1921875 0.08194444444444444 0.03203125
0 0.7055555555555556 0.1640625 0.0625 0.03671875
0 0.8069444444444445 0.1328125 0.05416666666666667 0.0328125
0 0.7097222222222223 0.125 0.05555555555555555 0.02734375
0 0.7847222222222222 0.0671875 0.06111111111111111 0.059375
