0 0.5611111111111111 0.80546875 0.041666666666666664 0.02890625
0 0.5763888888888888 0.746875 0.019444444444444445 0.0109375
0 0.3888888888888889 0.73125 0.022222222222222223 0.01796875
0 0.4875 0.7046875 0.02361111111111111 0.01328125
0 0.4638888888888889 0.7046875 0.013888888888888888 0.01015625
0 0.37222222222222223 0.70078125 0.0375 0.02734375
0 0.6416666666666667 0.63515625 0.018055555555555554 0.0171875
0 0.6708333333333333 0.61640625 0.041666666666666664 0.0109375
0 0.7944444444444444 0.60703125 0.03194444444444444 0.02265625
0 0.5125 0.60625 0.044444444444444446 0.0265625
0 0.4666666666666667 0.59453125 0.019444444444444445 0.01171875
0 0.6041666666666666 0.5875 0.05138888888888889 0.01796875
0 0.6847222222222222 0.55625 0.034722222222222224 0.01875
0 0.7375 0.509375 0.019444444444444445 0.01328125
0 0.4125 0.5078125 0.05555555555555555 0.06171875
0 0.6666666666666666 0.50703125 0.06388888888888888 0.0265625
0 0.2861111111111111 0.4828125 0.027777777777777776 0.015625
0 0.37083333333333335 0.48046875 0.043055555555555555 0.01640625
0 0.30416666666666664 0.46953125 0.02638888888888889 0.01796875
0 0.4930555555555556 0.4640625 0.07083333333333333 0.02734375
0 0.30416666666666664 0.446875 0.043055555555555555 0.015625
0 0.4111111111111111 0.44296875 0.05138888888888889 0.02578125
0 0.5805555555555556 0.4265625 0.04722222222222222 0.02578125
0 0.48055555555555557 0.4171875 0.044444444444444446 0.02265625
0 0.3402777777777778 0.40625 0.02361111111111111 0.015625
0 0.3 0.38828125 0.027777777777777776 0.02109375
0 0.46944444444444444 0.3875 0.05555555555555555 0.02890625
0 0.3458333333333333 0.3703125 0.05138888888888889 0.025
0 0.4513888888888889 0.36171875 0.02361111111111111 0.0125
0 0.42777777777777776 0.34921875 0.0125 0.01328125
0 0.38055555555555554 0.340625 0.034722222222222224 0.02109375
0 0.49444444444444446 0.334375 0.041666666666666664 0.01875
0 0.3458333333333333 0.3125 0.015277777777777777 0.015625
0 0.3680555555555556 0.30703125 0.020833333333333332 0.0125
0 0.5263888888888889 0.30625 0.04027777777777778 0.02578125
0 0.41805555555555557 0.303125 0.04861111111111111 0.0265625
0 0.4041666666666667 0.2671875 0.041666666666666664 0.021875
0 0.5152777777777777 0.25703125 0.034722222222222224 0.0234375
0 0.4111111111111111 0.2234375 0.034722222222222224 0.0171875
0 0.475 0.21796875 0.019444444444444445 0.01953125
0 0.38472222222222224 0.2109375 0.016666666666666666 0.0078125
0 0.4444444444444444 0.19921875 0.034722222222222224 0.02734375
0 0.5180555555555556 0.18125 0.04583333333333333 0.02265625
