0 0.10277777777777777 0.85078125 0.044444444444444446 0.0328125
0 0.2625 0.82421875 0.04861111111111111 0.02734375
0 0.059722222222222225 0.78046875 0.020833333333333332 0.0140625
0 0.9569444444444445 0.7625 0.018055555555555554 0.015625
0 0.09305555555555556 0.76015625 0.029166666666666667 0.02265625
0 0.009722222222222222 0.62421875 0.03194444444444444 0.015625
0 0.5472222222222223 0.5953125 0.04027777777777778 0.0140625
0 0.5361111111111111 0.58203125 0.03333333333333333 0.0125
0 0.03333333333333333 0.5328125 0.020833333333333332 0.01640625
0 0.05277777777777778 0.5234375 0.041666666666666664 0.021875
0 0.001388888888888889 0.4703125 0.0125 0.02578125
0 0.025 0.46640625 0.041666666666666664 0.0203125
0 0.001388888888888889 0.4484375 0.03194444444444444 0.0171875
0 0.034722222222222224 0.425 0.0625 0.07578125
0 0.0 0.41796875 0.02638888888888889 0.01875
0 0.0 0.3984375 0.019444444444444445 0.01171875
0 0.5416666666666666 0.35 0.07916666666666666 0.03203125
0 0.05 0.340625 0.04027777777777778 0.02421875
0 0.001388888888888889 0.28515625 0.0125 0.02109375
0 0.5319444444444444 0.284375 0.030555555555555555 0.01953125
0 0.375 0.26328125 0.04027777777777778 0.01796875
0 0.3236111111111111 0.2109375 0.10833333333333334 0.04453125
0 0.33055555555555555 0.20703125 0.043055555555555555 0.01796875
