0 0.07777777777777778 0.690625 0.04027777777777778 0.0328125
0 0.5680555555555555 0.68671875 0.0875 0.02890625
0 0.043055555555555555 0.6859375 0.030555555555555555 0.0265625
0 0.38472222222222224 0.67109375 0.02361111111111111 0.0125
0 0.49166666666666664 0.6359375 0.03333333333333333 0.0140625
0 0.5916666666666667 0.62734375 0.05555555555555555 0.028125
0 0.4111111111111111 0.62265625 0.03888888888888889 0.01796875
0 0.6152777777777778 0.58125 0.03888888888888889 0.028125
0 0.7111111111111111 0.52734375 0.03611111111111111 0.0203125
0 0.5916666666666667 0.509375 0.05277777777777778 0.02421875
0 0.5875 0.484375 0.025 0.01953125
0 0.5013888888888889 0.478125 0.03888888888888889 0.021875
0 0.3625 0.4640625 0.07222222222222222 0.03203125
0 0.9166666666666666 0.453125 0.0375 0.01484375
0 0.9722222222222222 0.44375 0.027777777777777776 0.01484375
0 0.6222222222222222 0.421875 0.041666666666666664 0.04140625
0 0.43472222222222223 0.4171875 0.030555555555555555 0.0265625
0 0.49027777777777776 0.3734375 0.02361111111111111 0.01875
0 0.28888888888888886 0.36875 0.03611111111111111 0.02578125
0 0.3375 0.36484375 0.059722222222222225 0.02890625
0 0.6097222222222223 0.353125 0.14166666666666666 0.0890625
0 0.4083333333333333 0.32890625 0.019444444444444445 0.01484375
0 0.725 0.30703125 0.03194444444444444 0.015625
0 0.5041666666666667 0.2578125 0.025 0.03359375
0 0.42916666666666664 0.25703125 0.04722222222222222 0.02578125
0 0.2763888888888889 0.25078125 0.05277777777777778 0.0328125
0 0.5708333333333333 0.23359375 0.05694444444444444 0.0265625
0 0.4222222222222222 0.23046875 0.029166666666666667 0.01796875
0 0.3611111111111111 0.21875 0.043055555555555555 0.02421875
0 0.475 0.2125 0.03333333333333333 0.02109375
0 0.4375 0.184375 0.05555555555555555 0.0296875
0 0.4263888888888889 0.16875 0.03194444444444444 0.02109375
0 0.4930555555555556 0.1625 0.043055555555555555 0.040625
0 0.5472222222222223 0.12265625 0.06944444444444445 0.07890625
0 0.44722222222222224 0.11796875 0.06666666666666667 0.04375
0 0.5097222222222222 0.10625 0.04861111111111111 0.02265625
0 0.5430555555555555 0.08125 0.03333333333333333 0.02265625
0 0.47638888888888886 0.0703125 0.05277777777777778 0.03828125
0 0.5277777777777778 0.05859375 0.05138888888888889 0.02890625
0 0.4361111111111111 0.028125 0.06527777777777778 0.0421875
0 0.5166666666666667 0.02734375 0.03194444444444444 0.0265625
