0 0.5958333333333333 0.79296875 0.04027777777777778 0.0328125
0 0.9347222222222222 0.7515625 0.059722222222222225 0.021875
0 0.4388888888888889 0.72421875 0.03611111111111111 0.0171875
0 0.5375 0.71875 0.0375 0.03125
0 0.55 0.70546875 0.029166666666666667 0.0140625
0 0.6 0.6796875 0.02361111111111111 0.01328125
0 0.5041666666666667 0.67734375 0.05 0.028125
0 0.6263888888888889 0.66484375 0.018055555555555554 0.01484375
0 0.5069444444444444 0.5890625 0.09305555555555556 0.03828125
0 0.3055555555555556 0.56640625 0.044444444444444446 0.021875
0 0.25833333333333336 0.5375 0.027777777777777776 0.01640625
0 0.5263888888888889 0.52890625 0.03611111111111111 0.0203125
0 0.35138888888888886 0.52421875 0.08194444444444444 0.04765625
0 0.4361111111111111 0.5171875 0.019444444444444445 0.01875
0 0.5472222222222223 0.50390625 0.03888888888888889 0.02421875
0 0.5930555555555556 0.49296875 0.030555555555555555 0.02265625
0 0.2902777777777778 0.459375 0.1 0.0359375
0 0.015277777777777777 0.4546875 0.06666666666666667 0.0359375
0 0.5236111111111111 0.4453125 0.06666666666666667 0.04453125
0 0.3111111111111111 0.43125 0.04722222222222222 0.021875
0 0.002777777777777778 0.41640625 0.030555555555555555 0.0140625
0 0.6972222222222222 0.40390625 0.0375 0.0234375
0 0.3763888888888889 0.3921875 0.05138888888888889 0.03984375
0 0.6125 0.38671875 0.07222222222222222 0.0484375
0 0.0625 0.3796875 0.02638888888888889 0.0125
0 0.034722222222222224 0.36796875 0.016666666666666666 0.0125
0 0.3111111111111111 0.35703125 0.025 0.01171875
0 0.2263888888888889 0.34140625 0.03333333333333333 0.0171875
0 0.49027777777777776 0.3375 0.05 0.02734375
0 0.004166666666666667 0.334375 0.02638888888888889 0.0125
0 0.5305555555555556 0.32578125 0.02638888888888889 0.0140625
0 0.6666666666666666 0.28671875 0.05694444444444444 0.0375
0 0.5 0.28359375 0.08194444444444444 0.0390625
0 0.6125 0.2578125 0.03333333333333333 0.021875
0 0.3597222222222222 0.246875 0.05138888888888889 0.03203125
0 0.5125 0.21796875 0.04027777777777778 0.02578125
0 0.4083333333333333 0.209375 0.034722222222222224 0.01875
0 0.5388888888888889 0.190625 0.041666666666666664 0.0234375
0 0.4 0.14765625 0.04722222222222222 0.028125
0 0.45694444444444443 0.1453125 0.10138888888888889 0.0640625
0 0.45416666666666666 0.1359375 0.03888888888888889 0.0234375
0 0.41388888888888886 0.078125 0.11527777777777778 0.05546875
0 0.4527777777777778 0.0609375 0.041666666666666664 0.02734375
0 0.49166666666666664 0.0234375 0.06666666666666667 0.05234375
