0 0.4013888888888889 0.77734375 0.0625 0.028125
0 0.37083333333333335 0.71640625 0.059722222222222225 0.03671875
0 0.09027777777777778 0.6375 0.04722222222222222 0.02421875
0 0.26944444444444443 0.590625 0.10416666666666667 0.04140625
0 0.2263888888888889 0.571875 0.027777777777777776 0.0203125
0 0.16944444444444445 0.559375 0.05555555555555555 0.04296875
0 0.5833333333333334 0.534375 0.03333333333333333 0.0125
0 0.22777777777777777 0.52265625 0.05694444444444444 0.028125
0 0.9513888888888888 0.521875 0.04861111111111111 0.02890625
0 0.4847222222222222 0.4765625 0.0625 0.03046875
0 0.15138888888888888 0.4703125 0.07916666666666666 0.0265625
0 0.17916666666666667 0.446875 0.05138888888888889 0.02734375
0 0.2861111111111111 0.44609375 0.1638888888888889 0.06015625
0 0.08472222222222223 0.43359375 0.05555555555555555 0.03203125
0 0.04583333333333333 0.4171875 0.04583333333333333 0.0140625
0 0.85 0.384375 0.14027777777777778 0.04921875
0 0.022222222222222223 0.384375 0.06527777777777778 0.03046875
0 0.29583333333333334 0.38125 0.0875 0.0328125
0 0.43194444444444446 0.271875 0.0875 0.0390625
0 0.3125 0.2546875 0.04722222222222222 0.021875
0 0.8388888888888889 0.23828125 0.09444444444444444 0.05859375
0 0.18472222222222223 0.228125 0.058333333333333334 0.02578125
0 0.22777777777777777 0.19921875 0.05555555555555555 0.0453125
0 0.4097222222222222 0.16640625 0.04027777777777778 0.0296875
0 0.20972222222222223 0.15546875 0.05138888888888889 0.03671875
0 0.37916666666666665 0.1265625 0.025 0.01640625
0 0.19166666666666668 0.1234375 0.05555555555555555 0.02265625
0 0.3902777777777778 0.090625 0.041666666666666664 0.03046875
0 0.3125 0.0859375 0.05694444444444444 0.03359375
0 0.33611111111111114 0.06171875 0.04583333333333333 0.0203125
0 0.3958333333333333 0.05859375 0.034722222222222224 0.03046875
