0 0.9611111111111111 0.59921875 0.03888888888888889 0.0265625
0 0.95 0.57421875 0.04583333333333333 0.021875
0 0.4222222222222222 0.56875 0.06111111111111111 0.025
0 0.1 0.5640625 0.058333333333333334 0.0171875
0 0.004166666666666667 0.54921875 0.019444444444444445 0.00859375
0 0.9402777777777778 0.53359375 0.04861111111111111 0.02734375
0 0.7430555555555556 0.5328125 0.04722222222222222 0.02578125
0 0.20555555555555555 0.53203125 0.04027777777777778 0.021875
0 0.43333333333333335 0.52890625 0.08055555555555556 0.04453125
0 0.5986111111111111 0.5265625 0.13333333333333333 0.04921875
0 0.49722222222222223 0.52578125 0.030555555555555555 0.0140625
0 0.19444444444444445 0.5109375 0.029166666666666667 0.01484375
0 0.5097222222222222 0.509375 0.029166666666666667 0.0171875
0 0.30277777777777776 0.5078125 0.04583333333333333 0.02109375
0 0.13194444444444445 0.5078125 0.030555555555555555 0.025
0 0.6375 0.50625 0.030555555555555555 0.02265625
0 0.7625 0.503125 0.030555555555555555 0.01875
0 0.6805555555555556 0.5015625 0.03888888888888889 0.03515625
0 0.1111111111111111 0.4921875 0.025 0.0171875
0 0.8069444444444445 0.47890625 0.07222222222222222 0.03984375
0 0.09305555555555556 0.475 0.027777777777777776 0.01484375
0 0.001388888888888889 0.4703125 0.013888888888888888 0.01328125
0 0.8819444444444444 0.4640625 0.0375 0.01953125
0 0.325 0.4640625 0.02638888888888889 0.01640625
0 0.4 0.4609375 0.03888888888888889 0.01953125
0 0.7486111111111111 0.459375 0.02638888888888889 0.0171875
0 0.6666666666666666 0.4546875 0.06111111111111111 0.03203125
0 0.26666666666666666 0.45390625 0.027777777777777776 0.0171875
0 0.8430555555555556 0.44921875 0.025 0.015625
0 0.19027777777777777 0.44765625 0.027777777777777776 0.01953125
0 0.48055555555555557 0.4421875 0.02638888888888889 0.0140625
0 0.5277777777777778 0.43515625 0.0375 0.02734375
0 0.8111111111111111 0.42734375 0.034722222222222224 0.01875
0 0.3194444444444444 0.4234375 0.030555555555555555 0.0171875
0 0.4125 0.41640625 0.034722222222222224 0.01953125
0 0.26944444444444443 0.39609375 0.027777777777777776 0.01640625
0 0.4847222222222222 0.3890625 0.030555555555555555 0.021875
0 0.5458333333333333 0.38671875 0.030555555555555555 0.0140625
0 0.8180555555555555 0.38046875 0.03333333333333333 0.01875
0 0.9208333333333333 0.37421875 0.030555555555555555 0.0140625
0 0.09583333333333334 0.371875 0.034722222222222224 0.015625
0 0.26666666666666666 0.36796875 0.0375 0.01484375
0 0.36666666666666664 0.35703125 0.03194444444444444 0.0140625
0 0.08611111111111111 0.35546875 0.03194444444444444 0.01796875
0 0.5152777777777777 0.35390625 0.025 0.01328125
0 0.6097222222222223 0.34453125 0.02638888888888889 0.0140625
0 0.3763888888888889 0.34296875 0.0375 0.0171875
0 0.6166666666666667 0.32421875 0.03888888888888889 0.021875
0 0.14722222222222223 0.3203125 0.025 0.01484375
0 0.001388888888888889 0.3203125 0.016666666666666666 0.0125
0 0.6791666666666667 0.3015625 0.05555555555555555 0.02421875
0 0.85 0.28828125 0.06527777777777778 0.0296875
0 0.001388888888888889 0.28359375 0.016666666666666666 0.0109375
0 0.49583333333333335 0.28046875 0.058333333333333334 0.034375
0 0.625 0.2765625 0.03333333333333333 0.01640625
0 0.5847222222222223 0.2609375 0.0375 0.021875
0 0.7194444444444444 0.23515625 0.027777777777777776 0.01484375
0 0.6013888888888889 0.23359375 0.04583333333333333 0.021875
0 0.9680555555555556 0.23046875 0.020833333333333332 0.0140625
0 0.625 0.21171875 0.04027777777777778 0.0234375
0 0.9638888888888889 0.20859375 0.022222222222222223 0.01328125
0 0.7458333333333333 0.20390625 0.029166666666666667 0.0171875
0 0.6694444444444444 0.20078125 0.04027777777777778 0.021875
0 0.9791666666666666 0.1921875 0.020833333333333332 0.01328125
0 0.6166666666666667 0.18515625 0.05 0.01875
0 0.6958333333333333 0.159375 0.02361111111111111 0.015625
0 0.7277777777777777 0.15546875 0.04722222222222222 0.025
0 0.7611111111111111 0.13125 0.04722222222222222 0.021875
0 0.9638888888888889 0.128125 0.034722222222222224 0.021875
0 0.8194444444444444 0.1125 0.04722222222222222 0.021875
0 0.7333333333333333 0.06953125 0.075 0.025
0 0.8791666666666667 0.0671875 0.04861111111111111 0.02734375
0 0.8305555555555556 0.0578125 0.03194444444444444 0.01640625
0 0.7208333333333333 0.00234375 0.043055555555555555 0.025
