0 0.2125 0.6984375 0.03194444444444444 0.02265625
0 0.40694444444444444 0.68125 0.06111111111111111 0.03125
0 0.6847222222222222 0.68046875 0.05138888888888889 0.02109375
0 0.6208333333333333 0.68046875 0.04861111111111111 0.0203125
0 0.6902777777777778 0.65625 0.034722222222222224 0.015625
0 0.06666666666666667 0.628125 0.027777777777777776 0.015625
0 0.49722222222222223 0.6203125 0.029166666666666667 0.021875
0 0.5597222222222222 0.60859375 0.027777777777777776 0.0140625
0 0.05416666666666667 0.6 0.034722222222222224 0.01953125
0 0.7402777777777778 0.56796875 0.07361111111111111 0.02421875
0 0.6055555555555555 0.54765625 0.043055555555555555 0.01640625
0 0.4625 0.5359375 0.05277777777777778 0.0328125
0 0.4777777777777778 0.496875 0.05555555555555555 0.02109375
0 0.04861111111111111 0.4640625 0.027777777777777776 0.01875
0 0.19722222222222222 0.40859375 0.034722222222222224 0.015625
0 0.475 0.4015625 0.06388888888888888 0.025
0 0.26805555555555555 0.38828125 0.04027777777777778 0.0265625
0 0.0 0.35 0.034722222222222224 0.0140625
0 0.2 0.3421875 0.0625 0.059375
0 0.45694444444444443 0.2953125 0.04583333333333333 0.021875
0 0.8861111111111111 0.29296875 0.03333333333333333 0.021875
0 0.5305555555555556 0.16171875 0.04722222222222222 0.03125
