0 0.11805555555555555 0.78828125 0.05555555555555555 0.03125
0 0.2777777777777778 0.75390625 0.04583333333333333 0.02890625
0 0.10833333333333334 0.6984375 0.03333333333333333 0.02265625
0 0.9375 0.6828125 0.027777777777777776 0.015625
0 0.9625 0.6140625 0.020833333333333332 0.01484375
0 0.011111111111111112 0.56875 0.03611111111111111 0.01796875
0 0.5513888888888889 0.52890625 0.0375 0.0125
0 0.5402777777777777 0.51953125 0.0375 0.00859375
0 0.016666666666666666 0.4890625 0.03333333333333333 0.01171875
0 0.04722222222222222 0.46875 0.04722222222222222 0.02578125
0 0.025 0.3875 0.06527777777777778 0.0578125
0 0.525 0.2875 0.07777777777777778 0.03515625
0 0.030555555555555555 0.28671875 0.041666666666666664 0.025
0 0.5166666666666667 0.22265625 0.029166666666666667 0.0203125
0 0.375 0.19765625 0.03611111111111111 0.0265625
0 0.31527777777777777 0.14921875 0.11666666666666667 0.0453125
0 0.325 0.14609375 0.05416666666666667 0.01796875
