0 0.2513888888888889 0.5734375 0.016666666666666666 0.01328125
0 0.008333333333333333 0.57265625 0.0375 0.01953125
0 0.30972222222222223 0.5625 0.030555555555555555 0.0109375
0 0.34444444444444444 0.5609375 0.027777777777777776 0.01328125
0 0.5763888888888888 0.4859375 0.030555555555555555 0.028125
0 0.7611111111111111 0.46015625 0.04027777777777778 0.02265625
0 0.39305555555555555 0.43828125 0.03888888888888889 0.0234375
0 0.3902777777777778 0.3890625 0.04583333333333333 0.0203125
0 0.6277777777777778 0.36875 0.05277777777777778 0.0234375
0 0.9027777777777778 0.359375 0.022222222222222223 0.015625
0 0.8458333333333333 0.35234375 0.018055555555555554 0.01484375
0 0.7958333333333333 0.35078125 0.03194444444444444 0.01953125
0 0.5902777777777778 0.159375 0.05277777777777778 0.0265625
