0 0.9277777777777778 0.71015625 0.06527777777777778 0.03671875
0 0.6263888888888889 0.52578125 0.03194444444444444 0.02109375
0 0.8680555555555556 0.52421875 0.06388888888888888 0.0359375
0 0.7736111111111111 0.5203125 0.03194444444444444 0.0140625
0 0.8041666666666667 0.49921875 0.02361111111111111 0.01875
0 0.8041666666666667 0.4375 0.04861111111111111 0.0171875
0 0.7625 0.3875 0.03611111111111111 0.015625
0 0.32916666666666666 0.38359375 0.03611111111111111 0.02265625
0 0.24861111111111112 0.37421875 0.02361111111111111 0.0234375
0 0.5861111111111111 0.346875 0.013888888888888888 0.0203125
0 0.6083333333333333 0.28828125 0.05416666666666667 0.0359375
0 0.4791666666666667 0.27734375 0.05277777777777778 0.02890625
