0 0.34305555555555556 0.690625 0.019444444444444445 0.021875
0 0.0 0.678125 0.04722222222222222 0.02578125
0 0.5055555555555555 0.66796875 0.018055555555555554 0.0125
0 0.8430555555555556 0.65078125 0.02638888888888889 0.0203125
0 0.001388888888888889 0.640625 0.018055555555555554 0.0265625
0 0.5805555555555556 0.63828125 0.03333333333333333 0.01328125
0 0.23055555555555557 0.63203125 0.03611111111111111 0.01875
0 0.5263888888888889 0.63125 0.027777777777777776 0.01953125
0 0.013888888888888888 0.62890625 0.03333333333333333 0.01796875
0 0.8680555555555556 0.62265625 0.018055555555555554 0.02109375
0 0.4013888888888889 0.6203125 0.019444444444444445 0.025
0 0.5 0.6109375 0.03611111111111111 0.009375
0 0.8041666666666667 0.5984375 0.019444444444444445 0.01875
0 0.02361111111111111 0.5734375 0.029166666666666667 0.0109375
0 0.9319444444444445 0.57265625 0.02361111111111111 0.01796875
0 0.001388888888888889 0.56640625 0.013888888888888888 0.0234375
0 0.9430555555555555 0.56171875 0.025 0.01015625
0 0.8291666666666667 0.55078125 0.008333333333333333 0.00859375
0 0.6875 0.55078125 0.02638888888888889 0.01640625
0 0.9902777777777778 0.54140625 0.009722222222222222 0.01015625
0 0.9638888888888889 0.5140625 0.03611111111111111 0.01796875
0 0.04583333333333333 0.484375 0.03611111111111111 0.0171875
0 0.9819444444444444 0.48125 0.018055555555555554 0.01796875
0 0.9513888888888888 0.47109375 0.015277777777777777 0.015625
0 0.23333333333333334 0.4703125 0.034722222222222224 0.01953125
0 0.2708333333333333 0.4578125 0.016666666666666666 0.009375
0 0.029166666666666667 0.45 0.04583333333333333 0.02578125
0 0.4097222222222222 0.43828125 0.03888888888888889 0.028125
0 0.3597222222222222 0.425 0.020833333333333332 0.0171875
0 0.3263888888888889 0.4125 0.02638888888888889 0.0203125
0 0.3763888888888889 0.40859375 0.029166666666666667 0.0171875
0 0.03888888888888889 0.38515625 0.030555555555555555 0.0171875
0 0.002777777777777778 0.38046875 0.03194444444444444 0.01953125
0 0.8916666666666667 0.3375 0.03194444444444444 0.01640625
0 0.8680555555555556 0.3328125 0.02361111111111111 0.015625
0 0.9125 0.32109375 0.029166666666666667 0.01640625
0 0.8361111111111111 0.30703125 0.030555555555555555 0.021875
0 0.19444444444444445 0.21953125 0.03888888888888889 0.02421875
