0 0.6888888888888889 0.609375 0.030555555555555555 0.01953125
0 0.6333333333333333 0.60078125 0.025 0.0140625
0 0.9666666666666667 0.59765625 0.03333333333333333 0.02265625
0 0.7708333333333334 0.5953125 0.04027777777777778 0.025
0 0.5875 0.59453125 0.03611111111111111 0.01640625
0 0.7694444444444445 0.571875 0.03194444444444444 0.01953125
0 0.9166666666666666 0.5703125 0.04027777777777778 0.01796875
0 0.3680555555555556 0.56171875 0.025 0.0171875
0 0.8347222222222223 0.52890625 0.03611111111111111 0.0140625
0 0.4666666666666667 0.50859375 0.016666666666666666 0.01640625
0 0.9680555555555556 0.45234375 0.03194444444444444 0.02734375
0 0.001388888888888889 0.4390625 0.020833333333333332 0.02109375
0 0.4777777777777778 0.4265625 0.03194444444444444 0.0171875
0 0.2111111111111111 0.41328125 0.04027777777777778 0.0234375
0 0.0 0.4046875 0.04027777777777778 0.0125
0 0.8666666666666667 0.35546875 0.03888888888888889 0.015625
0 0.2763888888888889 0.34765625 0.0375 0.0234375
0 0.7541666666666667 0.315625 0.034722222222222224 0.02265625
0 0.8777777777777778 0.30859375 0.04027777777777778 0.0203125
0 0.8166666666666667 0.2953125 0.04583333333333333 0.02421875
0 0.9375 0.1890625 0.027777777777777776 0.01640625
0 0.3763888888888889 0.171875 0.0375 0.02734375
0 0.4638888888888889 0.03125 0.03194444444444444 0.02734375
0 0.5402777777777777 0.0 0.07777777777777778 0.02265625
