0 0.8375 0.8609375 0.041666666666666664 0.025
0 0.9180555555555555 0.8484375 0.06111111111111111 0.03359375
0 0.6472222222222223 0.7484375 0.05555555555555555 0.03203125
0 0.2847222222222222 0.74609375 0.07777777777777778 0.04296875
0 0.3902777777777778 0.73671875 0.029166666666666667 0.021875
0 0.2833333333333333 0.6703125 0.09166666666666666 0.04609375
0 0.8569444444444444 0.5890625 0.07777777777777778 0.05234375
0 0.9166666666666666 0.56328125 0.08055555555555556 0.046875
0 0.6208333333333333 0.56171875 0.09305555555555556 0.05
0 0.8013888888888889 0.4953125 0.08888888888888889 0.09921875
0 0.7972222222222223 0.4953125 0.0375 0.025
0 0.5208333333333334 0.48125 0.0875 0.04765625
0 0.7888888888888889 0.46171875 0.019444444444444445 0.015625
0 0.18888888888888888 0.459375 0.0763888888888889 0.0421875
0 0.925 0.4546875 0.020833333333333332 0.021875
0 0.5847222222222223 0.4546875 0.10277777777777777 0.053125
0 0.019444444444444445 0.45234375 0.06944444444444445 0.03828125
0 0.9597222222222223 0.44609375 0.04027777777777778 0.02890625
0 0.8458333333333333 0.4359375 0.08611111111111111 0.0578125
0 0.05277777777777778 0.42890625 0.04027777777777778 0.01640625
0 0.6583333333333333 0.41953125 0.020833333333333332 0.0171875
0 0.55 0.41875 0.0875 0.04140625
0 0.6527777777777778 0.39921875 0.029166666666666667 0.01875
0 0.8472222222222222 0.39765625 0.059722222222222225 0.03203125
0 0.7833333333333333 0.3796875 0.02638888888888889 0.0265625
0 0.8180555555555555 0.37890625 0.05 0.021875
0 0.6694444444444444 0.37734375 0.05555555555555555 0.02578125
0 0.7777777777777778 0.3265625 0.10277777777777777 0.03359375
0 0.8611111111111112 0.30859375 0.022222222222222223 0.015625
0 0.7458333333333333 0.3015625 0.03194444444444444 0.02734375
0 0.7138888888888889 0.3015625 0.03333333333333333 0.02890625
0 0.21666666666666667 0.2921875 0.04722222222222222 0.0296875
0 0.10555555555555556 0.2671875 0.03333333333333333 0.015625
0 0.7875 0.24296875 0.1486111111111111 0.0375
0 0.6805555555555556 0.2375 0.06388888888888888 0.03984375
0 0.6180555555555556 0.20625 0.12916666666666668 0.04375
0 0.7625 0.20390625 0.041666666666666664 0.04296875
0 0.041666666666666664 0.1625 0.041666666666666664 0.02890625
0 0.0 0.0734375 0.09722222222222222 0.0875
