0 0.7486111111111111 0.66484375 0.04722222222222222 0.02578125
0 0.7944444444444444 0.6640625 0.04027777777777778 0.0234375
0 0.25555555555555554 0.65859375 0.041666666666666664 0.0265625
0 0.2152777777777778 0.65390625 0.03611111111111111 0.02109375
0 0.7777777777777778 0.60859375 0.022222222222222223 0.021875
0 0.6736111111111112 0.60625 0.0375 0.02265625
0 0.8 0.6 0.030555555555555555 0.01328125
0 0.5805555555555556 0.59375 0.04583333333333333 0.01953125
0 0.8013888888888889 0.55703125 0.0375 0.03359375
0 0.8930555555555556 0.50703125 0.041666666666666664 0.01953125
0 0.7805555555555556 0.4828125 0.05138888888888889 0.028125
0 0.7763888888888889 0.4578125 0.03333333333333333 0.0171875
0 0.6833333333333333 0.4484375 0.04861111111111111 0.025
0 0.7805555555555556 0.43828125 0.044444444444444446 0.015625
0 0.5430555555555555 0.4375 0.06944444444444445 0.028125
0 0.001388888888888889 0.428125 0.04861111111111111 0.025
0 0.2 0.41640625 0.05416666666666667 0.01640625
0 0.8166666666666667 0.39609375 0.043055555555555555 0.03828125
0 0.625 0.38828125 0.030555555555555555 0.02421875
0 0.6777777777777778 0.34375 0.020833333333333332 0.01953125
0 0.48055555555555557 0.3359375 0.03333333333333333 0.02578125
0 0.5416666666666666 0.33515625 0.04722222222222222 0.01953125
0 0.8125 0.3265625 0.1388888888888889 0.08203125
0 0.6555555555555556 0.3140625 0.02361111111111111 0.009375
0 0.6041666666666666 0.29765625 0.020833333333333332 0.0140625
0 0.6652777777777777 0.28046875 0.016666666666666666 0.0125
0 0.9319444444444445 0.27265625 0.030555555555555555 0.01484375
0 0.03194444444444444 0.2640625 0.04583333333333333 0.025
0 0.6236111111111111 0.22578125 0.05416666666666667 0.025
0 0.7069444444444445 0.21875 0.02638888888888889 0.03828125
0 0.4722222222222222 0.21796875 0.05 0.03203125
0 0.7777777777777778 0.1953125 0.05694444444444444 0.028125
0 0.6138888888888889 0.18671875 0.043055555555555555 0.0234375
0 0.5652777777777778 0.17890625 0.04027777777777778 0.02734375
0 0.6819444444444445 0.175 0.030555555555555555 0.02109375
0 0.0 0.16953125 0.018055555555555554 0.01953125
0 0.002777777777777778 0.15625 0.04583333333333333 0.01953125
0 0.6333333333333333 0.1328125 0.06111111111111111 0.04375
0 0.7555555555555555 0.12421875 0.04027777777777778 0.03046875
0 0.6944444444444444 0.1234375 0.05694444444444444 0.04296875
0 0.0 0.11328125 0.03194444444444444 0.02421875
0 0.7555555555555555 0.0828125 0.06805555555555555 0.0390625
0 0.6583333333333333 0.08046875 0.0625 0.0421875
0 0.7222222222222222 0.06484375 0.044444444444444446 0.02265625
0 0.7597222222222222 0.04296875 0.025 0.01640625
0 0.6847222222222222 0.03046875 0.05416666666666667 0.034375
0 0.7527777777777778 0.0140625 0.041666666666666664 0.01875
0 0.6513888888888889 0.0 0.05694444444444444 0.02890625
