0 0.38055555555555554 0.96875 0.025 0.02265625
0 0.17083333333333334 0.96328125 0.06527777777777778 0.03671875
0 0.08888888888888889 0.96171875 0.04861111111111111 0.02421875
0 0.7638888888888888 0.94765625 0.05138888888888889 0.03125
0 0.8166666666666667 0.9171875 0.05277777777777778 0.021875
0 0.6861111111111111 0.91484375 0.059722222222222225 0.0328125
0 0.6027777777777777 0.90078125 0.04722222222222222 0.02734375
0 0.5486111111111112 0.87109375 0.04861111111111111 0.03046875
0 0.7847222222222222 0.8671875 0.04722222222222222 0.028125
0 0.6930555555555555 0.84296875 0.043055555555555555 0.03203125
0 0.5791666666666667 0.83671875 0.059722222222222225 0.03359375
0 0.33194444444444443 0.83359375 0.034722222222222224 0.021875
0 0.7388888888888889 0.83125 0.029166666666666667 0.0203125
0 0.8069444444444445 0.821875 0.015277777777777777 0.01015625
0 0.7055555555555556 0.8015625 0.04583333333333333 0.015625
0 0.3527777777777778 0.7765625 0.03611111111111111 0.015625
0 0.6861111111111111 0.76015625 0.0375 0.021875
0 0.2222222222222222 0.75078125 0.05277777777777778 0.0359375
0 0.18055555555555555 0.74453125 0.043055555555555555 0.01875
0 0.6416666666666667 0.7390625 0.0375 0.0234375
0 0.28888888888888886 0.72734375 0.030555555555555555 0.01171875
0 0.49583333333333335 0.70859375 0.029166666666666667 0.02578125
0 0.6541666666666667 0.69375 0.02638888888888889 0.0171875
0 0.5777777777777777 0.69140625 0.05 0.025
0 0.6875 0.68828125 0.04861111111111111 0.03125
0 0.1986111111111111 0.684375 0.02638888888888889 0.0171875
0 0.3527777777777778 0.67734375 0.0625 0.0265625
0 0.6625 0.66484375 0.027777777777777776 0.01953125
0 0.3111111111111111 0.65078125 0.059722222222222225 0.03125
0 0.23055555555555557 0.6390625 0.044444444444444446 0.0203125
0 0.38333333333333336 0.615625 0.013888888888888888 0.01171875
0 0.6402777777777777 0.60625 0.04583333333333333 0.03046875
0 0.25416666666666665 0.5875 0.02638888888888889 0.025
0 0.35694444444444445 0.58046875 0.05555555555555555 0.02265625
0 0.3 0.578125 0.041666666666666664 0.02265625
0 0.6708333333333333 0.56328125 0.05138888888888889 0.0234375
0 0.55 0.54765625 0.09027777777777778 0.0421875
0 0.725 0.53828125 0.0375 0.01484375
0 0.3638888888888889 0.53828125 0.041666666666666664 0.01953125
0 0.2722222222222222 0.53046875 0.02361111111111111 0.01953125
0 0.24583333333333332 0.5078125 0.0125 0.0109375
0 0.29305555555555557 0.49765625 0.013888888888888888 0.0078125
0 0.5875 0.4859375 0.05277777777777778 0.0390625
0 0.35694444444444445 0.46953125 0.04027777777777778 0.01953125
0 0.2111111111111111 0.46875 0.03194444444444444 0.02109375
0 0.31527777777777777 0.44921875 0.034722222222222224 0.021875
0 0.39166666666666666 0.4421875 0.03888888888888889 0.01484375
0 0.2652777777777778 0.434375 0.018055555555555554 0.009375
0 0.19583333333333333 0.434375 0.020833333333333332 0.01328125
0 0.32222222222222224 0.421875 0.06388888888888888 0.02109375
0 0.275 0.390625 0.019444444444444445 0.01171875
0 0.5236111111111111 0.3859375 0.05138888888888889 0.02890625
0 0.3736111111111111 0.37734375 0.04861111111111111 0.028125
0 0.39444444444444443 0.3484375 0.05277777777777778 0.0296875
0 0.4583333333333333 0.34609375 0.029166666666666667 0.009375
0 0.5 0.32734375 0.07083333333333333 0.0171875
0 0.43333333333333335 0.3046875 0.05277777777777778 0.021875
0 0.39305555555555555 0.30390625 0.04583333333333333 0.0453125
0 0.5666666666666667 0.26875 0.06388888888888888 0.0359375
0 0.4236111111111111 0.26796875 0.05 0.03203125
0 0.5180555555555556 0.26328125 0.043055555555555555 0.01171875
0 0.6263888888888889 0.20390625 0.06111111111111111 0.03828125
0 0.5277777777777778 0.18359375 0.05 0.0234375
