0 0.5916666666666667 0.734375 0.03194444444444444 0.0125
0 0.5847222222222223 0.715625 0.025 0.01796875
0 0.6402777777777777 0.70390625 0.03333333333333333 0.021875
0 0.7666666666666667 0.6546875 0.022222222222222223 0.009375
0 0.5111111111111111 0.63671875 0.025 0.01796875
0 0.03888888888888889 0.62890625 0.019444444444444445 0.01015625
0 0.425 0.615625 0.0125 0.01484375
0 0.6875 0.6140625 0.043055555555555555 0.02109375
0 0.06666666666666667 0.60390625 0.020833333333333332 0.015625
0 0.9597222222222223 0.60234375 0.029166666666666667 0.009375
0 0.4041666666666667 0.5984375 0.027777777777777776 0.01640625
0 0.8930555555555556 0.59765625 0.03888888888888889 0.01953125
0 0.5305555555555556 0.59140625 0.022222222222222223 0.01796875
0 0.8236111111111111 0.575 0.034722222222222224 0.01953125
0 0.10972222222222222 0.57265625 0.02638888888888889 0.015625
0 0.5375 0.56875 0.03888888888888889 0.02109375
0 0.1 0.54609375 0.029166666666666667 0.01484375
0 0.5152777777777777 0.5359375 0.03888888888888889 0.02265625
0 0.8083333333333333 0.52890625 0.02361111111111111 0.0125
0 0.19722222222222222 0.528125 0.041666666666666664 0.021875
0 0.05138888888888889 0.5265625 0.034722222222222224 0.015625
0 0.6069444444444444 0.52578125 0.05694444444444444 0.0359375
0 0.020833333333333332 0.51484375 0.034722222222222224 0.0203125
0 0.38472222222222224 0.5109375 0.04583333333333333 0.0265625
0 0.4597222222222222 0.50703125 0.04722222222222222 0.02265625
0 0.6347222222222222 0.503125 0.043055555555555555 0.02265625
0 0.3486111111111111 0.49921875 0.02638888888888889 0.015625
0 0.17777777777777778 0.49921875 0.03611111111111111 0.0203125
0 0.28055555555555556 0.49453125 0.041666666666666664 0.02421875
0 0.8902777777777777 0.48984375 0.06805555555555555 0.03984375
0 0.4111111111111111 0.4703125 0.013888888888888888 0.0109375
0 0.09166666666666666 0.45859375 0.03888888888888889 0.02421875
0 0.5666666666666667 0.45546875 0.019444444444444445 0.0109375
0 0.12222222222222222 0.45390625 0.04583333333333333 0.02265625
0 0.6513888888888889 0.45234375 0.027777777777777776 0.0140625
0 0.17083333333333334 0.4375 0.04861111111111111 0.0296875
0 0.05138888888888889 0.43515625 0.03333333333333333 0.021875
0 0.4638888888888889 0.43203125 0.034722222222222224 0.01875
0 0.0 0.4265625 0.011111111111111112 0.01796875
0 0.325 0.42265625 0.05138888888888889 0.0296875
0 0.9472222222222222 0.40859375 0.025 0.01015625
0 0.016666666666666666 0.40703125 0.027777777777777776 0.0203125
0 0.21388888888888888 0.3984375 0.03194444444444444 0.01484375
0 0.09166666666666666 0.3953125 0.0625 0.028125
0 0.26944444444444443 0.39453125 0.06527777777777778 0.02890625
0 0.08333333333333333 0.38046875 0.03333333333333333 0.01796875
0 0.15 0.37265625 0.03333333333333333 0.01953125
0 0.7722222222222223 0.35859375 0.03888888888888889 0.01796875
0 0.03333333333333333 0.3578125 0.02638888888888889 0.01171875
0 0.013888888888888888 0.35234375 0.020833333333333332 0.01640625
0 0.8166666666666667 0.34765625 0.043055555555555555 0.02109375
0 0.05555555555555555 0.34453125 0.03888888888888889 0.01875
0 0.7444444444444445 0.33125 0.041666666666666664 0.02578125
0 0.002777777777777778 0.328125 0.018055555555555554 0.00859375
0 0.47638888888888886 0.3140625 0.03333333333333333 0.0203125
0 0.6458333333333334 0.31015625 0.05138888888888889 0.040625
0 0.3 0.2953125 0.03333333333333333 0.0171875
0 0.4388888888888889 0.29296875 0.03194444444444444 0.0234375
0 0.4736111111111111 0.28046875 0.025 0.021875
0 0.36666666666666664 0.2703125 0.06805555555555555 0.03671875
0 0.6736111111111112 0.26640625 0.05138888888888889 0.02578125
0 0.24722222222222223 0.2640625 0.034722222222222224 0.03359375
0 0.14027777777777778 0.26015625 0.10138888888888889 0.0421875
0 0.7444444444444445 0.25234375 0.04583333333333333 0.02578125
0 0.4361111111111111 0.24921875 0.044444444444444446 0.021875
0 0.39166666666666666 0.24140625 0.043055555555555555 0.0265625
0 0.2875 0.2359375 0.09166666666666666 0.0375
0 0.7458333333333333 0.22734375 0.03888888888888889 0.02421875
0 0.7888888888888889 0.22578125 0.04027777777777778 0.02109375
0 0.5472222222222223 0.19375 0.05 0.034375
0 0.4652777777777778 0.18359375 0.0375 0.02734375
0 0.23472222222222222 0.18203125 0.029166666666666667 0.0171875
0 0.31805555555555554 0.17109375 0.11666666666666667 0.06484375
0 0.9138888888888889 0.1703125 0.025 0.01484375
0 0.2652777777777778 0.1609375 0.03333333333333333 0.01875
0 0.33194444444444443 0.1421875 0.04722222222222222 0.015625
0 0.30416666666666664 0.13984375 0.030555555555555555 0.01875
0 0.22916666666666666 0.13828125 0.05 0.0203125
0 0.6888888888888889 0.1375 0.03333333333333333 0.02421875
0 0.6597222222222222 0.1359375 0.030555555555555555 0.021875
0 0.45555555555555555 0.128125 0.030555555555555555 0.01328125
0 0.10972222222222222 0.1265625 0.09861111111111111 0.03125
0 0.19722222222222222 0.1203125 0.029166666666666667 0.01796875
0 0.225 0.11640625 0.034722222222222224 0.01875
0 0.5805555555555556 0.11328125 0.0375 0.01640625
0 0.18055555555555555 0.1125 0.02638888888888889 0.0109375
0 0.4083333333333333 0.11171875 0.030555555555555555 0.0140625
0 0.25555555555555554 0.10078125 0.02361111111111111 0.0109375
0 0.5194444444444445 0.0671875 0.07222222222222222 0.05390625
0 0.4361111111111111 0.0640625 0.027777777777777776 0.0140625
0 0.38055555555555554 0.0421875 0.03194444444444444 0.03359375
