0 0.5763888888888888 0.56953125 0.03611111111111111 0.02265625
0 0.5416666666666666 0.55078125 0.03333333333333333 0.021875
0 0.34444444444444444 0.50859375 0.044444444444444446 0.03046875
0 0.7 0.50625 0.03611111111111111 0.021875
0 0.5986111111111111 0.47109375 0.020833333333333332 0.015625
0 0.7666666666666667 0.46796875 0.06388888888888888 0.03203125
0 0.9416666666666667 0.459375 0.03333333333333333 0.01953125
0 0.3416666666666667 0.4 0.03611111111111111 0.02421875
0 0.8555555555555555 0.37890625 0.03611111111111111 0.015625
0 0.5944444444444444 0.35390625 0.034722222222222224 0.01796875
0 0.7458333333333333 0.31015625 0.03194444444444444 0.021875
0 0.7166666666666667 0.31015625 0.022222222222222223 0.021875
0 0.24305555555555555 0.309375 0.10138888888888889 0.04609375
0 0.37083333333333335 0.3015625 0.04027777777777778 0.01953125
0 0.41944444444444445 0.290625 0.03333333333333333 0.0203125
0 0.6652777777777777 0.284375 0.043055555555555555 0.0265625
0 0.6069444444444444 0.2828125 0.044444444444444446 0.0359375
0 0.49166666666666664 0.28203125 0.034722222222222224 0.015625
0 0.4527777777777778 0.2796875 0.022222222222222223 0.01953125
0 0.09166666666666666 0.2609375 0.11388888888888889 0.06171875
0 0.6680555555555555 0.25390625 0.05277777777777778 0.0265625
0 0.4625 0.2484375 0.05277777777777778 0.02890625
0 0.5277777777777778 0.22890625 0.043055555555555555 0.0234375
0 0.47638888888888886 0.2078125 0.044444444444444446 0.021875
0 0.6944444444444444 0.196875 0.027777777777777776 0.02421875
0 0.0 0.19140625 0.03888888888888889 0.0375
0 0.46805555555555556 0.1765625 0.041666666666666664 0.0203125
0 0.24166666666666667 0.1671875 0.12083333333333333 0.04609375
0 0.6986111111111111 0.1625 0.09444444444444444 0.0296875
0 0.45416666666666666 0.13515625 0.058333333333333334 0.0296875
0 0.4027777777777778 0.09921875 0.04583333333333333 0.02578125
0 0.6486111111111111 0.09609375 0.05 0.03203125
0 0.48194444444444445 0.08359375 0.041666666666666664 0.028125
0 0.3972222222222222 0.05234375 0.05555555555555555 0.0265625
0 0.5888888888888889 0.02421875 0.030555555555555555 0.028125
0 0.6527777777777778 0.00703125 0.0625 0.04140625
0 0.5291666666666667 0.00546875 0.059722222222222225 0.0421875
0 0.39166666666666666 0.00078125 0.1125 0.0484375
