0 0.6513888888888889 0.6015625 0.05 0.03125
0 0.3736111111111111 0.57578125 0.04027777777777778 0.03125
0 0.41388888888888886 0.56171875 0.09722222222222222 0.0515625
0 0.9152777777777777 0.51640625 0.05416666666666667 0.02421875
0 0.49583333333333335 0.5046875 0.05 0.0390625
0 0.8125 0.46875 0.044444444444444446 0.034375
0 0.6125 0.41171875 0.03333333333333333 0.0171875
0 0.6166666666666667 0.39765625 0.018055555555555554 0.00625
0 0.3388888888888889 0.3953125 0.03194444444444444 0.02421875
0 0.15416666666666667 0.33203125 0.0375 0.0203125
0 0.8861111111111111 0.32578125 0.04583333333333333 0.0171875
0 0.15555555555555556 0.315625 0.034722222222222224 0.01953125
0 0.36944444444444446 0.3 0.06388888888888888 0.0328125
0 0.3763888888888889 0.28203125 0.029166666666666667 0.01640625
0 0.4236111111111111 0.2796875 0.027777777777777776 0.01875
0 0.5680555555555555 0.27265625 0.05138888888888889 0.02265625
0 0.3888888888888889 0.25625 0.08611111111111111 0.02109375
0 0.6111111111111112 0.24296875 0.029166666666666667 0.01640625
0 0.5597222222222222 0.24296875 0.04027777777777778 0.02109375
0 0.6527777777777778 0.2421875 0.05694444444444444 0.0234375
0 0.5 0.20625 0.07222222222222222 0.03046875
0 0.33055555555555555 0.18046875 0.058333333333333334 0.0265625
0 0.4652777777777778 0.090625 0.05416666666666667 0.04375
