0 0.004166666666666667 0.75234375 0.03333333333333333 0.02421875
0 0.2013888888888889 0.7359375 0.044444444444444446 0.02265625
0 0.041666666666666664 0.7171875 0.03611111111111111 0.0359375
0 0.2847222222222222 0.69140625 0.0375 0.028125
0 0.002777777777777778 0.69140625 0.019444444444444445 0.021875
0 0.12083333333333333 0.67734375 0.043055555555555555 0.03046875
0 0.025 0.66484375 0.06111111111111111 0.0421875
0 0.9388888888888889 0.6234375 0.04722222222222222 0.0140625
0 0.3819444444444444 0.60703125 0.0625 0.0234375
0 0.05416666666666667 0.60390625 0.03888888888888889 0.01171875
0 0.8555555555555555 0.59140625 0.10138888888888889 0.0375
0 0.23055555555555557 0.56640625 0.04722222222222222 0.025
0 0.7 0.53046875 0.04027777777777778 0.02890625
0 0.7583333333333333 0.525 0.0375 0.028125
0 0.1361111111111111 0.51484375 0.06111111111111111 0.03125
0 0.8388888888888889 0.51015625 0.05 0.028125
0 0.001388888888888889 0.5015625 0.025 0.03046875
0 0.20972222222222223 0.4609375 0.05 0.0203125
0 0.1625 0.44296875 0.034722222222222224 0.0296875
0 0.6513888888888889 0.4375 0.06527777777777778 0.0359375
0 0.03333333333333333 0.42890625 0.09583333333333334 0.04296875
0 0.19166666666666668 0.42734375 0.05694444444444444 0.0203125
0 0.4444444444444444 0.42578125 0.09583333333333334 0.0375
0 0.03194444444444444 0.40234375 0.03888888888888889 0.025
0 0.49583333333333335 0.35625 0.06527777777777778 0.0359375
0 0.07222222222222222 0.3328125 0.04027777777777778 0.025
0 0.001388888888888889 0.31328125 0.018055555555555554 0.03359375
0 0.8694444444444445 0.303125 0.04583333333333333 0.0265625
0 0.0 0.26171875 0.011111111111111112 0.0234375
0 0.11527777777777778 0.225 0.044444444444444446 0.02734375
0 0.06944444444444445 0.2109375 0.04861111111111111 0.028125
0 0.5847222222222223 0.1875 0.06111111111111111 0.05
0 0.001388888888888889 0.140625 0.1 0.11015625
0 0.002777777777777778 0.09921875 0.07361111111111111 0.04765625
0 0.6319444444444444 0.0734375 0.030555555555555555 0.025
0 0.7041666666666667 0.05859375 0.019444444444444445 0.02109375
0 0.7041666666666667 0.0390625 0.03194444444444444 0.0234375
0 0.775 0.00078125 0.08194444444444444 0.0421875
