0 0.9430555555555555 0.70078125 0.03611111111111111 0.021875
0 0.3888888888888889 0.6546875 0.041666666666666664 0.01640625
0 0.45416666666666666 0.64375 0.0625 0.0296875
0 0.4166666666666667 0.61328125 0.07222222222222222 0.03515625
0 0.5333333333333333 0.578125 0.05138888888888889 0.0234375
0 0.7791666666666667 0.56796875 0.025 0.0171875
0 0.002777777777777778 0.5390625 0.1111111111111111 0.06953125
0 0.7069444444444445 0.515625 0.058333333333333334 0.03046875
0 0.49166666666666664 0.5046875 0.05138888888888889 0.02109375
0 0.45694444444444443 0.4875 0.043055555555555555 0.028125
0 0.4125 0.48515625 0.043055555555555555 0.02578125
0 0.6819444444444445 0.47578125 0.043055555555555555 0.02421875
0 0.7583333333333333 0.43203125 0.09305555555555556 0.04296875
0 0.49583333333333335 0.41328125 0.05555555555555555 0.02578125
0 0.6708333333333333 0.4015625 0.05277777777777778 0.02734375
0 0.7833333333333333 0.378125 0.034722222222222224 0.021875
0 0.5236111111111111 0.3609375 0.06111111111111111 0.04375
0 0.5833333333333334 0.3515625 0.05694444444444444 0.03125
0 0.6972222222222222 0.32890625 0.04583333333333333 0.021875
0 0.7736111111111111 0.3265625 0.10277777777777777 0.03203125
0 0.38055555555555554 0.3203125 0.029166666666666667 0.0296875
0 0.7361111111111112 0.2984375 0.02638888888888889 0.01640625
0 0.7055555555555556 0.2578125 0.05416666666666667 0.01953125
0 0.5 0.2453125 0.04861111111111111 0.0265625
0 0.5277777777777778 0.2234375 0.0375 0.01875
0 0.5708333333333333 0.22265625 0.08472222222222223 0.0390625
0 0.5833333333333334 0.2046875 0.043055555555555555 0.01796875
0 0.8097222222222222 0.178125 0.04861111111111111 0.02578125
0 0.5541666666666667 0.1703125 0.05416666666666667 0.03359375
0 0.7527777777777778 0.1265625 0.03333333333333333 0.0296875
0 0.5513888888888889 0.12578125 0.1125 0.06875
0 0.7166666666666667 0.0984375 0.044444444444444446 0.021875
0 0.6541666666666667 0.0125 0.041666666666666664 0.03203125
