0 0.6666666666666666 0.7359375 0.05416666666666667 0.03125
0 0.0375 0.7359375 0.05138888888888889 0.02890625
0 0.002777777777777778 0.72734375 0.018055555555555554 0.0265625
0 0.33194444444444443 0.70625 0.04027777777777778 0.02421875
0 0.1125 0.69921875 0.04861111111111111 0.0265625
0 0.001388888888888889 0.69765625 0.029166666666666667 0.01875
0 0.8625 0.6953125 0.03333333333333333 0.01484375
0 0.08333333333333333 0.68515625 0.043055555555555555 0.0171875
0 0.12638888888888888 0.68125 0.05277777777777778 0.0171875
0 0.8291666666666667 0.6640625 0.0375 0.01640625
0 0.29444444444444445 0.65859375 0.04583333333333333 0.02890625
0 0.08611111111111111 0.6578125 0.04583333333333333 0.02421875
0 0.016666666666666666 0.63125 0.05 0.0296875
0 0.8527777777777777 0.5953125 0.05416666666666667 0.02578125
0 0.009722222222222222 0.5953125 0.044444444444444446 0.01796875
0 0.44722222222222224 0.5875 0.03888888888888889 0.021875
0 0.7555555555555555 0.584375 0.04861111111111111 0.02265625
0 0.6763888888888889 0.5796875 0.05694444444444444 0.03828125
0 0.6138888888888889 0.56796875 0.034722222222222224 0.02578125
0 0.5416666666666666 0.56171875 0.029166666666666667 0.0203125
0 0.5527777777777778 0.53203125 0.0625 0.021875
0 0.5944444444444444 0.46484375 0.06805555555555555 0.03203125
0 0.7444444444444445 0.43125 0.034722222222222224 0.0203125
0 0.7736111111111111 0.4078125 0.06666666666666667 0.0328125
0 0.9513888888888888 0.3984375 0.044444444444444446 0.03671875
0 0.12916666666666668 0.365625 0.02638888888888889 0.0109375
0 0.4986111111111111 0.36484375 0.0375 0.02109375
0 0.9638888888888889 0.3625 0.03333333333333333 0.03359375
0 0.10833333333333334 0.3546875 0.02638888888888889 0.0125
0 0.39444444444444443 0.34453125 0.027777777777777776 0.01640625
0 0.8902777777777777 0.340625 0.025 0.01484375
0 0.4361111111111111 0.33984375 0.04861111111111111 0.028125
0 0.4097222222222222 0.3203125 0.05138888888888889 0.025
0 0.20555555555555555 0.309375 0.027777777777777776 0.01640625
0 0.10972222222222222 0.29765625 0.044444444444444446 0.0234375
0 0.375 0.2875 0.0125 0.0109375
0 0.4875 0.2828125 0.030555555555555555 0.02421875
0 0.5305555555555556 0.2765625 0.04722222222222222 0.02421875
0 0.18888888888888888 0.275 0.03333333333333333 0.0171875
0 0.0 0.25 0.043055555555555555 0.025
0 0.6041666666666666 0.2375 0.05555555555555555 0.034375
0 0.2222222222222222 0.22421875 0.029166666666666667 0.01875
0 0.4791666666666667 0.2171875 0.05138888888888889 0.02734375
0 0.027777777777777776 0.215625 0.044444444444444446 0.02421875
0 0.6277777777777778 0.21171875 0.043055555555555555 0.02421875
0 0.6736111111111112 0.20546875 0.03611111111111111 0.021875
0 0.37777777777777777 0.20546875 0.04583333333333333 0.0171875
0 0.8138888888888889 0.2046875 0.034722222222222224 0.01796875
0 0.2722222222222222 0.1921875 0.03194444444444444 0.01875
0 0.37222222222222223 0.1859375 0.027777777777777776 0.01640625
0 0.09027777777777778 0.18046875 0.05138888888888889 0.03359375
0 0.4236111111111111 0.175 0.03611111111111111 0.01640625
0 0.04722222222222222 0.175 0.044444444444444446 0.0265625
0 0.6194444444444445 0.17265625 0.02638888888888889 0.01484375
0 0.7194444444444444 0.165625 0.07361111111111111 0.03125
0 0.5666666666666667 0.1546875 0.030555555555555555 0.0171875
0 0.06527777777777778 0.134375 0.05694444444444444 0.03046875
0 0.11944444444444445 0.13046875 0.043055555555555555 0.01953125
0 0.3819444444444444 0.128125 0.030555555555555555 0.01484375
0 0.7875 0.1265625 0.04583333333333333 0.028125
0 0.5708333333333333 0.125 0.0375 0.02109375
0 0.24027777777777778 0.12421875 0.03611111111111111 0.021875
0 0.4666666666666667 0.12265625 0.020833333333333332 0.015625
0 0.9402777777777778 0.1171875 0.03194444444444444 0.03203125
0 0.6402777777777777 0.11015625 0.018055555555555554 0.015625
0 0.7152777777777778 0.10234375 0.05 0.02578125
0 0.10277777777777777 0.10078125 0.030555555555555555 0.0203125
0 0.3902777777777778 0.0984375 0.06805555555555555 0.03203125
0 0.001388888888888889 0.096875 0.016666666666666666 0.0140625
0 0.6069444444444444 0.0953125 0.03333333333333333 0.015625
0 0.025 0.0921875 0.02361111111111111 0.01640625
0 0.6513888888888889 0.0890625 0.02638888888888889 0.0125
0 0.3736111111111111 0.0859375 0.03888888888888889 0.025
0 0.9375 0.08359375 0.03333333333333333 0.02578125
0 0.8375 0.0796875 0.05694444444444444 0.03515625
0 0.7416666666666667 0.0796875 0.04027777777777778 0.0234375
0 0.8 0.078125 0.04583333333333333 0.0296875
0 0.43194444444444446 0.07265625 0.025 0.01640625
0 0.25416666666666665 0.07265625 0.07083333333333333 0.03125
0 0.0 0.06953125 0.025 0.02421875
0 0.3902777777777778 0.06328125 0.03333333333333333 0.01640625
0 0.5513888888888889 0.0609375 0.03333333333333333 0.02265625
0 0.24583333333333332 0.05859375 0.03888888888888889 0.01640625
0 0.5027777777777778 0.0578125 0.034722222222222224 0.0171875
0 0.7527777777777778 0.05390625 0.058333333333333334 0.02421875
0 0.8847222222222222 0.04375 0.022222222222222223 0.0140625
0 0.8111111111111111 0.0421875 0.05138888888888889 0.0328125
0 0.38333333333333336 0.0375 0.03888888888888889 0.028125
0 0.34305555555555556 0.03671875 0.04027777777777778 0.025
0 0.8194444444444444 0.0125 0.030555555555555555 0.0234375
