0 0.6381944444444444 0.811328125 0.06527777777777778 0.03515625
0 0.8597222222222223 0.803125 0.06388888888888888 0.0296875
0 0.30833333333333335 0.800390625 0.05 0.03671875
0 0.7 0.7890625 0.044444444444444446 0.0265625
0 0.2375 0.752734375 0.025 0.01171875
0 0.1951388888888889 0.7515625 0.043055555555555555 0.015625
0 0.7625 0.744140625 0.04722222222222222 0.03828125
0 0.7395833333333334 0.694921875 0.06805555555555555 0.03671875
0 0.5805555555555556 0.683203125 0.06388888888888888 0.03359375
0 0.6097222222222223 0.63671875 0.05277777777777778 0.0234375
0 0.5430555555555555 0.610546875 0.05277777777777778 0.02734375
0 0.7111111111111111 0.598046875 0.05555555555555555 0.03046875
0 0.41388888888888886 0.591796875 0.08055555555555556 0.03203125
0 0.3347222222222222 0.587109375 0.05555555555555555 0.03203125
0 0.6548611111111111 0.5703125 0.05694444444444444 0.0328125
0 0.7041666666666667 0.534765625 0.04722222222222222 0.02421875
0 0.06736111111111111 0.530078125 0.04861111111111111 0.02734375
0 0.3090277777777778 0.530078125 0.05138888888888889 0.03203125
0 0.22916666666666666 0.521875 0.058333333333333334 0.03125
0 0.8159722222222222 0.5078125 0.034722222222222224 0.015625
0 0.4847222222222222 0.50625 0.05555555555555555 0.028125
0 0.9618055555555556 0.50234375 0.04861111111111111 0.0234375
0 0.85625 0.49140625 0.034722222222222224 0.0234375
0 0.94375 0.46953125 0.04583333333333333 0.021875
0 0.9861111111111112 0.45703125 0.027777777777777776 0.0171875
0 0.44930555555555557 0.464453125 0.12361111111111112 0.05234375
0 0.5923611111111111 0.453515625 0.059722222222222225 0.03203125
0 0.3215277777777778 0.426953125 0.04583333333333333 0.02578125
0 0.4875 0.4015625 0.08611111111111111 0.0328125
0 0.3055555555555556 0.38828125 0.06388888888888888 0.04375
0 0.6048611111111111 0.33203125 0.09583333333333334 0.0453125
0 0.5590277777777778 0.30703125 0.0375 0.01875
0 0.4847222222222222 0.3078125 0.05 0.0265625
0 0.4847222222222222 0.2796875 0.05277777777777778 0.0234375
0 0.7256944444444444 0.278125 0.04861111111111111 0.028125
0 0.4756944444444444 0.2 0.059722222222222225 0.03125
0 0.5805555555555556 0.193359375 0.09722222222222222 0.04921875
0 0.4965277777777778 0.151171875 0.05416666666666667 0.03984375
