0 0.9402777777777778 0.6765625 0.043055555555555555 0.0234375
0 0.13333333333333333 0.62265625 0.034722222222222224 0.0171875
0 0.37916666666666665 0.61953125 0.04027777777777778 0.01875
0 0.3527777777777778 0.6140625 0.029166666666666667 0.01640625
0 0.2569444444444444 0.6078125 0.04861111111111111 0.0328125
0 0.7819444444444444 0.60546875 0.027777777777777776 0.0171875
0 0.7486111111111111 0.60234375 0.029166666666666667 0.02265625
0 0.7069444444444445 0.59296875 0.03888888888888889 0.02109375
0 0.6319444444444444 0.58203125 0.041666666666666664 0.0171875
0 0.5958333333333333 0.58125 0.029166666666666667 0.021875
0 0.2611111111111111 0.58046875 0.041666666666666664 0.01953125
0 0.3958333333333333 0.578125 0.030555555555555555 0.034375
0 0.5236111111111111 0.56640625 0.02638888888888889 0.01328125
0 0.4875 0.56484375 0.03333333333333333 0.01953125
0 0.2638888888888889 0.55703125 0.03333333333333333 0.0203125
0 0.6069444444444444 0.5546875 0.03888888888888889 0.0234375
0 0.6861111111111111 0.5484375 0.03194444444444444 0.0203125
0 0.5833333333333334 0.5484375 0.020833333333333332 0.0203125
0 0.725 0.540625 0.027777777777777776 0.015625
0 0.29583333333333334 0.5390625 0.030555555555555555 0.01640625
0 0.04722222222222222 0.5375 0.022222222222222223 0.01640625
0 0.47638888888888886 0.51875 0.08055555555555556 0.03046875
0 0.4388888888888889 0.48515625 0.034722222222222224 0.015625
0 0.3236111111111111 0.48046875 0.02361111111111111 0.02109375
0 0.3763888888888889 0.475 0.04027777777777778 0.02734375
0 0.25277777777777777 0.4625 0.03194444444444444 0.01953125
0 0.16944444444444445 0.4578125 0.02638888888888889 0.01796875
0 0.5597222222222222 0.4515625 0.04027777777777778 0.025
0 0.6013888888888889 0.44921875 0.029166666666666667 0.0234375
0 0.004166666666666667 0.44140625 0.03611111111111111 0.02578125
0 0.34444444444444444 0.41015625 0.029166666666666667 0.01875
0 0.37777777777777777 0.29140625 0.027777777777777776 0.01171875
0 0.37777777777777777 0.25625 0.03333333333333333 0.02734375
