0 0.9319444444444445 0.921875 0.043055555555555555 0.0265625
0 0.8083333333333333 0.865625 0.05 0.02890625
0 0.0763888888888889 0.85859375 0.05416666666666667 0.025
0 0.9041666666666667 0.81796875 0.04722222222222222 0.02578125
0 0.16527777777777777 0.8125 0.06388888888888888 0.0375
0 0.5013888888888889 0.80703125 0.04861111111111111 0.03359375
0 0.7041666666666667 0.79765625 0.0375 0.021875
0 0.1625 0.77890625 0.03611111111111111 0.01953125
0 0.8333333333333334 0.7640625 0.03333333333333333 0.015625
0 0.6541666666666667 0.75390625 0.04861111111111111 0.021875
0 0.001388888888888889 0.74921875 0.05138888888888889 0.03359375
0 0.7486111111111111 0.74765625 0.029166666666666667 0.03125
0 0.5819444444444445 0.74453125 0.030555555555555555 0.0171875
0 0.23472222222222222 0.73984375 0.03333333333333333 0.01484375
0 0.6222222222222222 0.73515625 0.0375 0.02265625
0 0.002777777777777778 0.6640625 0.05138888888888889 0.02734375
0 0.5791666666666667 0.66328125 0.034722222222222224 0.01875
0 0.7222222222222222 0.65234375 0.044444444444444446 0.0234375
0 0.775 0.61953125 0.043055555555555555 0.02734375
0 0.05138888888888889 0.59921875 0.0625 0.02109375
0 0.7027777777777777 0.596875 0.07777777777777778 0.03828125
0 0.002777777777777778 0.59609375 0.04861111111111111 0.03203125
0 0.6444444444444445 0.59296875 0.04583333333333333 0.03203125
0 0.075 0.57265625 0.041666666666666664 0.021875
0 0.125 0.5484375 0.14444444444444443 0.05859375
0 0.08611111111111111 0.5265625 0.044444444444444446 0.0265625
