0 0.0 0.6125 0.0125 0.01953125
0 0.12777777777777777 0.61171875 0.05277777777777778 0.0234375
0 0.2111111111111111 0.51484375 0.05 0.02890625
0 0.8333333333333334 0.50078125 0.04861111111111111 0.01953125
0 0.11666666666666667 0.48125 0.06527777777777778 0.03828125
0 0.8791666666666667 0.4796875 0.03888888888888889 0.021875
0 0.0 0.478125 0.05694444444444444 0.034375
0 0.22361111111111112 0.46484375 0.02638888888888889 0.02421875
0 0.20833333333333334 0.42578125 0.058333333333333334 0.03125
0 0.1986111111111111 0.4125 0.016666666666666666 0.0125
0 0.12222222222222222 0.4078125 0.04722222222222222 0.01953125
0 0.044444444444444446 0.3875 0.06388888888888888 0.03359375
0 0.1597222222222222 0.2921875 0.05 0.02265625
0 0.1361111111111111 0.209375 0.09444444444444444 0.04921875
0 0.04583333333333333 0.0578125 0.034722222222222224 0.0234375
