0 0.875 0.765625 0.034722222222222224 0.0140625
0 0.8722222222222222 0.74609375 0.025 0.01953125
0 0.9319444444444445 0.73359375 0.034722222222222224 0.02109375
0 0.7791666666666667 0.659375 0.025 0.01640625
0 0.6819444444444445 0.634375 0.027777777777777776 0.01484375
0 0.6736111111111112 0.62109375 0.03611111111111111 0.0125
0 0.8125 0.6125 0.019444444444444445 0.01875
0 0.8277777777777777 0.58828125 0.04583333333333333 0.02421875
0 0.10138888888888889 0.57578125 0.029166666666666667 0.0140625
0 0.8138888888888889 0.5546875 0.04583333333333333 0.0265625
0 0.3402777777777778 0.5546875 0.034722222222222224 0.01796875
0 0.9180555555555555 0.5421875 0.06944444444444445 0.04296875
0 0.45694444444444443 0.53984375 0.0375 0.0203125
0 0.07777777777777778 0.53984375 0.030555555555555555 0.01796875
0 0.2972222222222222 0.534375 0.03333333333333333 0.01875
0 0.0 0.53359375 0.011111111111111112 0.01015625
0 0.6722222222222223 0.5265625 0.05 0.02890625
0 0.26666666666666666 0.525 0.03194444444444444 0.0171875
0 0.009722222222222222 0.52421875 0.03194444444444444 0.015625
0 0.19305555555555556 0.521875 0.059722222222222225 0.03046875
0 0.75 0.51953125 0.05277777777777778 0.0265625
0 0.0375 0.51953125 0.02638888888888889 0.01328125
0 0.95 0.51484375 0.04861111111111111 0.02734375
0 0.08888888888888889 0.5125 0.029166666666666667 0.0140625
0 0.06388888888888888 0.5125 0.030555555555555555 0.015625
0 0.5555555555555556 0.5078125 0.05 0.025
0 0.1527777777777778 0.5 0.04722222222222222 0.03125
0 0.6958333333333333 0.48046875 0.019444444444444445 0.01640625
0 0.35555555555555557 0.471875 0.03888888888888889 0.02421875
0 0.3888888888888889 0.4671875 0.044444444444444446 0.0203125
0 0.9277777777777778 0.45625 0.03611111111111111 0.01796875
0 0.8291666666666667 0.4546875 0.03333333333333333 0.01640625
0 0.44583333333333336 0.44765625 0.04722222222222222 0.02890625
0 0.30833333333333335 0.44453125 0.034722222222222224 0.02265625
0 0.7541666666666667 0.4375 0.0375 0.0203125
0 0.21944444444444444 0.43203125 0.04722222222222222 0.02421875
0 0.6180555555555556 0.42734375 0.05277777777777778 0.034375
0 0.1763888888888889 0.41640625 0.041666666666666664 0.02578125
0 0.03194444444444444 0.41328125 0.03611111111111111 0.01640625
0 0.2708333333333333 0.41171875 0.027777777777777776 0.02578125
0 0.15416666666666667 0.4078125 0.029166666666666667 0.02265625
0 0.4875 0.40390625 0.03611111111111111 0.01640625
0 0.35 0.40390625 0.05 0.03046875
0 0.5486111111111112 0.3984375 0.0763888888888889 0.053125
0 0.33611111111111114 0.3875 0.022222222222222223 0.01484375
0 0.4013888888888889 0.375 0.03333333333333333 0.01953125
0 0.26944444444444443 0.36796875 0.019444444444444445 0.0109375
0 0.20277777777777778 0.3640625 0.022222222222222223 0.0140625
0 0.13472222222222222 0.359375 0.034722222222222224 0.01640625
0 0.2513888888888889 0.35546875 0.020833333333333332 0.0171875
0 0.30694444444444446 0.3453125 0.0375 0.021875
0 0.044444444444444446 0.3390625 0.0375 0.01484375
0 0.14444444444444443 0.33203125 0.03194444444444444 0.01484375
0 0.23472222222222222 0.33046875 0.02638888888888889 0.00859375
0 0.002777777777777778 0.315625 0.015277777777777777 0.00703125
0 0.5652777777777778 0.3109375 0.03333333333333333 0.01484375
0 0.13333333333333333 0.30625 0.05 0.02421875
0 0.9555555555555556 0.30390625 0.044444444444444446 0.0421875
0 0.7611111111111111 0.303125 0.04027777777777778 0.025
0 0.5611111111111111 0.28984375 0.027777777777777776 0.02109375
0 0.7222222222222222 0.284375 0.04583333333333333 0.02421875
0 0.4986111111111111 0.27578125 0.034722222222222224 0.01875
0 0.4375 0.27578125 0.05416666666666667 0.02421875
0 0.4152777777777778 0.2703125 0.0125 0.01015625
0 0.38055555555555554 0.26953125 0.044444444444444446 0.02265625
0 0.5041666666666667 0.26015625 0.03333333333333333 0.0203125
0 0.6333333333333333 0.2578125 0.08472222222222223 0.0453125
0 0.5708333333333333 0.2546875 0.027777777777777776 0.0125
0 0.03194444444444444 0.253125 0.02638888888888889 0.01640625
0 0.7194444444444444 0.234375 0.059722222222222225 0.04609375
0 0.6138888888888889 0.228125 0.04722222222222222 0.03203125
0 0.6694444444444444 0.2265625 0.05138888888888889 0.03046875
0 0.5680555555555555 0.22421875 0.04583333333333333 0.03046875
0 0.6722222222222223 0.1859375 0.04861111111111111 0.02578125
0 0.85 0.1734375 0.0625 0.03515625
0 0.48333333333333334 0.17265625 0.03194444444444444 0.01875
0 0.7597222222222222 0.165625 0.043055555555555555 0.025
0 0.5944444444444444 0.1640625 0.019444444444444445 0.01640625
0 0.6319444444444444 0.16171875 0.043055555555555555 0.03515625
0 0.6777777777777778 0.1515625 0.05 0.03203125
0 0.5152777777777777 0.14765625 0.034722222222222224 0.021875
0 0.4263888888888889 0.1328125 0.029166666666666667 0.01640625
0 0.5597222222222222 0.13046875 0.03194444444444444 0.015625
0 0.5125 0.1296875 0.018055555555555554 0.0171875
0 0.48055555555555557 0.12578125 0.029166666666666667 0.015625
0 0.3527777777777778 0.11875 0.07916666666666666 0.02421875
0 0.4444444444444444 0.109375 0.03194444444444444 0.01796875
0 0.7291666666666666 0.10546875 0.034722222222222224 0.0171875
0 0.47638888888888886 0.1015625 0.03333333333333333 0.021875
0 0.8597222222222223 0.0875 0.0375 0.0203125
0 0.5013888888888889 0.0796875 0.03888888888888889 0.015625
0 0.8236111111111111 0.06640625 0.05138888888888889 0.034375
0 0.8236111111111111 0.0625 0.0125 0.0203125
0 0.7027777777777777 0.03984375 0.027777777777777776 0.01875
0 0.6416666666666667 0.021875 0.03333333333333333 0.03359375
