0 0.1486111111111111 0.50625 0.05277777777777778 0.0390625
0 0.1875 0.47890625 0.034722222222222224 0.02578125
0 0.4666666666666667 0.471875 0.019444444444444445 0.01328125
0 0.18055555555555555 0.47109375 0.022222222222222223 0.01484375
0 0.5486111111111112 0.4515625 0.03333333333333333 0.0140625
0 0.5083333333333333 0.44609375 0.030555555555555555 0.01171875
0 0.6166666666666667 0.4296875 0.018055555555555554 0.0078125
0 0.5361111111111111 0.42734375 0.022222222222222223 0.01171875
0 0.034722222222222224 0.41015625 0.02361111111111111 0.01171875
0 0.6430555555555556 0.3890625 0.027777777777777776 0.01640625
0 0.27361111111111114 0.3875 0.029166666666666667 0.01171875
0 0.058333333333333334 0.365625 0.02638888888888889 0.0203125
0 0.10138888888888889 0.36171875 0.02361111111111111 0.01328125
0 0.49722222222222223 0.3609375 0.027777777777777776 0.01875
0 0.39305555555555555 0.35625 0.03333333333333333 0.01953125
0 0.3486111111111111 0.35078125 0.0375 0.015625
0 0.034722222222222224 0.3421875 0.022222222222222223 0.01484375
0 0.27361111111111114 0.33359375 0.02638888888888889 0.01328125
0 0.40694444444444444 0.33203125 0.03333333333333333 0.02109375
0 0.35138888888888886 0.33125 0.03194444444444444 0.01796875
0 0.029166666666666667 0.32109375 0.03333333333333333 0.0171875
0 0.3263888888888889 0.309375 0.034722222222222224 0.01484375
0 0.38472222222222224 0.29609375 0.034722222222222224 0.0109375
0 0.09583333333333334 0.28515625 0.04861111111111111 0.0203125
0 0.08888888888888889 0.27109375 0.025 0.0140625
0 0.006944444444444444 0.26640625 0.02361111111111111 0.01328125
0 0.25972222222222224 0.265625 0.022222222222222223 0.0140625
0 0.2972222222222222 0.23046875 0.03611111111111111 0.0125
0 0.18194444444444444 0.20859375 0.03888888888888889 0.0203125
0 0.041666666666666664 0.18359375 0.05555555555555555 0.02109375
