0 0.6069444444444444 0.62890625 0.04583333333333333 0.0234375
0 0.46944444444444444 0.615625 0.05 0.0265625
0 0.325 0.60078125 0.05555555555555555 0.03125
0 0.35694444444444445 0.5796875 0.025 0.01328125
0 0.6916666666666667 0.540625 0.05416666666666667 0.02578125
0 0.3486111111111111 0.53203125 0.04861111111111111 0.0296875
0 0.30833333333333335 0.515625 0.030555555555555555 0.0203125
0 0.5930555555555556 0.5078125 0.07361111111111111 0.0390625
0 0.4861111111111111 0.5046875 0.075 0.0328125
0 0.6930555555555555 0.4890625 0.03611111111111111 0.02890625
0 0.03611111111111111 0.48359375 0.041666666666666664 0.025
0 0.24722222222222223 0.459375 0.025 0.015625
0 0.7666666666666667 0.45390625 0.044444444444444446 0.0296875
0 0.6625 0.45 0.030555555555555555 0.0140625
0 0.21805555555555556 0.44140625 0.03333333333333333 0.01953125
0 0.5902777777777778 0.4234375 0.020833333333333332 0.00859375
0 0.6291666666666667 0.34609375 0.03611111111111111 0.01171875
0 0.6208333333333333 0.2734375 0.05694444444444444 0.03671875
0 0.45416666666666666 0.1296875 0.06111111111111111 0.03984375
