0 0.10555555555555556 0.68515625 0.04861111111111111 0.01953125
0 0.4847222222222222 0.6296875 0.07222222222222222 0.05390625
0 0.8291666666666667 0.6265625 0.05277777777777778 0.040625
0 0.9069444444444444 0.61875 0.058333333333333334 0.0296875
0 0.2847222222222222 0.6140625 0.027777777777777776 0.01875
0 0.6597222222222222 0.59296875 0.06527777777777778 0.03125
0 0.9402777777777778 0.56875 0.05694444444444444 0.02890625
0 0.8736111111111111 0.53671875 0.05138888888888889 0.0375
0 0.6472222222222223 0.5328125 0.04583333333333333 0.0265625
0 0.4625 0.52265625 0.05138888888888889 0.03515625
0 0.2861111111111111 0.51171875 0.034722222222222224 0.01875
0 0.44166666666666665 0.46015625 0.0625 0.0359375
0 0.3458333333333333 0.44921875 0.05 0.02734375
0 0.07222222222222222 0.4484375 0.04722222222222222 0.02421875
0 0.2902777777777778 0.44609375 0.044444444444444446 0.03046875
0 0.175 0.44140625 0.04583333333333333 0.02890625
0 0.11527777777777778 0.440625 0.044444444444444446 0.02578125
0 0.36666666666666664 0.42109375 0.05416666666666667 0.02734375
0 0.9125 0.41015625 0.04583333333333333 0.0328125
0 0.14305555555555555 0.409375 0.0625 0.034375
0 0.20972222222222223 0.36328125 0.05555555555555555 0.025
0 0.9263888888888889 0.35546875 0.07361111111111111 0.040625
0 0.16805555555555557 0.3484375 0.03194444444444444 0.015625
0 0.4027777777777778 0.34140625 0.08472222222222223 0.03046875
0 0.2222222222222222 0.3328125 0.030555555555555555 0.01796875
0 0.08472222222222223 0.33046875 0.03333333333333333 0.028125
0 0.14444444444444443 0.309375 0.07083333333333333 0.04140625
0 0.14583333333333334 0.28359375 0.04027777777777778 0.0234375
0 0.35833333333333334 0.2828125 0.04583333333333333 0.02734375
0 0.18333333333333332 0.26328125 0.05694444444444444 0.04140625
0 0.14166666666666666 0.23671875 0.04861111111111111 0.01953125
0 0.3875 0.2171875 0.05138888888888889 0.0203125
0 0.12083333333333333 0.2046875 0.05 0.03125
0 0.2361111111111111 0.20234375 0.06388888888888888 0.034375
0 0.37222222222222223 0.1921875 0.04722222222222222 0.0234375
0 0.1486111111111111 0.18125 0.08888888888888889 0.03359375
0 0.24722222222222223 0.15546875 0.07083333333333333 0.0359375
0 0.31805555555555554 0.10859375 0.06944444444444445 0.040625
