0 0.7222222222222222 0.66328125 0.08333333333333333 0.02734375
0 0.22777777777777777 0.65859375 0.041666666666666664 0.02421875
0 0.19166666666666668 0.65078125 0.03611111111111111 0.02734375
0 0.5263888888888889 0.6359375 0.03194444444444444 0.0171875
0 0.7416666666666667 0.61015625 0.02361111111111111 0.02109375
0 0.6347222222222222 0.60703125 0.05 0.01953125
0 0.7652777777777777 0.5984375 0.03333333333333333 0.015625
0 0.5541666666666667 0.59609375 0.03611111111111111 0.01953125
0 0.7638888888888888 0.5578125 0.03611111111111111 0.0265625
0 0.8638888888888889 0.50625 0.04861111111111111 0.01953125
0 0.7486111111111111 0.48125 0.058333333333333334 0.0328125
0 0.7027777777777777 0.4609375 0.030555555555555555 0.0125
0 0.7444444444444445 0.45859375 0.029166666666666667 0.01640625
0 0.6458333333333334 0.44921875 0.05694444444444444 0.0296875
0 0.5138888888888888 0.43828125 0.06666666666666667 0.02734375
0 0.7486111111111111 0.4375 0.02361111111111111 0.01640625
0 0.0 0.43359375 0.022222222222222223 0.01796875
0 0.1638888888888889 0.415625 0.058333333333333334 0.01640625
0 0.7805555555555556 0.39765625 0.04861111111111111 0.03984375
0 0.5916666666666667 0.38984375 0.03333333333333333 0.02421875
0 0.6513888888888889 0.3453125 0.019444444444444445 0.0203125
0 0.44722222222222224 0.33828125 0.03333333333333333 0.0234375
0 0.49722222222222223 0.3359375 0.059722222222222225 0.0265625
0 0.7708333333333334 0.32578125 0.1388888888888889 0.08515625
0 0.5694444444444444 0.29765625 0.043055555555555555 0.01875
0 0.6263888888888889 0.28359375 0.020833333333333332 0.01015625
0 0.8972222222222223 0.27578125 0.034722222222222224 0.01875
0 0.001388888888888889 0.2625 0.04722222222222222 0.028125
0 0.5902777777777778 0.225 0.05138888888888889 0.03203125
0 0.6680555555555555 0.22109375 0.027777777777777776 0.03828125
0 0.44305555555555554 0.21953125 0.044444444444444446 0.03125
0 0.7388888888888889 0.196875 0.058333333333333334 0.03046875
0 0.5805555555555556 0.1890625 0.041666666666666664 0.02578125
0 0.5263888888888889 0.18125 0.043055555555555555 0.0265625
0 0.6458333333333334 0.17890625 0.03333333333333333 0.021875
0 0.5972222222222222 0.13046875 0.0625 0.04921875
0 0.6625 0.12578125 0.04583333333333333 0.0421875
0 0.7208333333333333 0.125 0.041666666666666664 0.028125
0 0.7194444444444444 0.0859375 0.06944444444444445 0.0390625
0 0.6180555555555556 0.08203125 0.06944444444444445 0.04453125
0 0.6819444444444445 0.0671875 0.04861111111111111 0.025
0 0.7180555555555556 0.04453125 0.02638888888888889 0.01796875
0 0.6486111111111111 0.03046875 0.05555555555555555 0.0390625
0 0.7041666666666667 0.01796875 0.05277777777777778 0.03203125
0 0.7069444444444445 0.0 0.016666666666666666 0.0140625
0 0.6166666666666667 0.0 0.05416666666666667 0.03125
