0 0.3125 0.93828125 0.03611111111111111 0.0234375
0 0.9458333333333333 0.925 0.027777777777777776 0.021875
0 0.7458333333333333 0.90234375 0.05694444444444444 0.02421875
0 0.7638888888888888 0.88046875 0.034722222222222224 0.0203125
0 0.5666666666666667 0.85078125 0.016666666666666666 0.01640625
0 0.8875 0.83671875 0.020833333333333332 0.01484375
0 0.11805555555555555 0.81171875 0.12638888888888888 0.04140625
0 0.6083333333333333 0.809375 0.02361111111111111 0.01640625
0 0.9152777777777777 0.7609375 0.025 0.0125
0 0.5958333333333333 0.7578125 0.029166666666666667 0.01640625
0 0.7944444444444444 0.7328125 0.016666666666666666 0.0125
0 0.6833333333333333 0.7171875 0.02361111111111111 0.0125
0 0.0763888888888889 0.63125 0.043055555555555555 0.034375
0 0.12777777777777777 0.63046875 0.05694444444444444 0.02265625
0 0.38333333333333336 0.61484375 0.06111111111111111 0.028125
0 0.31666666666666665 0.60703125 0.04027777777777778 0.028125
0 0.8777777777777778 0.590625 0.025 0.01875
0 0.8236111111111111 0.57734375 0.04027777777777778 0.03125
0 0.4722222222222222 0.57109375 0.08333333333333333 0.03046875
0 0.03611111111111111 0.57109375 0.058333333333333334 0.01875
0 0.30277777777777776 0.55625 0.03194444444444444 0.0234375
0 0.33055555555555555 0.52578125 0.05138888888888889 0.0328125
0 0.5861111111111111 0.51015625 0.075 0.0453125
0 0.1763888888888889 0.50078125 0.059722222222222225 0.0390625
0 0.46805555555555556 0.4984375 0.0763888888888889 0.02734375
0 0.8597222222222223 0.47890625 0.03888888888888889 0.01796875
0 0.7722222222222223 0.46328125 0.07083333333333333 0.0359375
0 0.3013888888888889 0.459375 0.05555555555555555 0.028125
0 0.7097222222222223 0.44921875 0.06666666666666667 0.03359375
0 0.4986111111111111 0.44140625 0.059722222222222225 0.03046875
0 0.3902777777777778 0.41953125 0.034722222222222224 0.02421875
0 0.8527777777777777 0.40390625 0.05 0.0234375
0 0.2708333333333333 0.384375 0.10972222222222222 0.06953125
0 0.11944444444444445 0.3703125 0.07916666666666666 0.03359375
0 0.8166666666666667 0.36875 0.05694444444444444 0.034375
0 0.7222222222222222 0.35078125 0.034722222222222224 0.021875
0 0.225 0.33984375 0.07916666666666666 0.04921875
0 0.075 0.31953125 0.07916666666666666 0.0484375
0 0.6791666666666667 0.3140625 0.041666666666666664 0.0203125
0 0.5166666666666667 0.30859375 0.1125 0.0390625
0 0.30277777777777776 0.28203125 0.08472222222222223 0.0484375
0 0.6347222222222222 0.2734375 0.05694444444444444 0.0296875
0 0.001388888888888889 0.26953125 0.07222222222222222 0.06015625
0 0.9111111111111111 0.26875 0.0763888888888889 0.03984375
0 0.3611111111111111 0.26171875 0.02361111111111111 0.00703125
0 0.9805555555555555 0.246875 0.019444444444444445 0.01640625
0 0.30833333333333335 0.246875 0.03333333333333333 0.02421875
0 0.7111111111111111 0.23203125 0.05694444444444444 0.02265625
0 0.09305555555555556 0.2296875 0.05277777777777778 0.04140625
0 0.225 0.2234375 0.07222222222222222 0.03515625
0 0.44583333333333336 0.2015625 0.15694444444444444 0.0578125
0 0.7083333333333334 0.19453125 0.11666666666666667 0.05234375
0 0.0 0.1796875 0.034722222222222224 0.034375
0 0.002777777777777778 0.11171875 0.02361111111111111 0.02421875
0 0.6305555555555555 0.0953125 0.09305555555555556 0.08984375
0 0.7958333333333333 0.0828125 0.10972222222222222 0.08125
0 0.3458333333333333 0.05625 0.0375 0.01796875
0 0.022222222222222223 0.04921875 0.21805555555555556 0.115625
0 0.4 0.03828125 0.041666666666666664 0.021875
0 0.45555555555555555 0.03046875 0.043055555555555555 0.02421875
0 0.8625 0.0265625 0.10138888888888889 0.06015625
0 0.3472222222222222 0.01640625 0.06388888888888888 0.034375
0 0.06527777777777778 0.0046875 0.043055555555555555 0.0203125
0 0.5333333333333333 0.00078125 0.02361111111111111 0.01640625
0 0.3902777777777778 0.00078125 0.044444444444444446 0.02421875
0 0.29583333333333334 0.00078125 0.043055555555555555 0.00859375
