0 0.8111111111111111 0.95859375 0.041666666666666664 0.02890625
0 0.7458333333333333 0.953125 0.044444444444444446 0.03359375
0 0.9416666666666667 0.88359375 0.05555555555555555 0.034375
0 0.12777777777777777 0.8140625 0.07361111111111111 0.03828125
0 0.5111111111111111 0.8015625 0.07916666666666666 0.06640625
0 0.2361111111111111 0.746875 0.05694444444444444 0.0265625
0 0.7097222222222223 0.74296875 0.05694444444444444 0.02734375
0 0.7888888888888889 0.73671875 0.027777777777777776 0.0265625
0 0.6527777777777778 0.73671875 0.05277777777777778 0.0265625
0 0.3527777777777778 0.7296875 0.05416666666666667 0.0296875
0 0.5208333333333334 0.7125 0.058333333333333334 0.021875
0 0.6583333333333333 0.6953125 0.05694444444444444 0.0296875
0 0.1375 0.6875 0.059722222222222225 0.0328125
0 0.17777777777777778 0.6640625 0.05416666666666667 0.0265625
0 0.9430555555555555 0.64296875 0.03888888888888889 0.02578125
0 0.3611111111111111 0.64140625 0.05277777777777778 0.03359375
0 0.9194444444444444 0.628125 0.03333333333333333 0.01796875
0 0.2222222222222222 0.59609375 0.0875 0.0625
0 0.9319444444444445 0.5640625 0.043055555555555555 0.02109375
0 0.49583333333333335 0.56328125 0.03888888888888889 0.0328125
0 0.5555555555555556 0.55 0.059722222222222225 0.0296875
0 0.6430555555555556 0.5296875 0.03333333333333333 0.0140625
0 0.18888888888888888 0.5171875 0.06666666666666667 0.05546875
0 0.6930555555555555 0.515625 0.059722222222222225 0.0359375
0 0.6402777777777777 0.4984375 0.04027777777777778 0.02421875
0 0.2902777777777778 0.496875 0.0375 0.0328125
0 0.5277777777777778 0.4546875 0.05 0.0328125
0 0.425 0.45390625 0.044444444444444446 0.01953125
0 0.6111111111111112 0.43671875 0.016666666666666666 0.015625
0 0.475 0.4265625 0.02361111111111111 0.0125
0 0.31805555555555554 0.42265625 0.05277777777777778 0.0234375
0 0.43472222222222223 0.4171875 0.030555555555555555 0.021875
0 0.42777777777777776 0.40078125 0.020833333333333332 0.015625
0 0.49027777777777776 0.3828125 0.07222222222222222 0.03671875
0 0.41805555555555557 0.309375 0.043055555555555555 0.015625
0 0.3625 0.296875 0.05416666666666667 0.0234375
0 0.2875 0.24765625 0.08888888888888889 0.03359375
0 0.39305555555555555 0.21640625 0.04722222222222222 0.02421875
0 0.3611111111111111 0.1890625 0.05416666666666667 0.0203125
0 0.3416666666666667 0.1328125 0.030555555555555555 0.0171875
