0 0.008333333333333333 0.7125 0.027777777777777776 0.0140625
0 0.001388888888888889 0.621875 0.0763888888888889 0.05703125
0 0.004166666666666667 0.5953125 0.05555555555555555 0.02265625
0 0.7694444444444445 0.58203125 0.015277777777777777 0.01015625
0 0.9013888888888889 0.55703125 0.0375 0.01875
0 0.24444444444444444 0.52578125 0.030555555555555555 0.0140625
0 0.5611111111111111 0.465625 0.02638888888888889 0.0171875
0 0.075 0.46171875 0.027777777777777776 0.0265625
0 0.6263888888888889 0.4046875 0.034722222222222224 0.0140625
0 0.8944444444444445 0.36796875 0.015277777777777777 0.02265625
0 0.9222222222222223 0.3125 0.05416666666666667 0.034375
0 0.8138888888888889 0.29375 0.058333333333333334 0.03359375
