0 0.55 0.915625 0.018055555555555554 0.021875
0 0.3597222222222222 0.9015625 0.09305555555555556 0.0515625
0 0.7444444444444445 0.87734375 0.09166666666666666 0.03203125
0 0.001388888888888889 0.8359375 0.03333333333333333 0.02578125
0 0.49722222222222223 0.828125 0.04722222222222222 0.01953125
0 0.42777777777777776 0.81953125 0.04583333333333333 0.015625
0 0.3625 0.77578125 0.016666666666666666 0.0140625
0 0.34444444444444444 0.75390625 0.027777777777777776 0.0203125
0 0.22083333333333333 0.7515625 0.0375 0.025
0 0.016666666666666666 0.72890625 0.05694444444444444 0.02578125
0 0.5638888888888889 0.7125 0.030555555555555555 0.02734375
0 0.31805555555555554 0.7109375 0.10555555555555556 0.040625
0 0.1638888888888889 0.68671875 0.059722222222222225 0.0359375
0 0.41805555555555557 0.65703125 0.0375 0.03125
0 0.5638888888888889 0.65390625 0.03333333333333333 0.02578125
0 0.2722222222222222 0.609375 0.07916666666666666 0.04765625
0 0.3611111111111111 0.59375 0.043055555555555555 0.03203125
0 0.3111111111111111 0.5671875 0.03611111111111111 0.025
0 0.5097222222222222 0.55078125 0.04027777777777778 0.015625
0 0.5625 0.5359375 0.043055555555555555 0.01796875
0 0.3972222222222222 0.5234375 0.059722222222222225 0.03203125
0 0.17777777777777778 0.425 0.04583333333333333 0.03125
0 0.2263888888888889 0.421875 0.03194444444444444 0.028125
0 0.41944444444444445 0.38203125 0.04861111111111111 0.021875
0 0.1486111111111111 0.3109375 0.058333333333333334 0.0328125
0 0.3194444444444444 0.25859375 0.058333333333333334 0.0265625
0 0.26805555555555555 0.25703125 0.04722222222222222 0.02421875
0 0.2722222222222222 0.22578125 0.04861111111111111 0.02578125
