0 0.1597222222222222 0.66875 0.044444444444444446 0.02890625
0 0.8111111111111111 0.6375 0.05277777777777778 0.0234375
0 0.6208333333333333 0.63515625 0.09305555555555556 0.06171875
0 0.43472222222222223 0.62421875 0.04861111111111111 0.0265625
0 0.6069444444444444 0.53203125 0.0625 0.03203125
0 0.45416666666666666 0.5109375 0.05416666666666667 0.028125
0 0.6 0.47265625 0.06388888888888888 0.03359375
0 0.06527777777777778 0.4671875 0.1111111111111111 0.04765625
0 0.5125 0.45703125 0.05 0.02734375
0 0.23333333333333334 0.4546875 0.04861111111111111 0.03046875
0 0.4625 0.45078125 0.041666666666666664 0.03515625
0 0.29444444444444445 0.44921875 0.10277777777777777 0.02578125
0 0.5277777777777778 0.43125 0.06527777777777778 0.02734375
0 0.001388888888888889 0.42421875 0.04861111111111111 0.0453125
0 0.31666666666666665 0.41640625 0.0625 0.03359375
0 0.44305555555555554 0.4015625 0.0375 0.02421875
0 0.33194444444444443 0.359375 0.10694444444444444 0.04140625
0 0.5583333333333333 0.34921875 0.1 0.03046875
0 0.39444444444444443 0.346875 0.02361111111111111 0.01484375
0 0.06111111111111111 0.3453125 0.09861111111111111 0.04296875
0 0.29583333333333334 0.31796875 0.09722222222222222 0.04453125
0 0.5194444444444445 0.2875 0.05277777777777778 0.0296875
0 0.30972222222222223 0.2875 0.04027777777777778 0.028125
0 0.3527777777777778 0.275 0.05694444444444444 0.0453125
0 0.3 0.24453125 0.05 0.02109375
0 0.46805555555555556 0.2265625 0.044444444444444446 0.02578125
0 0.5486111111111112 0.22421875 0.04722222222222222 0.02421875
0 0.28888888888888886 0.2171875 0.04861111111111111 0.02734375
0 0.40555555555555556 0.209375 0.059722222222222225 0.03671875
0 0.5361111111111111 0.2 0.02638888888888889 0.03046875
0 0.30833333333333335 0.18984375 0.09722222222222222 0.03359375
0 0.4111111111111111 0.1671875 0.0763888888888889 0.034375
0 0.4930555555555556 0.11796875 0.06666666666666667 0.0375
