0 0.35555555555555557 0.96640625 0.019444444444444445 0.0140625
0 0.15833333333333333 0.9109375 0.05 0.03203125
0 0.3527777777777778 0.88984375 0.059722222222222225 0.03828125
0 0.059722222222222225 0.884375 0.05277777777777778 0.02109375
0 0.3125 0.88359375 0.03194444444444444 0.0375
0 0.49583333333333335 0.8578125 0.020833333333333332 0.0203125
0 0.6777777777777778 0.83046875 0.03611111111111111 0.015625
0 0.49583333333333335 0.825 0.043055555555555555 0.01953125
0 0.2847222222222222 0.759375 0.06111111111111111 0.0359375
0 0.3861111111111111 0.73359375 0.04861111111111111 0.01796875
0 0.3888888888888889 0.67734375 0.0625 0.0265625
0 0.625 0.6765625 0.059722222222222225 0.034375
0 0.3 0.6703125 0.10555555555555556 0.0625
0 0.25972222222222224 0.65625 0.019444444444444445 0.0125
0 0.5638888888888889 0.621875 0.02638888888888889 0.01171875
0 0.4125 0.5890625 0.03194444444444444 0.01875
0 0.325 0.5796875 0.058333333333333334 0.03125
0 0.7833333333333333 0.5703125 0.05694444444444444 0.03125
0 0.33611111111111114 0.55078125 0.041666666666666664 0.02890625
0 0.24861111111111112 0.51171875 0.08194444444444444 0.1015625
0 0.5583333333333333 0.4921875 0.043055555555555555 0.02265625
0 0.3402777777777778 0.48359375 0.05 0.028125
0 0.5944444444444444 0.47734375 0.08333333333333333 0.04375
0 0.6722222222222223 0.47109375 0.04027777777777778 0.01796875
0 0.5138888888888888 0.4671875 0.041666666666666664 0.02578125
0 0.5166666666666667 0.44375 0.025 0.0109375
0 0.4930555555555556 0.39375 0.05555555555555555 0.03671875
0 0.5527777777777778 0.36875 0.06388888888888888 0.03203125
0 0.34444444444444444 0.365625 0.06111111111111111 0.02578125
0 0.37222222222222223 0.3265625 0.06111111111111111 0.02578125
0 0.4513888888888889 0.221875 0.08888888888888889 0.04140625
0 0.4875 0.12890625 0.08611111111111111 0.04609375
