0 0.9722222222222222 0.715625 0.027777777777777776 0.0296875
0 0.006944444444444444 0.66953125 0.044444444444444446 0.021875
0 0.24583333333333332 0.66796875 0.05694444444444444 0.0328125
0 0.7652777777777777 0.63984375 0.11666666666666667 0.07734375
0 0.975 0.63359375 0.02361111111111111 0.03828125
0 0.30416666666666664 0.6234375 0.044444444444444446 0.02734375
0 0.3888888888888889 0.58125 0.03194444444444444 0.01875
0 0.5708333333333333 0.57109375 0.05277777777777778 0.028125
0 0.6902777777777778 0.55390625 0.0625 0.0296875
0 0.3263888888888889 0.50234375 0.04722222222222222 0.0234375
0 0.22083333333333333 0.4703125 0.044444444444444446 0.0265625
0 0.45555555555555555 0.45859375 0.030555555555555555 0.01953125
0 0.20833333333333334 0.44765625 0.041666666666666664 0.01640625
0 0.9736111111111111 0.434375 0.02638888888888889 0.0453125
0 0.49583333333333335 0.42421875 0.05694444444444444 0.03046875
0 0.2263888888888889 0.4140625 0.04027777777777778 0.01953125
0 0.9138888888888889 0.39375 0.03611111111111111 0.02109375
0 0.13472222222222222 0.38359375 0.03611111111111111 0.021875
0 0.07222222222222222 0.33515625 0.02361111111111111 0.025
0 0.3597222222222222 0.32421875 0.043055555555555555 0.02578125
0 0.008333333333333333 0.31328125 0.03611111111111111 0.0203125
0 0.08611111111111111 0.29375 0.05277777777777778 0.02734375
0 0.6861111111111111 0.29140625 0.1361111111111111 0.0546875
0 0.016666666666666666 0.2875 0.044444444444444446 0.01484375
0 0.8222222222222222 0.26015625 0.059722222222222225 0.0328125
0 0.07083333333333333 0.25859375 0.041666666666666664 0.03046875
0 0.9166666666666666 0.25703125 0.05416666666666667 0.03203125
0 0.9486111111111111 0.2234375 0.05138888888888889 0.0359375
0 0.5152777777777777 0.21328125 0.058333333333333334 0.02890625
0 0.1375 0.19765625 0.12083333333333333 0.059375
0 0.8236111111111111 0.1828125 0.043055555555555555 0.02265625
0 0.2652777777777778 0.1765625 0.04861111111111111 0.04140625
0 0.45 0.175 0.0625 0.0296875
0 0.10555555555555556 0.1578125 0.06944444444444445 0.0328125
0 0.8888888888888888 0.15078125 0.07222222222222222 0.05703125
0 0.3138888888888889 0.146875 0.09444444444444444 0.0671875
0 0.001388888888888889 0.13828125 0.029166666666666667 0.01875
0 0.28194444444444444 0.1265625 0.06111111111111111 0.01953125
0 0.49166666666666664 0.1140625 0.08611111111111111 0.04921875
0 0.8916666666666667 0.1046875 0.04861111111111111 0.0265625
0 0.39444444444444443 0.09296875 0.08333333333333333 0.0609375
0 0.5416666666666666 0.08125 0.06944444444444445 0.0421875
0 0.33611111111111114 0.0734375 0.058333333333333334 0.0265625
0 0.25416666666666665 0.0734375 0.04583333333333333 0.01484375
0 0.6402777777777777 0.071875 0.06805555555555555 0.034375
0 0.005555555555555556 0.0671875 0.06111111111111111 0.05078125
0 0.06666666666666667 0.06015625 0.05555555555555555 0.03203125
0 0.9347222222222222 0.05546875 0.06527777777777778 0.05234375
0 0.9902777777777778 0.04296875 0.009722222222222222 0.01796875
0 0.11388888888888889 0.03984375 0.03194444444444444 0.01484375
0 0.8763888888888889 0.03828125 0.027777777777777776 0.015625
0 0.31805555555555554 0.0328125 0.03888888888888889 0.01796875
0 0.4 0.02421875 0.125 0.0671875
0 0.3347222222222222 0.009375 0.03333333333333333 0.02578125
0 0.6625 0.00859375 0.075 0.04140625
0 0.9194444444444444 0.003125 0.06944444444444445 0.04453125
