0 0.6277777777777778 0.67890625 0.06527777777777778 0.02578125
0 0.7791666666666667 0.640625 0.09861111111111111 0.0625
0 0.2986111111111111 0.56328125 0.09166666666666666 0.05234375
0 0.775 0.5125 0.04583333333333333 0.0265625
0 0.7291666666666666 0.50625 0.041666666666666664 0.03125
0 0.8041666666666667 0.43671875 0.041666666666666664 0.02734375
0 0.9763888888888889 0.4171875 0.02361111111111111 0.0359375
0 0.8361111111111111 0.403125 0.05277777777777778 0.02265625
0 0.8277777777777777 0.38125 0.034722222222222224 0.01640625
0 0.8972222222222223 0.37265625 0.059722222222222225 0.0296875
0 0.6666666666666666 0.3421875 0.041666666666666664 0.02265625
0 0.7486111111111111 0.31484375 0.03611111111111111 0.0203125
0 0.7861111111111111 0.26953125 0.04722222222222222 0.0234375
0 0.8125 0.225 0.1388888888888889 0.059375
0 0.8319444444444445 0.14375 0.1361111111111111 0.0796875
0 0.9347222222222222 0.03515625 0.05277777777777778 0.03515625
0 0.8611111111111112 0.00078125 0.05 0.0109375
