0 0.9215277777777777 0.627734375 0.0375 0.01796875
0 0.7951388888888888 0.614453125 0.04861111111111111 0.02421875
0 0.6659722222222222 0.597265625 0.04583333333333333 0.02578125
0 0.6638888888888889 0.57109375 0.05 0.028125
0 0.9916666666666667 0.53828125 0.016666666666666666 0.0265625
0 0.68125 0.53515625 0.04861111111111111 0.0296875
0 0.9041666666666667 0.52421875 0.05 0.025
0 0.9416666666666667 0.51328125 0.03888888888888889 0.0203125
0 0.8090277777777778 0.511328125 0.08194444444444444 0.03203125
0 0.6277777777777778 0.510546875 0.09166666666666666 0.03828125
0 0.3715277777777778 0.491796875 0.04861111111111111 0.02890625
0 0.9638888888888889 0.459765625 0.044444444444444446 0.02890625
0 0.5520833333333334 0.450390625 0.06805555555555555 0.04140625
0 0.8666666666666667 0.435546875 0.05555555555555555 0.03203125
0 0.63125 0.431640625 0.05138888888888889 0.02421875
0 0.25416666666666665 0.43203125 0.044444444444444446 0.028125
0 0.9326388888888889 0.3515625 0.034722222222222224 0.0234375
0 0.7798611111111111 0.33984375 0.043055555555555555 0.025
0 0.9381944444444444 0.293359375 0.059722222222222225 0.04921875
0 0.7777777777777778 0.16953125 0.041666666666666664 0.0234375
0 0.8861111111111111 0.153125 0.03333333333333333 0.0203125
0 0.8034722222222223 0.15078125 0.034722222222222224 0.01875
