0 0.9166666666666666 0.91953125 0.08055555555555556 0.04609375
0 0.06805555555555555 0.865625 0.027777777777777776 0.01640625
0 0.19444444444444445 0.86484375 0.04027777777777778 0.02578125
0 0.6069444444444444 0.83515625 0.059722222222222225 0.0375
0 0.44722222222222224 0.8109375 0.04027777777777778 0.01796875
0 0.11666666666666667 0.7984375 0.04583333333333333 0.02890625
0 0.6222222222222222 0.79140625 0.04722222222222222 0.0359375
0 0.5541666666666667 0.7609375 0.07222222222222222 0.034375
0 0.4041666666666667 0.7453125 0.043055555555555555 0.01953125
0 0.6277777777777778 0.74453125 0.04583333333333333 0.0328125
0 0.5944444444444444 0.71640625 0.06805555555555555 0.0296875
0 0.22916666666666666 0.6953125 0.0375 0.01484375
0 0.7083333333333334 0.690625 0.06666666666666667 0.03828125
0 0.35694444444444445 0.68671875 0.03888888888888889 0.02421875
0 0.44583333333333336 0.67734375 0.05 0.03125
0 0.5319444444444444 0.675 0.05694444444444444 0.03515625
0 0.08611111111111111 0.6640625 0.034722222222222224 0.0203125
0 0.7902777777777777 0.65625 0.07083333333333333 0.03515625
0 0.7305555555555555 0.63984375 0.059722222222222225 0.02890625
0 0.058333333333333334 0.63671875 0.034722222222222224 0.021875
0 0.37083333333333335 0.6328125 0.041666666666666664 0.02265625
0 0.10694444444444444 0.61015625 0.044444444444444446 0.03125
0 0.5458333333333333 0.609375 0.03611111111111111 0.0171875
0 0.8513888888888889 0.5984375 0.05 0.0203125
0 0.16805555555555557 0.59375 0.04583333333333333 0.03515625
0 0.20972222222222223 0.5796875 0.05138888888888889 0.03046875
0 0.0 0.57421875 0.02638888888888889 0.0203125
0 0.18888888888888888 0.56640625 0.04722222222222222 0.0171875
0 0.7763888888888889 0.5625 0.03194444444444444 0.01953125
0 0.6847222222222222 0.53515625 0.029166666666666667 0.02578125
0 0.03194444444444444 0.5234375 0.05694444444444444 0.01796875
0 0.002777777777777778 0.5140625 0.02638888888888889 0.03125
0 0.5875 0.4875 0.04583333333333333 0.0265625
0 0.5791666666666667 0.43359375 0.022222222222222223 0.01484375
0 0.4888888888888889 0.41640625 0.05555555555555555 0.03046875
0 0.9166666666666666 0.39296875 0.06111111111111111 0.028125
0 0.4125 0.390625 0.05 0.01484375
0 0.8513888888888889 0.38125 0.058333333333333334 0.028125
0 0.6402777777777777 0.3796875 0.04583333333333333 0.0125
0 0.5708333333333333 0.346875 0.02361111111111111 0.0296875
0 0.5680555555555555 0.296875 0.15833333333333333 0.04921875
0 0.5277777777777778 0.2703125 0.044444444444444446 0.02578125
0 0.5777777777777777 0.25078125 0.11527777777777778 0.0359375
0 0.5430555555555555 0.20546875 0.06111111111111111 0.028125
0 0.5916666666666667 0.18515625 0.05555555555555555 0.028125
0 0.6458333333333334 0.171875 0.044444444444444446 0.03125
0 0.5791666666666667 0.1578125 0.04583333333333333 0.02421875
0 0.5861111111111111 0.1234375 0.06527777777777778 0.0328125
0 0.5375 0.09765625 0.05694444444444444 0.0265625
