0 0.08888888888888889 0.45546875 0.07222222222222222 0.0296875
0 0.8416666666666667 0.45390625 0.02638888888888889 0.0171875
0 0.8763888888888889 0.4421875 0.022222222222222223 0.01640625
0 0.22083333333333333 0.39296875 0.041666666666666664 0.015625
0 0.7583333333333333 0.36875 0.03611111111111111 0.01875
0 0.7083333333333334 0.34921875 0.04583333333333333 0.025
0 0.35555555555555557 0.3375 0.020833333333333332 0.01015625
0 0.33055555555555555 0.328125 0.025 0.0171875
0 0.07083333333333333 0.325 0.027777777777777776 0.01640625
0 0.3486111111111111 0.3125 0.029166666666666667 0.01484375
