0 0.8166666666666667 0.69140625 0.058333333333333334 0.02578125
0 0.4888888888888889 0.67734375 0.018055555555555554 0.0140625
0 0.9055555555555556 0.6484375 0.022222222222222223 0.01796875
0 0.725 0.63671875 0.022222222222222223 0.0140625
0 0.5416666666666666 0.6328125 0.04027777777777778 0.01640625
0 0.7791666666666667 0.628125 0.05694444444444444 0.0328125
0 0.31805555555555554 0.6265625 0.030555555555555555 0.01796875
0 0.5347222222222222 0.61796875 0.04027777777777778 0.01328125
0 0.41944444444444445 0.60625 0.02638888888888889 0.0125
0 0.4930555555555556 0.60234375 0.03194444444444444 0.01328125
0 0.7972222222222223 0.6015625 0.04861111111111111 0.02578125
0 0.28055555555555556 0.59765625 0.029166666666666667 0.01640625
0 0.7638888888888888 0.59140625 0.022222222222222223 0.01171875
0 0.7097222222222223 0.590625 0.020833333333333332 0.01328125
0 0.4583333333333333 0.58359375 0.041666666666666664 0.0203125
0 0.5222222222222223 0.5734375 0.05138888888888889 0.028125
0 0.6222222222222222 0.5703125 0.05277777777777778 0.02734375
0 0.4597222222222222 0.55859375 0.03194444444444444 0.02109375
0 0.8472222222222222 0.55703125 0.06666666666666667 0.034375
0 0.5041666666666667 0.55078125 0.029166666666666667 0.0171875
0 0.7125 0.54296875 0.05 0.028125
0 0.9180555555555555 0.5375 0.041666666666666664 0.02265625
0 0.05277777777777778 0.5234375 0.05416666666666667 0.0234375
0 0.0 0.51484375 0.015277777777777777 0.01796875
0 0.46111111111111114 0.50703125 0.06388888888888888 0.028125
0 0.8861111111111111 0.4828125 0.027777777777777776 0.01328125
0 0.8027777777777778 0.4828125 0.04583333333333333 0.02265625
0 0.9861111111111112 0.48203125 0.0125 0.02265625
0 0.7388888888888889 0.4765625 0.043055555555555555 0.01953125
0 0.625 0.45859375 0.02638888888888889 0.01171875
0 0.975 0.453125 0.025 0.028125
0 0.7069444444444445 0.43671875 0.02638888888888889 0.0140625
0 0.7805555555555556 0.43203125 0.02361111111111111 0.0125
0 0.6361111111111111 0.4171875 0.027777777777777776 0.015625
0 0.6666666666666666 0.415625 0.030555555555555555 0.01953125
0 0.8777777777777778 0.4140625 0.025 0.01640625
0 0.525 0.41328125 0.025 0.01328125
0 0.6972222222222222 0.409375 0.025 0.01484375
0 0.6444444444444445 0.40234375 0.020833333333333332 0.0125
0 0.6291666666666667 0.38984375 0.019444444444444445 0.015625
0 0.18055555555555555 0.3875 0.04027777777777778 0.02421875
0 0.7194444444444444 0.3765625 0.030555555555555555 0.02421875
0 0.2111111111111111 0.37578125 0.04027777777777778 0.0234375
0 0.49583333333333335 0.3703125 0.030555555555555555 0.015625
0 0.5694444444444444 0.35859375 0.02361111111111111 0.01640625
0 0.42083333333333334 0.35625 0.025 0.01640625
0 0.06111111111111111 0.35625 0.0625 0.04453125
0 0.28888888888888886 0.35390625 0.044444444444444446 0.0140625
0 0.5361111111111111 0.3515625 0.019444444444444445 0.0140625
0 0.9375 0.34609375 0.029166666666666667 0.009375
0 0.8847222222222222 0.34609375 0.034722222222222224 0.015625
0 0.4041666666666667 0.33125 0.029166666666666667 0.0140625
0 0.1 0.3296875 0.07083333333333333 0.03046875
0 0.9236111111111112 0.31484375 0.022222222222222223 0.0109375
0 0.3611111111111111 0.309375 0.05 0.02734375
0 0.9027777777777778 0.3015625 0.022222222222222223 0.01328125
0 0.5416666666666666 0.3 0.030555555555555555 0.0171875
0 0.1986111111111111 0.2921875 0.04861111111111111 0.028125
0 0.9902777777777778 0.27421875 0.009722222222222222 0.0171875
0 0.42916666666666664 0.26875 0.02361111111111111 0.009375
0 0.4222222222222222 0.24765625 0.03194444444444444 0.01640625
0 0.25833333333333336 0.2453125 0.04722222222222222 0.0265625
0 0.6319444444444444 0.2421875 0.027777777777777776 0.01796875
0 0.48194444444444445 0.24140625 0.03333333333333333 0.02109375
0 0.5222222222222223 0.23203125 0.022222222222222223 0.01640625
0 0.7875 0.2296875 0.03333333333333333 0.01953125
0 0.6027777777777777 0.2296875 0.034722222222222224 0.01796875
0 0.7111111111111111 0.22578125 0.03333333333333333 0.015625
0 0.4027777777777778 0.2203125 0.03333333333333333 0.0203125
0 0.49166666666666664 0.215625 0.029166666666666667 0.02109375
0 0.8277777777777777 0.21328125 0.0375 0.0171875
0 0.4527777777777778 0.21328125 0.034722222222222224 0.02265625
0 0.375 0.21171875 0.022222222222222223 0.015625
0 0.075 0.21015625 0.03194444444444444 0.01484375
0 0.7888888888888889 0.20625 0.027777777777777776 0.01640625
0 0.8875 0.2015625 0.03333333333333333 0.0203125
0 0.7597222222222222 0.19375 0.03333333333333333 0.021875
0 0.041666666666666664 0.1890625 0.02361111111111111 0.0171875
0 0.24027777777777778 0.18671875 0.04861111111111111 0.03046875
0 0.09861111111111111 0.18515625 0.034722222222222224 0.01640625
0 0.6527777777777778 0.1796875 0.022222222222222223 0.0203125
0 0.5166666666666667 0.1796875 0.02361111111111111 0.01484375
0 0.9083333333333333 0.178125 0.0375 0.01953125
0 0.9513888888888888 0.17734375 0.03611111111111111 0.0171875
0 0.002777777777777778 0.17421875 0.034722222222222224 0.01328125
0 0.8111111111111111 0.17265625 0.06805555555555555 0.0390625
0 0.7347222222222223 0.17109375 0.022222222222222223 0.025
0 0.9861111111111112 0.16875 0.0125 0.02109375
0 0.6138888888888889 0.153125 0.044444444444444446 0.01953125
0 0.0625 0.153125 0.029166666666666667 0.0140625
0 0.9583333333333334 0.15234375 0.03333333333333333 0.025
0 0.022222222222222223 0.1359375 0.03333333333333333 0.015625
0 0.7083333333333334 0.1328125 0.043055555555555555 0.0265625
0 0.1736111111111111 0.11953125 0.044444444444444446 0.021875
0 0.09027777777777778 0.11640625 0.02638888888888889 0.0171875
0 0.058333333333333334 0.07109375 0.0875 0.04609375
0 0.2222222222222222 0.06953125 0.07916666666666666 0.071875
0 0.1625 0.0515625 0.04722222222222222 0.0328125
0 0.027777777777777776 0.05 0.030555555555555555 0.01796875
0 0.08333333333333333 0.04765625 0.05 0.0234375
