0 0.4722222222222222 0.62109375 0.044444444444444446 0.02109375
0 0.32222222222222224 0.6078125 0.05277777777777778 0.025
0 0.14305555555555555 0.59375 0.05416666666666667 0.02578125
0 0.1736111111111111 0.5625 0.030555555555555555 0.025
0 0.5555555555555556 0.5265625 0.04861111111111111 0.028125
0 0.19027777777777777 0.52265625 0.03333333333333333 0.03046875
0 0.4638888888888889 0.51328125 0.02638888888888889 0.01953125
0 0.48194444444444445 0.49609375 0.04583333333333333 0.02421875
0 0.34305555555555556 0.4921875 0.07222222222222222 0.03125
0 0.5722222222222222 0.48203125 0.029166666666666667 0.02265625
0 0.10555555555555556 0.4421875 0.02638888888888889 0.021875
0 0.5944444444444444 0.43828125 0.04722222222222222 0.0296875
0 0.08055555555555556 0.43203125 0.03194444444444444 0.01953125
0 0.4861111111111111 0.43046875 0.03194444444444444 0.0109375
0 0.5333333333333333 0.42890625 0.04027777777777778 0.0203125
0 0.42083333333333334 0.40703125 0.05 0.03046875
0 0.4847222222222222 0.2484375 0.08055555555555556 0.0421875
0 0.4222222222222222 0.10546875 0.0375 0.01875
0 0.31666666666666665 0.10390625 0.05694444444444444 0.04296875
