0 0.16944444444444445 0.6421875 0.0375 0.0171875
0 0.8208333333333333 0.6140625 0.06944444444444445 0.03359375
0 0.4527777777777778 0.609375 0.05694444444444444 0.03828125
0 0.09722222222222222 0.60234375 0.05416666666666667 0.015625
0 0.001388888888888889 0.59296875 0.011111111111111112 0.02109375
0 0.35555555555555557 0.58984375 0.0375 0.02265625
0 0.32916666666666666 0.58203125 0.025 0.015625
0 0.15416666666666667 0.58203125 0.03194444444444444 0.01875
0 0.8347222222222223 0.57890625 0.05138888888888889 0.028125
0 0.36944444444444446 0.5671875 0.0375 0.02421875
0 0.2375 0.5671875 0.03888888888888889 0.0140625
0 0.4847222222222222 0.5484375 0.058333333333333334 0.02734375
0 0.15694444444444444 0.5390625 0.04027777777777778 0.02578125
0 0.9611111111111111 0.5296875 0.02638888888888889 0.01171875
0 0.23055555555555557 0.4953125 0.03611111111111111 0.025
0 0.9611111111111111 0.44453125 0.03888888888888889 0.021875
0 0.22361111111111112 0.43515625 0.03333333333333333 0.0171875
0 0.1625 0.37890625 0.04027777777777778 0.0390625
0 0.8625 0.3453125 0.03888888888888889 0.01328125
0 0.2 0.290625 0.058333333333333334 0.03671875
0 0.05138888888888889 0.28671875 0.04861111111111111 0.0359375
0 0.2 0.25234375 0.044444444444444446 0.02109375
0 0.10694444444444444 0.2375 0.03194444444444444 0.01796875
