0 0.8083333333333333 0.77421875 0.03888888888888889 0.0359375
0 0.5875 0.76171875 0.11527777777777778 0.0453125
0 0.002777777777777778 0.73359375 0.06527777777777778 0.0296875
0 0.9166666666666666 0.728125 0.05555555555555555 0.028125
0 0.18333333333333332 0.69296875 0.059722222222222225 0.03203125
0 0.8486111111111111 0.68984375 0.044444444444444446 0.0203125
0 0.7513888888888889 0.68828125 0.06111111111111111 0.02421875
0 0.6583333333333333 0.65859375 0.08333333333333333 0.028125
0 0.5972222222222222 0.65859375 0.020833333333333332 0.01640625
0 0.6097222222222223 0.63046875 0.04583333333333333 0.0296875
0 0.45416666666666666 0.61484375 0.04861111111111111 0.01796875
0 0.6555555555555556 0.6078125 0.030555555555555555 0.0265625
0 0.44166666666666665 0.58828125 0.05 0.02421875
0 0.2263888888888889 0.57734375 0.06805555555555555 0.03671875
0 0.5722222222222222 0.5625 0.08055555555555556 0.04921875
0 0.6736111111111112 0.54375 0.015277777777777777 0.0125
0 0.38472222222222224 0.54296875 0.0625 0.0375
0 0.4097222222222222 0.52578125 0.027777777777777776 0.01640625
0 0.7902777777777777 0.5234375 0.019444444444444445 0.01875
0 0.7125 0.51640625 0.05416666666666667 0.0328125
0 0.8097222222222222 0.51328125 0.04722222222222222 0.02265625
0 0.5458333333333333 0.50625 0.015277777777777777 0.0203125
0 0.46805555555555556 0.49453125 0.06111111111111111 0.02109375
0 0.6888888888888889 0.47734375 0.043055555555555555 0.01953125
0 0.4361111111111111 0.465625 0.05555555555555555 0.02265625
0 0.6222222222222222 0.4515625 0.07222222222222222 0.053125
0 0.4375 0.4203125 0.11388888888888889 0.03984375
0 0.7375 0.40078125 0.04027777777777778 0.0234375
0 0.46111111111111114 0.38515625 0.06666666666666667 0.02734375
0 0.6777777777777778 0.37421875 0.0625 0.03515625
0 0.32916666666666666 0.25234375 0.09027777777777778 0.04375
0 0.36944444444444446 0.2203125 0.058333333333333334 0.03125
0 0.6375 0.21875 0.0375 0.028125
0 0.5958333333333333 0.21171875 0.027777777777777776 0.02265625
0 0.39444444444444443 0.121875 0.06388888888888888 0.03984375
0 0.5583333333333333 0.0703125 0.059722222222222225 0.02578125
0 0.4791666666666667 0.0609375 0.0625 0.03359375
0 0.4305555555555556 0.04375 0.030555555555555555 0.02109375
0 0.4791666666666667 0.0265625 0.058333333333333334 0.0296875
