0 0.20416666666666666 0.43828125 0.06805555555555555 0.0421875
0 0.9319444444444445 0.3875 0.06805555555555555 0.02734375
0 0.08055555555555556 0.334375 0.044444444444444446 0.01796875
0 0.03333333333333333 0.24296875 0.03194444444444444 0.0234375
0 0.001388888888888889 0.24296875 0.029166666666666667 0.03359375
0 0.001388888888888889 0.1625 0.03888888888888889 0.02421875
0 0.5291666666666667 0.1421875 0.034722222222222224 0.028125
0 0.5972222222222222 0.12109375 0.027777777777777776 0.03203125
0 0.7319444444444444 0.0703125 0.043055555555555555 0.0171875
0 0.5861111111111111 0.03984375 0.04861111111111111 0.034375
0 0.7083333333333334 0.025 0.09444444444444444 0.03046875
