0 0.6569444444444444 0.6734375 0.04027777777777778 0.01328125
0 0.041666666666666664 0.65390625 0.041666666666666664 0.02265625
0 0.001388888888888889 0.63984375 0.016666666666666666 0.03046875
0 0.6208333333333333 0.61640625 0.10416666666666667 0.03671875
0 0.39166666666666666 0.60234375 0.04722222222222222 0.02421875
0 0.2638888888888889 0.5796875 0.06805555555555555 0.0390625
0 0.09583333333333334 0.578125 0.05694444444444444 0.0296875
0 0.4027777777777778 0.546875 0.06805555555555555 0.03203125
0 0.3013888888888889 0.52890625 0.07083333333333333 0.03828125
0 0.6125 0.509375 0.08472222222222223 0.046875
0 0.22916666666666666 0.50859375 0.08472222222222223 0.02578125
0 0.6902777777777778 0.49609375 0.025 0.0078125
0 0.7083333333333334 0.4953125 0.0875 0.0484375
0 0.1875 0.47734375 0.044444444444444446 0.01953125
0 0.8680555555555556 0.45546875 0.022222222222222223 0.0296875
0 0.12777777777777777 0.453125 0.03333333333333333 0.021875
0 0.009722222222222222 0.425 0.030555555555555555 0.015625
0 0.15 0.42421875 0.03194444444444444 0.01640625
0 0.2125 0.40390625 0.018055555555555554 0.00859375
0 0.575 0.39609375 0.07222222222222222 0.02734375
0 0.95 0.36953125 0.05 0.0484375
0 0.2222222222222222 0.3515625 0.022222222222222223 0.0109375
0 0.2986111111111111 0.35078125 0.025 0.01015625
0 0.18194444444444444 0.34453125 0.022222222222222223 0.01171875
0 0.29583333333333334 0.33671875 0.016666666666666666 0.0109375
0 0.1875 0.32421875 0.019444444444444445 0.015625
0 0.25833333333333336 0.31796875 0.04027777777777778 0.02421875
0 0.013888888888888888 0.31015625 0.0375 0.01875
0 0.1597222222222222 0.3078125 0.02361111111111111 0.0140625
0 0.22083333333333333 0.3046875 0.03194444444444444 0.028125
0 0.6 0.29921875 0.029166666666666667 0.0125
0 0.24861111111111112 0.29375 0.019444444444444445 0.01328125
0 0.175 0.2765625 0.027777777777777776 0.01484375
0 0.3819444444444444 0.27421875 0.0375 0.0203125
0 0.002777777777777778 0.2671875 0.11527777777777778 0.0453125
0 0.0 0.253125 0.02361111111111111 0.01328125
0 0.2361111111111111 0.2515625 0.02638888888888889 0.01171875
0 0.475 0.23125 0.09861111111111111 0.034375
0 0.11805555555555555 0.22890625 0.018055555555555554 0.0109375
0 0.15138888888888888 0.228125 0.0375 0.0140625
0 0.3263888888888889 0.2140625 0.15 0.05
0 0.2 0.2140625 0.016666666666666666 0.00859375
0 0.5111111111111111 0.2015625 0.02638888888888889 0.01015625
0 0.3388888888888889 0.1953125 0.03611111111111111 0.0234375
0 0.45694444444444443 0.1859375 0.043055555555555555 0.03515625
0 0.08472222222222223 0.1546875 0.041666666666666664 0.021875
