0 0.8555555555555555 0.9640625 0.06527777777777778 0.03515625
0 0.9597222222222223 0.9125 0.04027777777777778 0.0171875
0 0.027777777777777776 0.85859375 0.06388888888888888 0.0390625
0 0.4305555555555556 0.8578125 0.05138888888888889 0.06953125
0 0.6333333333333333 0.8078125 0.043055555555555555 0.0234375
0 0.7055555555555556 0.8046875 0.03611111111111111 0.01875
0 0.6 0.80234375 0.025 0.02109375
0 0.1638888888888889 0.7921875 0.05277777777777778 0.025
0 0.25972222222222224 0.78203125 0.034722222222222224 0.02421875
0 0.6472222222222223 0.77109375 0.041666666666666664 0.03203125
0 0.45694444444444443 0.7703125 0.03888888888888889 0.01640625
0 0.6097222222222223 0.7546875 0.030555555555555555 0.02890625
0 0.9069444444444444 0.73203125 0.025 0.01328125
0 0.0625 0.7109375 0.09166666666666666 0.0453125
0 0.2652777777777778 0.69296875 0.05277777777777778 0.03515625
0 0.9458333333333333 0.68828125 0.034722222222222224 0.0125
0 0.1527777777777778 0.67109375 0.044444444444444446 0.0265625
0 0.9833333333333333 0.65078125 0.015277777777777777 0.01953125
0 0.18888888888888888 0.640625 0.04861111111111111 0.0453125
0 0.4166666666666667 0.6125 0.03611111111111111 0.0328125
0 0.5166666666666667 0.60234375 0.043055555555555555 0.021875
0 0.6513888888888889 0.5734375 0.043055555555555555 0.02734375
0 0.12777777777777777 0.56953125 0.0625 0.04140625
0 0.24861111111111112 0.55 0.034722222222222224 0.02578125
0 0.5805555555555556 0.5484375 0.043055555555555555 0.02890625
0 0.4513888888888889 0.5078125 0.05555555555555555 0.03125
0 0.36666666666666664 0.49765625 0.0375 0.02421875
0 0.5458333333333333 0.4859375 0.025 0.021875
0 0.24722222222222223 0.47734375 0.020833333333333332 0.01875
0 0.4166666666666667 0.47578125 0.02361111111111111 0.0125
0 0.2902777777777778 0.46640625 0.041666666666666664 0.02734375
0 0.9819444444444444 0.4578125 0.018055555555555554 0.0125
0 0.4388888888888889 0.446875 0.05138888888888889 0.02734375
0 0.22777777777777777 0.3515625 0.05138888888888889 0.02109375
0 0.32083333333333336 0.346875 0.044444444444444446 0.02578125
0 0.24861111111111112 0.303125 0.06805555555555555 0.0296875
0 0.3416666666666667 0.27265625 0.043055555555555555 0.0203125
0 0.3138888888888889 0.23984375 0.03888888888888889 0.0203125
0 0.29583333333333334 0.1921875 0.027777777777777776 0.01796875
