0 0.030555555555555555 0.74140625 0.041666666666666664 0.01953125
0 0.7069444444444445 0.67265625 0.029166666666666667 0.01953125
0 0.875 0.6609375 0.030555555555555555 0.02109375
0 0.9055555555555556 0.63046875 0.041666666666666664 0.02265625
0 0.6347222222222222 0.61015625 0.044444444444444446 0.02734375
0 0.9319444444444445 0.60703125 0.043055555555555555 0.015625
0 0.5083333333333333 0.6046875 0.02638888888888889 0.01796875
0 0.5597222222222222 0.60234375 0.02361111111111111 0.0125
0 0.6013888888888889 0.5953125 0.016666666666666666 0.0078125
0 0.002777777777777778 0.584375 0.013888888888888888 0.0203125
0 0.4388888888888889 0.58203125 0.030555555555555555 0.02421875
0 0.5152777777777777 0.58125 0.019444444444444445 0.01015625
0 0.6125 0.56640625 0.06527777777777778 0.02421875
0 0.5263888888888889 0.5515625 0.04583333333333333 0.01875
0 0.6694444444444444 0.53359375 0.022222222222222223 0.02109375
0 0.5986111111111111 0.50546875 0.030555555555555555 0.0109375
0 0.5611111111111111 0.4921875 0.0375 0.02421875
0 0.6 0.4640625 0.0375 0.0203125
0 0.6555555555555556 0.45703125 0.05555555555555555 0.028125
0 0.6 0.428125 0.0375 0.028125
