0 0.7736111111111111 0.42578125 0.030555555555555555 0.02109375
0 0.1638888888888889 0.40390625 0.029166666666666667 0.025
0 0.31666666666666665 0.40078125 0.02361111111111111 0.0109375
0 0.24722222222222223 0.39921875 0.016666666666666666 0.01328125
0 0.12638888888888888 0.3921875 0.029166666666666667 0.0140625
0 0.3375 0.36953125 0.02638888888888889 0.01015625
0 0.09722222222222222 0.3390625 0.030555555555555555 0.0171875
0 0.06666666666666667 0.33359375 0.027777777777777776 0.0140625
0 0.21666666666666667 0.32578125 0.02361111111111111 0.01171875
0 0.008333333333333333 0.3203125 0.02638888888888889 0.0125
0 0.044444444444444446 0.31796875 0.029166666666666667 0.01484375
0 0.08055555555555556 0.3171875 0.05555555555555555 0.0171875
0 0.05138888888888889 0.3046875 0.025 0.0125
0 0.02361111111111111 0.29609375 0.03333333333333333 0.01640625
0 0.001388888888888889 0.221875 0.015277777777777777 0.0140625
