0 0.45555555555555555 0.67421875 0.06666666666666667 0.03671875
0 0.8291666666666667 0.646875 0.09861111111111111 0.065625
0 0.4847222222222222 0.63203125 0.03888888888888889 0.0203125
0 0.6458333333333334 0.6140625 0.02638888888888889 0.02265625
0 0.8013888888888889 0.60859375 0.04583333333333333 0.0234375
0 0.4736111111111111 0.5703125 0.12361111111111112 0.03984375
0 0.8638888888888889 0.5671875 0.041666666666666664 0.02109375
0 0.5944444444444444 0.55546875 0.05 0.03984375
0 0.9277777777777778 0.54296875 0.022222222222222223 0.0140625
0 0.8013888888888889 0.5359375 0.041666666666666664 0.01484375
0 0.9638888888888889 0.52578125 0.03611111111111111 0.021875
0 0.4861111111111111 0.51953125 0.07083333333333333 0.03984375
0 0.5583333333333333 0.51875 0.025 0.01484375
0 0.25416666666666665 0.50234375 0.029166666666666667 0.0203125
0 0.9527777777777777 0.5 0.034722222222222224 0.01640625
0 0.13055555555555556 0.48125 0.019444444444444445 0.01484375
0 0.5791666666666667 0.46953125 0.04722222222222222 0.021875
0 0.06111111111111111 0.46953125 0.03611111111111111 0.0203125
0 0.9791666666666666 0.46328125 0.020833333333333332 0.025
0 0.5972222222222222 0.44921875 0.04027777777777778 0.01953125
0 0.775 0.43046875 0.029166666666666667 0.015625
0 0.7277777777777777 0.4109375 0.03333333333333333 0.0171875
0 0.5708333333333333 0.409375 0.03888888888888889 0.021875
0 0.7972222222222223 0.40625 0.03611111111111111 0.02421875
0 0.8375 0.40390625 0.029166666666666667 0.0203125
0 0.44583333333333336 0.39453125 0.018055555555555554 0.015625
0 0.18888888888888888 0.390625 0.03333333333333333 0.01796875
0 0.2125 0.375 0.034722222222222224 0.015625
0 0.09722222222222222 0.3734375 0.034722222222222224 0.0171875
0 0.1361111111111111 0.365625 0.041666666666666664 0.01328125
0 0.001388888888888889 0.3359375 0.013888888888888888 0.015625
0 0.3541666666666667 0.334375 0.03194444444444444 0.0125
0 0.08194444444444444 0.31015625 0.07916666666666666 0.046875
0 0.15694444444444444 0.2765625 0.06805555555555555 0.02578125
0 0.9875 0.23828125 0.0125 0.0171875
0 0.05416666666666667 0.23203125 0.03611111111111111 0.02109375
0 0.9777777777777777 0.2125 0.022222222222222223 0.025
0 0.005555555555555556 0.19765625 0.041666666666666664 0.02109375
0 0.8541666666666666 0.18203125 0.043055555555555555 0.0265625
0 0.9111111111111111 0.171875 0.04583333333333333 0.021875
0 0.009722222222222222 0.153125 0.03611111111111111 0.02109375
0 0.9583333333333334 0.14296875 0.0375 0.0203125
0 0.0 0.1234375 0.030555555555555555 0.02109375
0 0.9569444444444445 0.109375 0.043055555555555555 0.03203125
0 0.9722222222222222 0.0765625 0.027777777777777776 0.0296875
0 0.9777777777777777 0.0359375 0.022222222222222223 0.02734375
0 0.9347222222222222 0.03359375 0.041666666666666664 0.02109375
