0 0.14722222222222223 0.83515625 0.04583333333333333 0.02421875
0 0.09722222222222222 0.809375 0.02638888888888889 0.01171875
0 0.21805555555555556 0.80859375 0.05277777777777778 0.03828125
0 0.15138888888888888 0.746875 0.11805555555555555 0.06015625
0 0.35555555555555557 0.7375 0.07083333333333333 0.0390625
0 0.2 0.65859375 0.04861111111111111 0.01796875
0 0.030555555555555555 0.65859375 0.06666666666666667 0.0328125
0 0.44166666666666665 0.603125 0.0625 0.0296875
0 0.3527777777777778 0.57734375 0.06944444444444445 0.0453125
0 0.08055555555555556 0.559375 0.03333333333333333 0.03125
0 0.7208333333333333 0.496875 0.08055555555555556 0.0375
0 0.30277777777777776 0.47265625 0.09722222222222222 0.06640625
0 0.20972222222222223 0.45859375 0.044444444444444446 0.03046875
0 0.4263888888888889 0.4359375 0.05416666666666667 0.025
0 0.49027777777777776 0.434375 0.05138888888888889 0.028125
0 0.2152777777777778 0.4234375 0.07361111111111111 0.040625
0 0.09583333333333334 0.40234375 0.05694444444444444 0.0359375
0 0.32916666666666666 0.39765625 0.1 0.0671875
0 0.5513888888888889 0.38828125 0.06111111111111111 0.0265625
0 0.25833333333333336 0.3796875 0.0763888888888889 0.0734375
0 0.0625 0.359375 0.07083333333333333 0.0296875
0 0.29583333333333334 0.33984375 0.06944444444444445 0.025
0 0.42083333333333334 0.31171875 0.04583333333333333 0.02421875
0 0.4777777777777778 0.3109375 0.04583333333333333 0.02890625
0 0.3347222222222222 0.3046875 0.06111111111111111 0.0390625
0 0.21805555555555556 0.27890625 0.10416666666666667 0.04296875
0 0.45694444444444443 0.2421875 0.04583333333333333 0.02421875
0 0.5083333333333333 0.234375 0.04027777777777778 0.02734375
0 0.21666666666666667 0.2078125 0.05138888888888889 0.03125
0 0.12777777777777777 0.196875 0.022222222222222223 0.015625
0 0.5236111111111111 0.18671875 0.04722222222222222 0.0296875
0 0.14583333333333334 0.16015625 0.06944444444444445 0.034375
0 0.2388888888888889 0.13828125 0.06666666666666667 0.03359375
0 0.43472222222222223 0.1234375 0.04722222222222222 0.0265625
0 0.2861111111111111 0.1234375 0.058333333333333334 0.02109375
0 0.29583333333333334 0.05546875 0.1486111111111111 0.07109375
