0 0.7805555555555556 0.7421875 0.059722222222222225 0.0375
0 0.5027777777777778 0.646875 0.0375 0.015625
0 0.9166666666666666 0.6359375 0.0625 0.0171875
0 0.8916666666666667 0.5828125 0.05 0.02578125
0 0.6458333333333334 0.57734375 0.034722222222222224 0.0203125
0 0.6222222222222222 0.509375 0.07361111111111111 0.0296875
0 0.8222222222222222 0.48671875 0.043055555555555555 0.02421875
0 0.6291666666666667 0.47265625 0.10277777777777777 0.04296875
0 0.06111111111111111 0.46875 0.05416666666666667 0.02578125
0 0.8805555555555555 0.46171875 0.04861111111111111 0.0203125
0 0.7361111111111112 0.459375 0.02361111111111111 0.01328125
0 0.9152777777777777 0.4390625 0.044444444444444446 0.025
0 0.6569444444444444 0.42421875 0.03611111111111111 0.01796875
0 0.7152777777777778 0.41953125 0.03888888888888889 0.01875
0 0.5652777777777778 0.41875 0.03611111111111111 0.0171875
0 0.6583333333333333 0.40390625 0.0375 0.0203125
0 0.6972222222222222 0.353125 0.06111111111111111 0.02734375
0 0.6291666666666667 0.334375 0.05138888888888889 0.028125
0 0.7875 0.3171875 0.05555555555555555 0.0234375
0 0.7180555555555556 0.284375 0.05277777777777778 0.03046875
0 0.6569444444444444 0.2515625 0.07777777777777778 0.0375
0 0.8611111111111112 0.25078125 0.020833333333333332 0.01796875
0 0.7583333333333333 0.2484375 0.09305555555555556 0.03125
0 0.15138888888888888 0.24140625 0.03333333333333333 0.0203125
0 0.1125 0.22734375 0.03888888888888889 0.025
0 0.6333333333333333 0.20859375 0.043055555555555555 0.02421875
0 0.7055555555555556 0.159375 0.07916666666666666 0.03515625
0 0.09027777777777778 0.15703125 0.02638888888888889 0.01953125
0 0.8180555555555555 0.053125 0.05277777777777778 0.03203125
