0 0.2388888888888889 0.73125 0.019444444444444445 0.0140625
0 0.21805555555555556 0.6703125 0.03888888888888889 0.02421875
0 0.24305555555555555 0.65390625 0.03888888888888889 0.01796875
0 0.18472222222222223 0.6328125 0.04861111111111111 0.03046875
0 0.8541666666666666 0.61640625 0.0375 0.0171875
0 0.2222222222222222 0.60859375 0.05138888888888889 0.02734375
0 0.24305555555555555 0.484375 0.0375 0.0171875
0 0.7958333333333333 0.4765625 0.022222222222222223 0.01640625
0 0.24444444444444444 0.4578125 0.02638888888888889 0.02109375
0 0.85 0.4140625 0.034722222222222224 0.01875
