0 0.001388888888888889 0.7140625 0.02361111111111111 0.0203125
0 0.03888888888888889 0.70625 0.044444444444444446 0.02890625
0 0.7777777777777778 0.6921875 0.06111111111111111 0.03046875
0 0.001388888888888889 0.5734375 0.08611111111111111 0.03828125
0 0.3055555555555556 0.5671875 0.05277777777777778 0.0359375
0 0.7055555555555556 0.5171875 0.08333333333333333 0.03359375
0 0.4375 0.51640625 0.06527777777777778 0.05
0 0.3472222222222222 0.43671875 0.04583333333333333 0.02109375
0 0.43472222222222223 0.38984375 0.05277777777777778 0.02734375
0 0.45555555555555555 0.271875 0.06388888888888888 0.0765625
