0 0.5055555555555555 0.60078125 0.04722222222222222 0.02421875
0 0.3638888888888889 0.59140625 0.04861111111111111 0.0234375
0 0.19583333333333333 0.57578125 0.058333333333333334 0.03046875
0 0.22361111111111112 0.55 0.030555555555555555 0.02578125
0 0.5916666666666667 0.51015625 0.04861111111111111 0.028125
0 0.2222222222222222 0.5046875 0.05138888888888889 0.03046875
0 0.49027777777777776 0.48125 0.07222222222222222 0.034375
0 0.38333333333333336 0.4765625 0.06805555555555555 0.03203125
0 0.5791666666666667 0.43515625 0.05277777777777778 0.0515625
0 0.15138888888888888 0.43046875 0.02638888888888889 0.02265625
0 0.5611111111111111 0.41953125 0.04027777777777778 0.0171875
0 0.12222222222222222 0.415625 0.03888888888888889 0.0234375
0 0.5236111111111111 0.41484375 0.02361111111111111 0.01796875
0 0.46111111111111114 0.3953125 0.043055555555555555 0.02421875
0 0.5388888888888889 0.31015625 0.03194444444444444 0.01484375
0 0.5319444444444444 0.240625 0.059722222222222225 0.03984375
0 0.4597222222222222 0.09921875 0.034722222222222224 0.01953125
0 0.3472222222222222 0.096875 0.0625 0.040625
