0 0.9180555555555555 0.67734375 0.05 0.034375
0 0.8666666666666667 0.66171875 0.02638888888888889 0.01796875
0 0.49027777777777776 0.63828125 0.075 0.04140625
0 0.8875 0.6328125 0.05555555555555555 0.0140625
0 0.6944444444444444 0.62109375 0.044444444444444446 0.0203125
0 0.22361111111111112 0.56171875 0.04027777777777778 0.021875
0 0.2791666666666667 0.49453125 0.0625 0.03203125
0 0.6097222222222223 0.471875 0.029166666666666667 0.0171875
0 0.5069444444444444 0.46953125 0.029166666666666667 0.0203125
0 0.5708333333333333 0.453125 0.022222222222222223 0.0109375
0 0.5680555555555555 0.4140625 0.05416666666666667 0.02734375
0 0.23333333333333334 0.41171875 0.022222222222222223 0.0125
0 0.32083333333333336 0.4015625 0.0375 0.0265625
0 0.8527777777777777 0.4 0.04861111111111111 0.01875
0 0.33055555555555555 0.375 0.05277777777777778 0.01171875
0 0.9833333333333333 0.35546875 0.016666666666666666 0.0234375
0 0.5902777777777778 0.3515625 0.06111111111111111 0.0625
0 0.18472222222222223 0.33515625 0.03333333333333333 0.0234375
0 0.6486111111111111 0.3171875 0.04722222222222222 0.02578125
0 0.625 0.30390625 0.034722222222222224 0.01953125
0 0.8625 0.30078125 0.10416666666666667 0.03984375
0 0.9222222222222223 0.28984375 0.030555555555555555 0.01328125
0 0.20694444444444443 0.284375 0.04722222222222222 0.03125
0 0.05 0.27578125 0.05 0.025
0 0.12638888888888888 0.2578125 0.02361111111111111 0.01875
0 0.6347222222222222 0.24921875 0.04861111111111111 0.028125
0 0.9888888888888889 0.23515625 0.011111111111111112 0.01484375
0 0.5694444444444444 0.2296875 0.03333333333333333 0.03125
0 0.7 0.22421875 0.03888888888888889 0.0234375
0 0.8777777777777778 0.20546875 0.04583333333333333 0.02890625
0 0.7805555555555556 0.20546875 0.03888888888888889 0.02421875
0 0.5638888888888889 0.190625 0.018055555555555554 0.01953125
0 0.5916666666666667 0.146875 0.04722222222222222 0.0265625
0 0.7097222222222223 0.12265625 0.07222222222222222 0.03046875
0 0.7888888888888889 0.09296875 0.059722222222222225 0.04375
0 0.6513888888888889 0.0875 0.0625 0.0359375
0 0.7680555555555556 0.07890625 0.018055555555555554 0.0125
0 0.7416666666666667 0.059375 0.0375 0.0203125
0 0.7902777777777777 0.0390625 0.029166666666666667 0.01328125
0 0.6375 0.01171875 0.04027777777777778 0.02734375
0 0.7888888888888889 0.00078125 0.04861111111111111 0.01328125
