0 0.5944444444444444 0.98125 0.02361111111111111 0.01875
0 0.7319444444444444 0.97421875 0.041666666666666664 0.0203125
0 0.8416666666666667 0.9390625 0.044444444444444446 0.03203125
0 0.6041666666666666 0.9359375 0.029166666666666667 0.0328125
0 0.4513888888888889 0.93046875 0.05138888888888889 0.0375
0 0.5486111111111112 0.92890625 0.044444444444444446 0.02890625
0 0.4083333333333333 0.915625 0.05277777777777778 0.02890625
0 0.9333333333333333 0.90078125 0.044444444444444446 0.02109375
0 0.7986111111111112 0.89296875 0.07916666666666666 0.0359375
0 0.009722222222222222 0.84453125 0.06111111111111111 0.034375
0 0.5666666666666667 0.84375 0.04027777777777778 0.021875
0 0.4861111111111111 0.82890625 0.04861111111111111 0.01328125
0 0.4263888888888889 0.821875 0.011111111111111112 0.00703125
0 0.45555555555555555 0.81640625 0.0125 0.0140625
0 0.4152777777777778 0.78515625 0.022222222222222223 0.021875
0 0.4625 0.77421875 0.013888888888888888 0.01328125
0 0.2638888888888889 0.76953125 0.03194444444444444 0.0234375
0 0.3736111111111111 0.7671875 0.04583333333333333 0.02109375
0 0.3472222222222222 0.7359375 0.044444444444444446 0.02421875
0 0.05277777777777778 0.7359375 0.059722222222222225 0.03828125
0 0.4736111111111111 0.72109375 0.016666666666666666 0.01171875
0 0.39305555555555555 0.7171875 0.08888888888888889 0.034375
0 0.37222222222222223 0.703125 0.018055555555555554 0.01328125
0 0.20833333333333334 0.696875 0.0625 0.0375
0 0.3736111111111111 0.6734375 0.030555555555555555 0.02265625
0 0.5416666666666666 0.66875 0.034722222222222224 0.01953125
0 0.6097222222222223 0.66796875 0.04722222222222222 0.03125
0 0.4625 0.65703125 0.06111111111111111 0.0375
0 0.3486111111111111 0.65078125 0.04861111111111111 0.01875
0 0.49027777777777776 0.6328125 0.043055555555555555 0.02265625
0 0.30972222222222223 0.62109375 0.05694444444444444 0.02734375
0 0.5375 0.61875 0.04583333333333333 0.02578125
0 0.4166666666666667 0.6046875 0.0625 0.03359375
0 0.3541666666666667 0.578125 0.03611111111111111 0.0234375
0 0.6 0.56875 0.025 0.0109375
0 0.5541666666666667 0.55859375 0.025 0.02421875
0 0.6722222222222223 0.55546875 0.03611111111111111 0.01796875
0 0.6069444444444444 0.54375 0.04861111111111111 0.021875
0 0.35 0.53828125 0.029166666666666667 0.025
0 0.4652777777777778 0.53203125 0.059722222222222225 0.03359375
0 0.21388888888888888 0.44140625 0.07916666666666666 0.025
0 0.5236111111111111 0.4359375 0.020833333333333332 0.0140625
0 0.24305555555555555 0.40546875 0.015277777777777777 0.015625
0 0.46111111111111114 0.390625 0.05138888888888889 0.02421875
0 0.20833333333333334 0.32265625 0.05694444444444444 0.03046875
0 0.3763888888888889 0.26953125 0.05416666666666667 0.02421875
0 0.31805555555555554 0.2640625 0.05 0.028125
0 0.2986111111111111 0.25625 0.018055555555555554 0.0140625
0 0.32222222222222224 0.234375 0.05277777777777778 0.025
