0 0.6388888888888888 0.6890625 0.09861111111111111 0.03515625
0 0.35833333333333334 0.67890625 0.044444444444444446 0.025
0 0.2388888888888889 0.66875 0.04583333333333333 0.0375
0 0.26944444444444443 0.66015625 0.058333333333333334 0.0328125
0 0.33194444444444443 0.6546875 0.0125 0.0109375
0 0.4486111111111111 0.64296875 0.018055555555555554 0.01796875
0 0.4791666666666667 0.6265625 0.027777777777777776 0.01640625
0 0.9402777777777778 0.603125 0.03194444444444444 0.0234375
0 0.6208333333333333 0.5671875 0.06527777777777778 0.02109375
0 0.8638888888888889 0.528125 0.034722222222222224 0.02578125
0 0.7763888888888889 0.52734375 0.08472222222222223 0.0296875
0 0.7333333333333333 0.5234375 0.04861111111111111 0.0234375
0 0.4444444444444444 0.51640625 0.04027777777777778 0.025
0 0.8375 0.5140625 0.019444444444444445 0.01015625
0 0.5763888888888888 0.4828125 0.04722222222222222 0.02109375
0 0.4375 0.3859375 0.08888888888888889 0.040625
0 0.5222222222222223 0.37890625 0.044444444444444446 0.02578125
0 0.5694444444444444 0.37421875 0.05 0.0328125
