0 0.8680555555555556 0.6984375 0.0375 0.0265625
0 0.21388888888888888 0.67109375 0.09444444444444444 0.03828125
0 0.8680555555555556 0.64453125 0.0625 0.025
0 0.6541666666666667 0.6390625 0.05694444444444444 0.034375
0 0.6527777777777778 0.6015625 0.05 0.03125
0 0.8180555555555555 0.575 0.03611111111111111 0.015625
0 0.45555555555555555 0.56484375 0.04583333333333333 0.0296875
0 0.07222222222222222 0.56328125 0.05416666666666667 0.0453125
0 0.9694444444444444 0.54609375 0.030555555555555555 0.01484375
0 0.4111111111111111 0.525 0.08888888888888889 0.04765625
0 0.7333333333333333 0.51796875 0.030555555555555555 0.01640625
0 0.19583333333333333 0.51640625 0.03611111111111111 0.01015625
0 0.875 0.51484375 0.05277777777777778 0.021875
0 0.5444444444444444 0.5046875 0.02361111111111111 0.00859375
0 0.8708333333333333 0.4953125 0.034722222222222224 0.01640625
0 0.19305555555555556 0.4625 0.018055555555555554 0.0140625
0 0.8986111111111111 0.44609375 0.05138888888888889 0.02109375
0 0.8180555555555555 0.43671875 0.027777777777777776 0.01328125
0 0.3763888888888889 0.4265625 0.04722222222222222 0.028125
0 0.019444444444444445 0.42421875 0.027777777777777776 0.015625
0 0.18333333333333332 0.409375 0.08611111111111111 0.06015625
0 0.4361111111111111 0.40078125 0.044444444444444446 0.02734375
0 0.3958333333333333 0.38515625 0.015277777777777777 0.01328125
0 0.4597222222222222 0.378125 0.04861111111111111 0.02734375
0 0.10833333333333334 0.36171875 0.02638888888888889 0.0203125
0 0.3638888888888889 0.35234375 0.02361111111111111 0.01171875
0 0.25416666666666665 0.35 0.06111111111111111 0.03828125
0 0.9708333333333333 0.34609375 0.020833333333333332 0.0140625
0 0.18055555555555555 0.34453125 0.043055555555555555 0.02109375
0 0.925 0.340625 0.04027777777777778 0.01953125
0 0.23055555555555557 0.29296875 0.05138888888888889 0.0296875
0 0.3472222222222222 0.284375 0.03194444444444444 0.02890625
0 0.16111111111111112 0.275 0.05416666666666667 0.0296875
0 0.29444444444444445 0.25625 0.06111111111111111 0.028125
0 0.42916666666666664 0.22734375 0.020833333333333332 0.0234375
0 0.2708333333333333 0.22421875 0.06111111111111111 0.0328125
0 0.45555555555555555 0.21171875 0.02638888888888889 0.015625
0 0.4486111111111111 0.19375 0.020833333333333332 0.01015625
0 0.4083333333333333 0.190625 0.016666666666666666 0.0203125
0 0.16944444444444445 0.190625 0.08888888888888889 0.0390625
0 0.30833333333333335 0.18828125 0.09027777777777778 0.0328125
0 0.35694444444444445 0.15546875 0.0375 0.034375
0 0.14722222222222223 0.146875 0.05 0.0296875
0 0.23333333333333334 0.10234375 0.1 0.03359375
0 0.3638888888888889 0.00078125 0.059722222222222225 0.0203125
