0 0.8361111111111111 0.865625 0.041666666666666664 0.021875
0 0.7694444444444445 0.86328125 0.05694444444444444 0.0359375
0 0.6680555555555555 0.80625 0.05694444444444444 0.02421875
0 0.7875 0.7578125 0.04027777777777778 0.0265625
0 0.018055555555555554 0.74140625 0.08888888888888889 0.03203125
0 0.39305555555555555 0.73984375 0.044444444444444446 0.02734375
0 0.5722222222222222 0.73125 0.029166666666666667 0.02265625
0 0.029166666666666667 0.70625 0.04861111111111111 0.02578125
0 0.7166666666666667 0.69453125 0.03611111111111111 0.02265625
0 0.5305555555555556 0.68359375 0.043055555555555555 0.028125
0 0.6138888888888889 0.6828125 0.0375 0.046875
0 0.45555555555555555 0.671875 0.04722222222222222 0.0265625
0 0.044444444444444446 0.671875 0.02638888888888889 0.02109375
0 0.17916666666666667 0.66875 0.027777777777777776 0.021875
0 0.49583333333333335 0.66796875 0.041666666666666664 0.0265625
0 0.28888888888888886 0.66484375 0.027777777777777776 0.01328125
0 0.6055555555555555 0.584375 0.044444444444444446 0.0203125
0 0.001388888888888889 0.53046875 0.02361111111111111 0.040625
0 0.5652777777777778 0.52421875 0.12916666666666668 0.0546875
0 0.5069444444444444 0.52265625 0.0375 0.03359375
0 0.14305555555555555 0.52109375 0.04027777777777778 0.01875
0 0.001388888888888889 0.50703125 0.020833333333333332 0.01953125
0 0.03333333333333333 0.48203125 0.07361111111111111 0.0390625
0 0.004166666666666667 0.4609375 0.03333333333333333 0.02265625
