0 0.5125 0.893359375 0.07222222222222222 0.04921875
0 0.9284722222222223 0.871875 0.04861111111111111 0.0140625
0 0.59375 0.860546875 0.018055555555555554 0.02109375
0 0.9381944444444444 0.844140625 0.05416666666666667 0.03828125
0 0.9305555555555556 0.804296875 0.06111111111111111 0.03359375
0 0.30486111111111114 0.7703125 0.043055555555555555 0.025
0 0.7236111111111111 0.75859375 0.027777777777777776 0.0171875
0 0.29097222222222224 0.7484375 0.02361111111111111 0.015625
0 0.6569444444444444 0.73828125 0.05555555555555555 0.0296875
0 0.6534722222222222 0.712109375 0.034722222222222224 0.01796875
0 0.6944444444444444 0.707421875 0.044444444444444446 0.02421875
0 0.42916666666666664 0.7015625 0.03888888888888889 0.0234375
0 0.44583333333333336 0.632421875 0.041666666666666664 0.02734375
0 0.4125 0.605078125 0.058333333333333334 0.02578125
0 0.6152777777777778 0.60703125 0.04722222222222222 0.03125
0 0.22083333333333333 0.60390625 0.05277777777777778 0.03125
0 0.4625 0.603515625 0.058333333333333334 0.04453125
0 0.6708333333333333 0.57890625 0.05555555555555555 0.021875
0 0.7013888888888888 0.56015625 0.041666666666666664 0.021875
0 0.5972222222222222 0.5515625 0.041666666666666664 0.0140625
0 0.3423611111111111 0.540625 0.034722222222222224 0.0234375
0 0.5027777777777778 0.53828125 0.03611111111111111 0.025
0 0.42916666666666664 0.519921875 0.04722222222222222 0.01796875
0 0.58125 0.51796875 0.02361111111111111 0.0296875
0 0.7173611111111111 0.497265625 0.029166666666666667 0.02421875
0 0.47708333333333336 0.476171875 0.05138888888888889 0.02421875
0 0.5791666666666667 0.463671875 0.03333333333333333 0.01796875
0 0.41041666666666665 0.4609375 0.04861111111111111 0.0296875
0 0.5611111111111111 0.441015625 0.05 0.02734375
0 0.5180555555555556 0.4203125 0.058333333333333334 0.0546875
0 0.4652777777777778 0.3890625 0.044444444444444446 0.0296875
0 0.42291666666666666 0.38046875 0.04861111111111111 0.0265625
0 0.5388888888888889 0.380078125 0.044444444444444446 0.02890625
0 0.6326388888888889 0.37109375 0.020833333333333332 0.0171875
0 0.5819444444444445 0.37578125 0.044444444444444446 0.0296875
0 0.5888888888888889 0.347265625 0.05 0.02578125
0 0.4041666666666667 0.3390625 0.04722222222222222 0.0265625
0 0.5333333333333333 0.29921875 0.025 0.025
0 0.4875 0.2953125 0.058333333333333334 0.0265625
0 0.6006944444444444 0.18828125 0.05138888888888889 0.0296875
0 0.6451388888888889 0.115234375 0.03194444444444444 0.02109375
0 0.6909722222222222 0.1125 0.04861111111111111 0.0375
0 0.6395833333333333 0.08203125 0.02361111111111111 0.0125
