0 0.69375 0.82265625 0.05416666666666667 0.0296875
0 0.5111111111111111 0.72109375 0.08611111111111111 0.0703125
0 0.49236111111111114 0.67109375 0.043055555555555555 0.0234375
0 0.7993055555555556 0.628515625 0.02361111111111111 0.01328125
0 0.7513888888888889 0.615234375 0.025 0.01484375
0 0.8833333333333333 0.6171875 0.044444444444444446 0.028125
0 0.6333333333333333 0.609765625 0.044444444444444446 0.02734375
0 0.5680555555555555 0.59375 0.030555555555555555 0.015625
0 0.7215277777777778 0.59140625 0.029166666666666667 0.0203125
0 0.9152777777777777 0.57890625 0.027777777777777776 0.021875
0 0.7895833333333333 0.56328125 0.04027777777777778 0.021875
0 0.7111111111111111 0.53125 0.030555555555555555 0.0140625
0 0.7986111111111112 0.523828125 0.044444444444444446 0.02265625
0 0.8319444444444445 0.5140625 0.022222222222222223 0.0078125
0 0.53125 0.538671875 0.06527777777777778 0.06953125
0 0.6597222222222222 0.497265625 0.025 0.02109375
0 0.47638888888888886 0.481640625 0.06666666666666667 0.02578125
0 0.3958333333333333 0.473828125 0.05277777777777778 0.03046875
0 0.6215277777777778 0.4703125 0.0875 0.0296875
0 0.5041666666666667 0.448828125 0.08055555555555556 0.02890625
0 0.40555555555555556 0.443359375 0.044444444444444446 0.01953125
0 0.6888888888888889 0.434765625 0.044444444444444446 0.02890625
0 0.43194444444444446 0.402734375 0.030555555555555555 0.01484375
0 0.5888888888888889 0.40625 0.05555555555555555 0.0546875
0 0.43472222222222223 0.3796875 0.10277777777777777 0.040625
0 0.5527777777777778 0.355859375 0.019444444444444445 0.01484375
0 0.48194444444444445 0.341796875 0.03333333333333333 0.02421875
0 0.6048611111111111 0.333203125 0.04027777777777778 0.01640625
0 0.6361111111111111 0.30859375 0.04722222222222222 0.028125
0 0.45902777777777776 0.30625 0.04027777777777778 0.028125
0 0.5222222222222223 0.305078125 0.06944444444444445 0.03203125
0 0.5145833333333333 0.26875 0.059722222222222225 0.03125
0 0.6243055555555556 0.25546875 0.043055555555555555 0.025
0 0.5701388888888889 0.203515625 0.07083333333333333 0.04140625
0 0.6354166666666666 0.178125 0.05138888888888889 0.0265625
