0 0.9152777777777777 0.6203125 0.08472222222222223 0.04609375
0 0.8208333333333333 0.43515625 0.043055555555555555 0.021875
0 0.6208333333333333 0.34453125 0.044444444444444446 0.0375
0 0.8666666666666667 0.33671875 0.06805555555555555 0.03203125
0 0.9236111111111112 0.31640625 0.03888888888888889 0.0171875
0 0.8847222222222222 0.315625 0.03888888888888889 0.01640625
0 0.30833333333333335 0.3125 0.0125 0.01640625
0 0.9527777777777777 0.29140625 0.043055555555555555 0.02421875
0 0.9055555555555556 0.28359375 0.06666666666666667 0.02734375
0 0.8888888888888888 0.21015625 0.06527777777777778 0.03125
