0 0.7986111111111112 0.6234375 0.044444444444444446 0.01953125
0 0.6597222222222222 0.60859375 0.044444444444444446 0.02265625
0 0.5180555555555556 0.58828125 0.04861111111111111 0.028125
0 0.5388888888888889 0.56171875 0.027777777777777776 0.021875
0 0.8819444444444444 0.53515625 0.05 0.028125
0 0.5416666666666666 0.52265625 0.04722222222222222 0.028125
0 0.6527777777777778 0.52109375 0.016666666666666666 0.0078125
0 0.7833333333333333 0.51875 0.03333333333333333 0.021875
0 0.8166666666666667 0.50546875 0.043055555555555555 0.025
0 0.6763888888888889 0.49921875 0.07361111111111111 0.03046875
0 0.8875 0.49765625 0.029166666666666667 0.01796875
0 0.4888888888888889 0.496875 0.022222222222222223 0.0140625
0 0.22916666666666666 0.47734375 0.044444444444444446 0.0234375
0 0.9347222222222222 0.4609375 0.044444444444444446 0.02734375
0 0.8555555555555555 0.446875 0.03194444444444444 0.0171875
0 0.4125 0.434375 0.05277777777777778 0.02890625
0 0.7305555555555555 0.43359375 0.07222222222222222 0.0171875
0 0.1125 0.41328125 0.030555555555555555 0.02578125
0 0.8236111111111111 0.34375 0.03194444444444444 0.01171875
0 0.8277777777777777 0.2765625 0.05416666666666667 0.0375
0 0.7875 0.14140625 0.02361111111111111 0.01328125
0 0.6708333333333333 0.1375 0.06111111111111111 0.03671875
