0 0.7819444444444444 0.753125 0.03333333333333333 0.01171875
0 0.775 0.73359375 0.025 0.01875
0 0.8375 0.7203125 0.029166666666666667 0.01796875
0 0.9666666666666667 0.671875 0.029166666666666667 0.00859375
0 0.6916666666666667 0.65 0.025 0.01640625
0 0.8958333333333334 0.62890625 0.04861111111111111 0.0234375
0 0.6027777777777777 0.625 0.015277777777777777 0.0171875
0 0.5847222222222223 0.60859375 0.030555555555555555 0.01484375
0 0.7166666666666667 0.60234375 0.020833333333333332 0.01640625
0 0.7291666666666666 0.5796875 0.043055555555555555 0.0203125
0 0.025 0.575 0.030555555555555555 0.015625
0 0.26805555555555555 0.553125 0.029166666666666667 0.01875
0 0.7083333333333334 0.54609375 0.05 0.02421875
0 0.37916666666666665 0.5359375 0.03333333333333333 0.01953125
0 0.002777777777777778 0.5359375 0.03194444444444444 0.02109375
0 0.2222222222222222 0.53359375 0.03194444444444444 0.01796875
0 0.8111111111111111 0.5328125 0.06527777777777778 0.03828125
0 0.19027777777777777 0.5234375 0.034722222222222224 0.0171875
0 0.575 0.51875 0.05138888888888889 0.02734375
0 0.11805555555555555 0.51875 0.05277777777777778 0.03359375
0 0.6513888888888889 0.51171875 0.05416666666666667 0.02578125
0 0.0 0.5109375 0.044444444444444446 0.01875
0 0.8388888888888889 0.5078125 0.05555555555555555 0.025
0 0.5361111111111111 0.50625 0.027777777777777776 0.015625
0 0.4666666666666667 0.5 0.043055555555555555 0.025
0 0.06944444444444445 0.496875 0.05 0.02890625
0 0.6541666666666667 0.49296875 0.027777777777777776 0.0125
0 0.6 0.47421875 0.020833333333333332 0.01484375
0 0.2722222222222222 0.4609375 0.07777777777777778 0.02890625
0 0.8347222222222223 0.4546875 0.03333333333333333 0.01796875
0 0.7402777777777778 0.45078125 0.029166666666666667 0.01640625
0 0.3541666666666667 0.44296875 0.05 0.02890625
0 0.22777777777777777 0.4421875 0.03333333333333333 0.02109375
0 0.6555555555555556 0.43359375 0.0375 0.0203125
0 0.1388888888888889 0.43046875 0.043055555555555555 0.02421875
0 0.5194444444444445 0.4234375 0.05277777777777778 0.03046875
0 0.1986111111111111 0.41875 0.018055555555555554 0.0125
0 0.07361111111111111 0.40625 0.05416666666666667 0.02890625
0 0.39444444444444443 0.40390625 0.04027777777777778 0.0125
0 0.2652777777777778 0.4 0.058333333333333334 0.03046875
0 0.4597222222222222 0.39609375 0.06805555555555555 0.0359375
0 0.2569444444444444 0.38515625 0.018055555555555554 0.01640625
0 0.37083333333333335 0.38203125 0.013888888888888888 0.01328125
0 0.31805555555555554 0.375 0.03888888888888889 0.0203125
0 0.12361111111111112 0.3609375 0.02638888888888889 0.01953125
0 0.059722222222222225 0.35859375 0.0375 0.015625
0 0.1763888888888889 0.3578125 0.02361111111111111 0.015625
0 0.22777777777777777 0.34765625 0.04027777777777778 0.01875
0 0.07222222222222222 0.33359375 0.025 0.01640625
0 0.1625 0.33125 0.02361111111111111 0.01015625
0 0.9625 0.3234375 0.0375 0.028125
0 0.6666666666666666 0.30625 0.03888888888888889 0.0234375
0 0.0625 0.30625 0.04583333333333333 0.025
0 0.85 0.30078125 0.06527777777777778 0.04375
0 0.4777777777777778 0.29453125 0.029166666666666667 0.01796875
0 0.6291666666666667 0.2875 0.041666666666666664 0.021875
0 0.35833333333333334 0.2796875 0.05555555555555555 0.021875
0 0.30416666666666664 0.275 0.041666666666666664 0.02109375
0 0.33611111111111114 0.2703125 0.019444444444444445 0.01015625
0 0.5458333333333333 0.26953125 0.030555555555555555 0.0234375
0 0.42083333333333334 0.26328125 0.03611111111111111 0.0328125
0 0.5708333333333333 0.26171875 0.05694444444444444 0.03984375
0 0.8902777777777777 0.25234375 0.05416666666666667 0.03046875
0 0.9638888888888889 0.2390625 0.034722222222222224 0.028125
0 0.6319444444444444 0.2390625 0.04722222222222222 0.02421875
0 0.5805555555555556 0.23359375 0.044444444444444446 0.02578125
0 0.47638888888888886 0.22890625 0.09722222222222222 0.040625
0 0.9708333333333333 0.21015625 0.027777777777777776 0.01953125
0 0.5763888888888888 0.19140625 0.044444444444444446 0.0265625
0 0.7486111111111111 0.17890625 0.05555555555555555 0.03671875
0 0.4083333333333333 0.17890625 0.027777777777777776 0.0171875
0 0.6638888888888889 0.171875 0.03611111111111111 0.025
0 0.5 0.15625 0.13194444444444445 0.071875
0 0.44027777777777777 0.1546875 0.030555555555555555 0.02109375
0 0.3486111111111111 0.13984375 0.029166666666666667 0.01484375
0 0.4791666666666667 0.13828125 0.03333333333333333 0.01328125
0 0.4027777777777778 0.13046875 0.05416666666666667 0.0234375
0 0.30972222222222223 0.12890625 0.041666666666666664 0.01875
0 0.275 0.12578125 0.0375 0.01875
0 0.36666666666666664 0.11640625 0.029166666666666667 0.01796875
0 0.6416666666666667 0.109375 0.030555555555555555 0.0203125
0 0.3972222222222222 0.109375 0.03333333333333333 0.0203125
0 0.7722222222222223 0.09609375 0.029166666666666667 0.01328125
0 0.42777777777777776 0.08828125 0.029166666666666667 0.0109375
0 0.7527777777777778 0.075 0.03194444444444444 0.01953125
0 0.7222222222222222 0.07109375 0.03611111111111111 0.0375
0 0.5597222222222222 0.05078125 0.030555555555555555 0.0125
0 0.6194444444444445 0.0484375 0.02361111111111111 0.01640625
0 0.5583333333333333 0.03125 0.03194444444444444 0.01796875
