0 0.8097222222222222 0.97578125 0.07777777777777778 0.02421875
0 0.6263888888888889 0.871875 0.06527777777777778 0.040625
0 0.8986111111111111 0.8640625 0.02638888888888889 0.01171875
0 0.7902777777777777 0.8625 0.05416666666666667 0.040625
0 0.5319444444444444 0.83671875 0.04861111111111111 0.01953125
0 0.2972222222222222 0.82578125 0.04722222222222222 0.03125
0 0.001388888888888889 0.8171875 0.018055555555555554 0.0296875
0 0.8527777777777777 0.79375 0.04583333333333333 0.025
0 0.9458333333333333 0.78984375 0.05 0.03828125
0 0.7902777777777777 0.784375 0.06388888888888888 0.04296875
0 0.1486111111111111 0.77265625 0.05694444444444444 0.02578125
0 0.0 0.76875 0.04027777777777778 0.03046875
0 0.8194444444444444 0.76796875 0.059722222222222225 0.02578125
0 0.7013888888888888 0.7609375 0.04861111111111111 0.03203125
0 0.9486111111111111 0.7546875 0.05138888888888889 0.0296875
0 0.7347222222222223 0.753125 0.04027777777777778 0.02109375
0 0.5805555555555556 0.74921875 0.04722222222222222 0.01953125
0 0.29444444444444445 0.721875 0.04027777777777778 0.02265625
0 0.6930555555555555 0.7046875 0.041666666666666664 0.0234375
0 0.8305555555555556 0.69921875 0.07361111111111111 0.0390625
0 0.2833333333333333 0.67421875 0.041666666666666664 0.0171875
0 0.7444444444444445 0.6546875 0.04861111111111111 0.034375
0 0.24722222222222223 0.65234375 0.025 0.02265625
0 0.35555555555555557 0.6234375 0.041666666666666664 0.0265625
0 0.7597222222222222 0.62109375 0.06527777777777778 0.03515625
0 0.9444444444444444 0.61953125 0.04861111111111111 0.02890625
0 0.6652777777777777 0.61953125 0.05694444444444444 0.02265625
0 0.5388888888888889 0.61953125 0.05694444444444444 0.03046875
0 0.8527777777777777 0.6109375 0.0875 0.025
0 0.7527777777777778 0.590625 0.09305555555555556 0.0390625
0 0.6166666666666667 0.590625 0.059722222222222225 0.0375
0 0.8708333333333333 0.58515625 0.034722222222222224 0.015625
0 0.4444444444444444 0.5796875 0.041666666666666664 0.02421875
0 0.9069444444444444 0.575 0.05138888888888889 0.03046875
0 0.425 0.5390625 0.04722222222222222 0.02421875
0 0.5527777777777778 0.5296875 0.06111111111111111 0.0359375
0 0.6069444444444444 0.515625 0.030555555555555555 0.02265625
0 0.7263888888888889 0.49296875 0.04583333333333333 0.01953125
0 0.36944444444444446 0.49140625 0.03333333333333333 0.01640625
0 0.24166666666666667 0.4890625 0.044444444444444446 0.01875
0 0.008333333333333333 0.47578125 0.05 0.025
0 0.55 0.46953125 0.11805555555555555 0.04453125
0 0.2 0.4609375 0.05 0.021875
0 0.36944444444444446 0.459375 0.05416666666666667 0.02109375
0 0.7097222222222223 0.440625 0.075 0.0328125
0 0.2847222222222222 0.42421875 0.027777777777777776 0.01328125
0 0.20972222222222223 0.42265625 0.041666666666666664 0.03046875
0 0.4527777777777778 0.4171875 0.05555555555555555 0.03515625
0 0.6555555555555556 0.40078125 0.05 0.03984375
0 0.23194444444444445 0.3953125 0.043055555555555555 0.0234375
0 0.001388888888888889 0.371875 0.1111111111111111 0.0484375
0 0.41805555555555557 0.35234375 0.06805555555555555 0.03984375
0 0.6833333333333333 0.3453125 0.058333333333333334 0.0359375
0 0.5180555555555556 0.3234375 0.1125 0.03828125
0 0.7097222222222223 0.31171875 0.029166666666666667 0.02734375
0 0.5055555555555555 0.30625 0.030555555555555555 0.03515625
0 0.6236111111111111 0.3015625 0.05416666666666667 0.03046875
0 0.4361111111111111 0.29609375 0.025 0.01328125
0 0.9652777777777778 0.2953125 0.034722222222222224 0.0328125
0 0.7722222222222223 0.2859375 0.059722222222222225 0.03203125
0 0.9027777777777778 0.284375 0.05138888888888889 0.0296875
0 0.08472222222222223 0.27734375 0.04861111111111111 0.02578125
0 0.6152777777777778 0.26875 0.05694444444444444 0.0296875
0 0.41944444444444445 0.25546875 0.015277777777777777 0.0140625
0 0.25 0.2484375 0.058333333333333334 0.02734375
0 0.4263888888888889 0.23515625 0.15138888888888888 0.06875
0 0.5291666666666667 0.21796875 0.08888888888888889 0.0296875
0 0.17777777777777778 0.215625 0.11388888888888889 0.04921875
0 0.45694444444444443 0.1890625 0.04583333333333333 0.0265625
0 0.55 0.16171875 0.04861111111111111 0.034375
0 0.4875 0.1578125 0.07083333333333333 0.0375
0 0.5819444444444445 0.128125 0.04583333333333333 0.03203125
0 0.5333333333333333 0.08203125 0.0625 0.0421875
0 0.5305555555555556 0.0265625 0.05416666666666667 0.0359375
0 0.4166666666666667 0.009375 0.04027777777777778 0.02265625
