0 0.9319444444444445 0.6375 0.05555555555555555 0.0234375
0 0.7180555555555556 0.54375 0.02638888888888889 0.0203125
0 0.016666666666666666 0.54375 0.05694444444444444 0.0296875
0 0.6986111111111111 0.51875 0.0375 0.02890625
0 0.03194444444444444 0.48828125 0.044444444444444446 0.0328125
0 0.06805555555555555 0.46015625 0.02638888888888889 0.0140625
0 0.001388888888888889 0.45859375 0.03194444444444444 0.03359375
0 0.04583333333333333 0.40390625 0.030555555555555555 0.0234375
0 0.0 0.32265625 0.044444444444444446 0.02578125
0 0.0 0.24140625 0.06944444444444445 0.04765625
