0 0.7708333333333334 0.93359375 0.03333333333333333 0.03125
0 0.7083333333333334 0.93046875 0.03333333333333333 0.02890625
0 0.8902777777777777 0.86328125 0.0625 0.034375
0 0.9763888888888889 0.81328125 0.022222222222222223 0.0171875
0 0.49722222222222223 0.81328125 0.043055555555555555 0.03046875
0 0.1111111111111111 0.790625 0.075 0.0390625
0 0.4986111111111111 0.78046875 0.05416666666666667 0.03203125
0 0.6736111111111112 0.7296875 0.044444444444444446 0.02109375
0 0.21805555555555556 0.72734375 0.04583333333333333 0.02421875
0 0.6305555555555555 0.72421875 0.04027777777777778 0.021875
0 0.7416666666666667 0.7234375 0.029166666666666667 0.02109375
0 0.3375 0.709375 0.05 0.0296875
0 0.49583333333333335 0.690625 0.05555555555555555 0.02734375
0 0.6194444444444445 0.684375 0.05138888888888889 0.025
0 0.10694444444444444 0.66640625 0.059722222222222225 0.03046875
0 0.8472222222222222 0.65390625 0.030555555555555555 0.015625
0 0.14583333333333334 0.653125 0.05694444444444444 0.021875
0 0.8930555555555556 0.634375 0.0375 0.0171875
0 0.3388888888888889 0.62890625 0.05277777777777778 0.03046875
0 0.8652777777777778 0.61875 0.027777777777777776 0.01484375
0 0.19444444444444445 0.61171875 0.04722222222222222 0.02890625
0 0.09722222222222222 0.5953125 0.02361111111111111 0.0234375
0 0.9791666666666666 0.58203125 0.019444444444444445 0.015625
0 0.21805555555555556 0.5796875 0.06805555555555555 0.03515625
0 0.9263888888888889 0.56953125 0.030555555555555555 0.0109375
0 0.8833333333333333 0.55546875 0.030555555555555555 0.01640625
0 0.4625 0.55 0.04722222222222222 0.03359375
0 0.6013888888888889 0.5484375 0.03194444444444444 0.02421875
0 0.31805555555555554 0.54140625 0.02361111111111111 0.02890625
0 0.5305555555555556 0.540625 0.04583333333333333 0.0265625
0 0.6 0.5140625 0.043055555555555555 0.0265625
0 0.15416666666666667 0.5125 0.08055555555555556 0.04453125
0 0.6569444444444444 0.5109375 0.043055555555555555 0.02578125
0 0.5277777777777778 0.50390625 0.020833333333333332 0.021875
0 0.26805555555555555 0.490625 0.044444444444444446 0.0234375
0 0.6 0.48828125 0.04583333333333333 0.02578125
0 0.4888888888888889 0.45 0.03888888888888889 0.03203125
0 0.2777777777777778 0.4484375 0.02638888888888889 0.0171875
0 0.3902777777777778 0.440625 0.044444444444444446 0.02265625
0 0.5583333333333333 0.42890625 0.0375 0.01640625
0 0.4527777777777778 0.41796875 0.019444444444444445 0.0140625
0 0.29583333333333334 0.4125 0.05416666666666667 0.02734375
0 0.40694444444444444 0.41171875 0.03194444444444444 0.01953125
0 0.3972222222222222 0.3921875 0.029166666666666667 0.0203125
0 0.4666666666666667 0.37421875 0.058333333333333334 0.04140625
0 0.4 0.35546875 0.030555555555555555 0.0203125
0 0.24861111111111112 0.3390625 0.02638888888888889 0.01640625
0 0.3958333333333333 0.303125 0.03333333333333333 0.01875
0 0.3402777777777778 0.2890625 0.05138888888888889 0.02578125
0 0.25416666666666665 0.2875 0.04722222222222222 0.025
0 0.27361111111111114 0.24375 0.07361111111111111 0.03125
0 0.3763888888888889 0.2140625 0.04027777777777778 0.02265625
0 0.3472222222222222 0.18046875 0.043055555555555555 0.02265625
0 0.3236111111111111 0.13125 0.03194444444444444 0.01484375
