0 0.08333333333333333 0.9546875 0.034722222222222224 0.02265625
0 0.17222222222222222 0.90390625 0.059722222222222225 0.0375
0 0.10138888888888889 0.90390625 0.04027777777777778 0.0203125
0 0.3333333333333333 0.67734375 0.06805555555555555 0.0359375
0 0.46805555555555556 0.64765625 0.04722222222222222 0.0265625
0 0.48055555555555557 0.625 0.04027777777777778 0.01640625
0 0.7097222222222223 0.61015625 0.030555555555555555 0.02265625
0 0.3597222222222222 0.571875 0.03611111111111111 0.0203125
0 0.7722222222222223 0.5640625 0.05416666666666667 0.034375
0 0.42083333333333334 0.49609375 0.07222222222222222 0.046875
0 0.6916666666666667 0.4921875 0.04722222222222222 0.03515625
0 0.4666666666666667 0.4875 0.05416666666666667 0.025
0 0.001388888888888889 0.48359375 0.013888888888888888 0.03046875
0 0.3263888888888889 0.47890625 0.06527777777777778 0.03359375
0 0.28194444444444444 0.46953125 0.025 0.021875
0 0.8569444444444444 0.3859375 0.0625 0.02890625
0 0.375 0.36015625 0.08888888888888889 0.06640625
0 0.2847222222222222 0.34140625 0.0875 0.096875
0 0.3375 0.32421875 0.03611111111111111 0.0109375
0 0.6694444444444444 0.290625 0.05277777777777778 0.0390625
0 0.6208333333333333 0.2859375 0.04583333333333333 0.02578125
0 0.5513888888888889 0.2796875 0.05416666666666667 0.040625
0 0.7138888888888889 0.2734375 0.05138888888888889 0.02109375
0 0.6069444444444444 0.2578125 0.043055555555555555 0.0265625
0 0.5486111111111112 0.2453125 0.030555555555555555 0.0125
0 0.6 0.21015625 0.05694444444444444 0.0234375
0 0.525 0.18984375 0.06527777777777778 0.04375
0 0.3888888888888889 0.16875 0.0625 0.02890625
0 0.5833333333333334 0.159375 0.07361111111111111 0.04375
0 0.001388888888888889 0.13671875 0.058333333333333334 0.02890625
0 0.41805555555555557 0.11875 0.05555555555555555 0.034375
0 0.49166666666666664 0.00078125 0.08055555555555556 0.0453125
