0 0.5527777777777778 0.89921875 0.06666666666666667 0.04609375
0 0.5625 0.81796875 0.08611111111111111 0.04375
0 0.20833333333333334 0.81640625 0.04722222222222222 0.02890625
0 0.08055555555555556 0.73984375 0.0625 0.03984375
0 0.022222222222222223 0.72421875 0.03611111111111111 0.02109375
0 0.19305555555555556 0.68984375 0.04583333333333333 0.025
0 0.5388888888888889 0.675 0.04722222222222222 0.0328125
0 0.5861111111111111 0.67421875 0.041666666666666664 0.02734375
0 0.19027777777777777 0.6640625 0.03611111111111111 0.02265625
0 0.2388888888888889 0.6546875 0.06111111111111111 0.03203125
0 0.17916666666666667 0.62109375 0.04583333333333333 0.02890625
0 0.7930555555555555 0.61875 0.0375 0.02421875
0 0.5111111111111111 0.61484375 0.04722222222222222 0.02734375
0 0.37777777777777777 0.5828125 0.05 0.03046875
0 0.3347222222222222 0.54765625 0.041666666666666664 0.028125
0 0.975 0.54375 0.025 0.03125
0 0.9111111111111111 0.528125 0.043055555555555555 0.02734375
0 0.37777777777777777 0.52734375 0.041666666666666664 0.02734375
0 0.05138888888888889 0.52578125 0.05416666666666667 0.03046875
0 0.5708333333333333 0.51875 0.044444444444444446 0.02890625
0 0.4722222222222222 0.51796875 0.03888888888888889 0.0203125
0 0.4236111111111111 0.50703125 0.043055555555555555 0.04296875
0 0.09583333333333334 0.50625 0.05 0.025
0 0.6958333333333333 0.50234375 0.04583333333333333 0.0296875
0 0.2791666666666667 0.49921875 0.04583333333333333 0.02734375
0 0.2013888888888889 0.49765625 0.03333333333333333 0.025
0 0.9402777777777778 0.496875 0.058333333333333334 0.03515625
0 0.6527777777777778 0.496875 0.04722222222222222 0.02890625
0 0.23194444444444445 0.47109375 0.05 0.02890625
0 0.29583333333333334 0.4421875 0.10277777777777777 0.04296875
0 0.24305555555555555 0.4390625 0.05416666666666667 0.0296875
0 0.6319444444444444 0.42890625 0.0625 0.0390625
0 0.2708333333333333 0.4125 0.041666666666666664 0.02421875
0 0.5458333333333333 0.40390625 0.04722222222222222 0.028125
0 0.325 0.3625 0.05 0.0328125
0 0.5527777777777778 0.3578125 0.04027777777777778 0.025
0 0.45416666666666666 0.34921875 0.08333333333333333 0.046875
0 0.4041666666666667 0.34609375 0.05694444444444444 0.03671875
0 0.6194444444444445 0.31640625 0.0625 0.02890625
0 0.45 0.2984375 0.02361111111111111 0.01640625
0 0.5416666666666666 0.28671875 0.043055555555555555 0.03046875
0 0.5916666666666667 0.28359375 0.05416666666666667 0.028125
0 0.3458333333333333 0.28203125 0.05277777777777778 0.028125
0 0.325 0.25859375 0.044444444444444446 0.028125
0 0.4861111111111111 0.25546875 0.06944444444444445 0.04921875
0 0.3958333333333333 0.25390625 0.041666666666666664 0.028125
0 0.48194444444444445 0.22109375 0.043055555555555555 0.02734375
0 0.4486111111111111 0.2015625 0.016666666666666666 0.01875
0 0.35138888888888886 0.19453125 0.11388888888888889 0.053125
0 0.5361111111111111 0.165625 0.05138888888888889 0.03203125
0 0.3736111111111111 0.15703125 0.08611111111111111 0.0421875
0 0.45 0.1328125 0.06944444444444445 0.05078125
0 0.44583333333333336 0.0890625 0.04722222222222222 0.02890625
0 0.49027777777777776 0.06015625 0.06666666666666667 0.0359375
