0 0.20694444444444443 0.696875 0.05277777777777778 0.02578125
0 0.8069444444444445 0.678125 0.05694444444444444 0.03359375
0 0.0 0.67265625 0.11388888888888889 0.059375
0 0.4986111111111111 0.6703125 0.03888888888888889 0.02578125
0 0.30416666666666664 0.66484375 0.09861111111111111 0.04453125
0 0.1625 0.6609375 0.043055555555555555 0.0203125
0 0.8458333333333333 0.6296875 0.06805555555555555 0.02265625
0 0.10416666666666667 0.6 0.030555555555555555 0.025
0 0.37916666666666665 0.59765625 0.020833333333333332 0.0234375
0 0.24305555555555555 0.509375 0.027777777777777776 0.0171875
0 0.002777777777777778 0.5078125 0.05138888888888889 0.03984375
0 0.2152777777777778 0.49453125 0.03194444444444444 0.0171875
0 0.8958333333333334 0.48671875 0.06527777777777778 0.02890625
0 0.7222222222222222 0.45078125 0.04583333333333333 0.02578125
0 0.31666666666666665 0.44375 0.07083333333333333 0.0265625
0 0.25277777777777777 0.43671875 0.018055555555555554 0.0171875
0 0.1625 0.43671875 0.03611111111111111 0.01484375
0 0.7 0.421875 0.05 0.02734375
0 0.36666666666666664 0.415625 0.03888888888888889 0.02265625
0 0.24583333333333332 0.39453125 0.06527777777777778 0.01640625
0 0.35694444444444445 0.39375 0.03611111111111111 0.0203125
0 0.6777777777777778 0.38671875 0.03888888888888889 0.01875
0 0.2152777777777778 0.38359375 0.02638888888888889 0.01875
0 0.06111111111111111 0.37890625 0.029166666666666667 0.015625
0 0.09027777777777778 0.3578125 0.04583333333333333 0.02265625
0 0.5402777777777777 0.35078125 0.03888888888888889 0.02265625
0 0.2125 0.3375 0.02638888888888889 0.01328125
0 0.3263888888888889 0.3328125 0.03194444444444444 0.0203125
0 0.25972222222222224 0.31328125 0.029166666666666667 0.01484375
0 0.4652777777777778 0.30703125 0.034722222222222224 0.0171875
0 0.4305555555555556 0.296875 0.03194444444444444 0.01484375
0 0.925 0.27890625 0.05694444444444444 0.0265625
0 0.3625 0.275 0.034722222222222224 0.02109375
0 0.4708333333333333 0.259375 0.04027777777777778 0.02109375
0 0.675 0.24140625 0.059722222222222225 0.0296875
0 0.6222222222222222 0.22890625 0.04861111111111111 0.02421875
0 0.4930555555555556 0.22734375 0.025 0.01484375
0 0.5722222222222222 0.21484375 0.03611111111111111 0.0328125
0 0.5319444444444444 0.21171875 0.034722222222222224 0.01796875
0 0.7097222222222223 0.19921875 0.05694444444444444 0.0359375
0 0.6583333333333333 0.19296875 0.05 0.03359375
0 0.5180555555555556 0.17265625 0.03333333333333333 0.02890625
0 0.7569444444444444 0.15859375 0.09166666666666666 0.046875
0 0.5916666666666667 0.15625 0.059722222222222225 0.02421875
0 0.4013888888888889 0.1328125 0.030555555555555555 0.0265625
0 0.8680555555555556 0.11796875 0.13055555555555556 0.0875
0 0.5819444444444445 0.11796875 0.06944444444444445 0.0375
0 0.4722222222222222 0.11015625 0.029166666666666667 0.021875
0 0.3416666666666667 0.10234375 0.09861111111111111 0.0625
0 0.48055555555555557 0.09375 0.03333333333333333 0.01640625
0 0.41805555555555557 0.0890625 0.034722222222222224 0.0203125
0 0.7736111111111111 0.07421875 0.06388888888888888 0.0359375
0 0.4652777777777778 0.0671875 0.044444444444444446 0.025
0 0.3763888888888889 0.0625 0.043055555555555555 0.028125
0 0.9375 0.05859375 0.05694444444444444 0.03046875
0 0.3375 0.0484375 0.05 0.03984375
0 0.2875 0.03125 0.04722222222222222 0.02890625
0 0.7416666666666667 0.02890625 0.05416666666666667 0.01328125
0 0.3486111111111111 0.01640625 0.04861111111111111 0.025
0 0.30833333333333335 0.00390625 0.03194444444444444 0.0203125
0 0.4986111111111111 0.0015625 0.04861111111111111 0.01796875
0 0.6041666666666666 0.00078125 0.10833333333333334 0.06328125
0 0.4236111111111111 0.00078125 0.1361111111111111 0.0625
