0 0.20416666666666666 0.6578125 0.019444444444444445 0.0140625
0 0.0375 0.65546875 0.020833333333333332 0.015625
0 0.001388888888888889 0.65234375 0.02638888888888889 0.02421875
0 0.6277777777777778 0.63203125 0.02638888888888889 0.0125
0 0.030555555555555555 0.62578125 0.022222222222222223 0.01953125
0 0.07222222222222222 0.61484375 0.034722222222222224 0.015625
0 0.1625 0.59609375 0.027777777777777776 0.0171875
0 0.48194444444444445 0.59453125 0.029166666666666667 0.0171875
0 0.9444444444444444 0.58046875 0.029166666666666667 0.01328125
0 0.0 0.575 0.030555555555555555 0.03125
0 0.7638888888888888 0.57421875 0.030555555555555555 0.01953125
0 0.9263888888888889 0.56015625 0.03333333333333333 0.01796875
0 0.46111111111111114 0.559375 0.02638888888888889 0.01484375
0 0.5888888888888889 0.5546875 0.025 0.0140625
0 0.05555555555555555 0.5546875 0.034722222222222224 0.01953125
0 0.3416666666666667 0.54453125 0.02361111111111111 0.01640625
0 0.2375 0.54140625 0.03333333333333333 0.02734375
0 0.3680555555555556 0.534375 0.058333333333333334 0.021875
0 0.1875 0.53203125 0.022222222222222223 0.01328125
0 0.45555555555555555 0.52890625 0.027777777777777776 0.0171875
0 0.48055555555555557 0.528125 0.030555555555555555 0.015625
0 0.8972222222222223 0.5265625 0.03194444444444444 0.02109375
0 0.6583333333333333 0.5203125 0.09444444444444444 0.05078125
0 0.10694444444444444 0.51640625 0.05138888888888889 0.02265625
0 0.005555555555555556 0.5125 0.04027777777777778 0.021875
0 0.2 0.509375 0.022222222222222223 0.0125
0 0.07222222222222222 0.4875 0.03333333333333333 0.0234375
0 0.2722222222222222 0.4765625 0.043055555555555555 0.01796875
0 0.925 0.475 0.075 0.03984375
0 0.8236111111111111 0.45390625 0.05277777777777778 0.02890625
0 0.075 0.45078125 0.015277777777777777 0.01015625
0 0.7361111111111112 0.4453125 0.05555555555555555 0.0265625
0 0.5930555555555556 0.43828125 0.059722222222222225 0.04296875
0 0.0125 0.43359375 0.029166666666666667 0.01171875
0 0.55 0.43046875 0.029166666666666667 0.01640625
0 0.35833333333333334 0.4296875 0.015277777777777777 0.01015625
0 0.6652777777777777 0.42890625 0.05 0.02734375
0 0.3736111111111111 0.4234375 0.02361111111111111 0.0125
0 0.6375 0.41875 0.034722222222222224 0.02421875
0 0.8805555555555555 0.4171875 0.05694444444444444 0.02109375
0 0.8277777777777777 0.4046875 0.044444444444444446 0.0234375
0 0.6833333333333333 0.39765625 0.034722222222222224 0.01171875
0 0.7597222222222222 0.38984375 0.022222222222222223 0.01640625
0 0.2625 0.38671875 0.02361111111111111 0.0125
0 0.7902777777777777 0.38515625 0.03888888888888889 0.02578125
0 0.9277777777777778 0.38203125 0.029166666666666667 0.01171875
0 0.8847222222222222 0.3765625 0.041666666666666664 0.021875
0 0.5694444444444444 0.375 0.02361111111111111 0.0125
0 0.37222222222222223 0.371875 0.020833333333333332 0.009375
0 0.31805555555555554 0.371875 0.027777777777777776 0.0125
0 0.6805555555555556 0.3671875 0.029166666666666667 0.01328125
0 0.4027777777777778 0.365625 0.05694444444444444 0.0359375
0 0.24444444444444444 0.36015625 0.027777777777777776 0.0109375
0 0.3125 0.359375 0.019444444444444445 0.0109375
0 0.2263888888888889 0.3515625 0.027777777777777776 0.01328125
0 0.7638888888888888 0.346875 0.04722222222222222 0.02421875
0 0.3111111111111111 0.34609375 0.02638888888888889 0.01015625
0 0.5152777777777777 0.3328125 0.02638888888888889 0.01953125
0 0.12638888888888888 0.32734375 0.09166666666666666 0.0265625
0 0.5555555555555556 0.31484375 0.03333333333333333 0.0109375
0 0.5319444444444444 0.3109375 0.03888888888888889 0.00703125
0 0.16666666666666666 0.31015625 0.018055555555555554 0.0125
0 0.04722222222222222 0.2890625 0.027777777777777776 0.01875
0 0.002777777777777778 0.28515625 0.020833333333333332 0.0125
0 0.9041666666666667 0.2703125 0.04722222222222222 0.01953125
0 0.08055555555555556 0.2703125 0.058333333333333334 0.021875
0 0.8097222222222222 0.265625 0.05555555555555555 0.0234375
0 0.05694444444444444 0.2609375 0.030555555555555555 0.01484375
0 0.013888888888888888 0.25859375 0.02638888888888889 0.01953125
0 0.27361111111111114 0.2578125 0.1111111111111111 0.08984375
0 0.9805555555555555 0.2453125 0.019444444444444445 0.02578125
0 0.12083333333333333 0.24453125 0.022222222222222223 0.00859375
0 0.058333333333333334 0.24375 0.05694444444444444 0.02578125
0 0.8541666666666666 0.23984375 0.05694444444444444 0.04921875
0 0.18472222222222223 0.23671875 0.027777777777777776 0.00859375
0 0.9041666666666667 0.15703125 0.034722222222222224 0.01796875
0 0.9402777777777778 0.13046875 0.04722222222222222 0.02109375
0 0.9902777777777778 0.10859375 0.008333333333333333 0.01484375
0 0.7847222222222222 0.10625 0.07916666666666666 0.0265625
0 0.9 0.103125 0.0625 0.02421875
0 0.75 0.10234375 0.034722222222222224 0.02421875
0 0.8597222222222223 0.0890625 0.03333333333333333 0.0203125
0 0.8263888888888888 0.0828125 0.020833333333333332 0.0125
0 0.8930555555555556 0.08125 0.03888888888888889 0.02109375
0 0.9138888888888889 0.0546875 0.03888888888888889 0.01953125
