0 0.4666666666666667 0.6484375 0.022222222222222223 0.0171875
0 0.11944444444444445 0.628125 0.05 0.0265625
0 0.9833333333333333 0.6265625 0.016666666666666666 0.01171875
0 0.6319444444444444 0.6265625 0.022222222222222223 0.015625
0 0.7736111111111111 0.61640625 0.027777777777777776 0.0109375
0 0.6958333333333333 0.59765625 0.03888888888888889 0.0171875
0 0.09166666666666666 0.59296875 0.05694444444444444 0.0234375
0 0.6527777777777778 0.5921875 0.018055555555555554 0.00859375
0 0.1375 0.578125 0.03194444444444444 0.0171875
0 0.3611111111111111 0.57734375 0.009722222222222222 0.00859375
0 0.9319444444444445 0.5640625 0.03888888888888889 0.01796875
0 0.9777777777777777 0.55234375 0.020833333333333332 0.01640625
0 0.7416666666666667 0.528125 0.013888888888888888 0.01015625
0 0.17222222222222222 0.52109375 0.016666666666666666 0.0109375
0 0.10833333333333334 0.51875 0.06666666666666667 0.021875
0 0.9763888888888889 0.5109375 0.013888888888888888 0.009375
0 0.8902777777777777 0.49921875 0.019444444444444445 0.01328125
0 0.1638888888888889 0.43359375 0.041666666666666664 0.02109375
0 0.0125 0.42734375 0.013888888888888888 0.01015625
0 0.3416666666666667 0.42421875 0.04027777777777778 0.021875
0 0.06666666666666667 0.41953125 0.03333333333333333 0.02734375
0 0.39166666666666666 0.41171875 0.019444444444444445 0.009375
0 0.1486111111111111 0.4 0.044444444444444446 0.02578125
0 0.5347222222222222 0.39375 0.04583333333333333 0.02578125
0 0.4777777777777778 0.38046875 0.027777777777777776 0.01640625
0 0.44583333333333336 0.3671875 0.02638888888888889 0.01953125
0 0.4930555555555556 0.36328125 0.034722222222222224 0.01953125
0 0.15694444444444444 0.3328125 0.03611111111111111 0.01796875
0 0.11944444444444445 0.32578125 0.034722222222222224 0.02265625
0 0.8541666666666666 0.3078125 0.009722222222222222 0.00546875
0 0.8472222222222222 0.29921875 0.008333333333333333 0.00546875
0 0.6388888888888888 0.296875 0.027777777777777776 0.00859375
0 0.8111111111111111 0.2859375 0.0125 0.0078125
0 0.6625 0.28359375 0.018055555555555554 0.0078125
0 0.8 0.2796875 0.009722222222222222 0.00546875
0 0.8097222222222222 0.26953125 0.009722222222222222 0.00546875
0 0.9638888888888889 0.26328125 0.03333333333333333 0.02265625
0 0.8083333333333333 0.24609375 0.0125 0.00859375
0 0.65 0.2453125 0.009722222222222222 0.00625
0 0.9694444444444444 0.2375 0.013888888888888888 0.00625
0 0.8138888888888889 0.234375 0.011111111111111112 0.00625
0 0.95 0.2203125 0.015277777777777777 0.01328125
0 0.32083333333333336 0.1640625 0.04583333333333333 0.02421875
