0 0.6361111111111111 0.8984375 0.05 0.021875
0 0.5791666666666667 0.89375 0.0375 0.01875
0 0.3347222222222222 0.88359375 0.06805555555555555 0.03515625
0 0.4375 0.8171875 0.0375 0.0359375
0 0.15138888888888888 0.796875 0.025 0.01875
0 0.7652777777777777 0.7921875 0.06666666666666667 0.021875
0 0.6111111111111112 0.7640625 0.02638888888888889 0.01328125
0 0.9097222222222222 0.75 0.044444444444444446 0.0234375
0 0.44722222222222224 0.74609375 0.03888888888888889 0.02890625
0 0.17777777777777778 0.62109375 0.020833333333333332 0.01171875
0 0.3055555555555556 0.6203125 0.043055555555555555 0.0234375
0 0.5083333333333333 0.6109375 0.05694444444444444 0.0328125
0 0.30694444444444446 0.57265625 0.027777777777777776 0.01640625
0 0.13055555555555556 0.565625 0.04861111111111111 0.0328125
0 0.5138888888888888 0.52734375 0.034722222222222224 0.0125
0 0.09444444444444444 0.50703125 0.02361111111111111 0.0203125
0 0.001388888888888889 0.4515625 0.025 0.01796875
0 0.5722222222222222 0.41875 0.027777777777777776 0.01640625
0 0.08888888888888889 0.40703125 0.03611111111111111 0.01953125
0 0.027777777777777776 0.4015625 0.029166666666666667 0.01796875
0 0.022222222222222223 0.37890625 0.03611111111111111 0.0171875
0 0.06666666666666667 0.3734375 0.0375 0.0234375
0 0.001388888888888889 0.37265625 0.018055555555555554 0.0203125
0 0.025 0.2828125 0.03194444444444444 0.0171875
0 0.005555555555555556 0.19296875 0.04027777777777778 0.028125
0 0.5222222222222223 0.15546875 0.04861111111111111 0.03984375
