0 0.4930555555555556 0.72734375 0.043055555555555555 0.0125
0 0.9194444444444444 0.67265625 0.016666666666666666 0.0125
0 0.9444444444444444 0.66953125 0.025 0.02109375
0 0.6333333333333333 0.66875 0.019444444444444445 0.01640625
0 0.8013888888888889 0.65546875 0.02638888888888889 0.01953125
0 0.8847222222222222 0.6546875 0.03194444444444444 0.01875
0 0.9319444444444445 0.6453125 0.04027777777777778 0.01875
0 0.28055555555555556 0.63828125 0.04861111111111111 0.0265625
0 0.8680555555555556 0.625 0.034722222222222224 0.0140625
0 0.2625 0.59921875 0.04583333333333333 0.02578125
0 0.30694444444444446 0.5859375 0.03194444444444444 0.01953125
0 0.9111111111111111 0.553125 0.030555555555555555 0.01171875
0 0.2763888888888889 0.53125 0.07222222222222222 0.01796875
0 0.07361111111111111 0.5265625 0.04861111111111111 0.0171875
0 0.11666666666666667 0.5140625 0.027777777777777776 0.015625
0 0.125 0.484375 0.025 0.01484375
0 0.3333333333333333 0.44453125 0.041666666666666664 0.021875
0 0.5041666666666667 0.43828125 0.043055555555555555 0.0203125
0 0.18333333333333332 0.42890625 0.029166666666666667 0.01875
0 0.5527777777777778 0.41953125 0.03194444444444444 0.01875
0 0.7125 0.4109375 0.04583333333333333 0.02734375
0 0.3236111111111111 0.4109375 0.05 0.02890625
0 0.6291666666666667 0.3953125 0.043055555555555555 0.0203125
0 0.6236111111111111 0.3828125 0.020833333333333332 0.0171875
0 0.6625 0.3796875 0.0375 0.021875
0 0.3333333333333333 0.346875 0.04027777777777778 0.01875
0 0.30277777777777776 0.34140625 0.029166666666666667 0.02109375
0 0.5152777777777777 0.18359375 0.044444444444444446 0.02421875
