0 0.5972222222222222 0.75546875 0.0763888888888889 0.034375
0 0.5333333333333333 0.72421875 0.05138888888888889 0.02890625
0 0.28055555555555556 0.7109375 0.043055555555555555 0.03359375
0 0.4486111111111111 0.69921875 0.06805555555555555 0.025
0 0.3236111111111111 0.63359375 0.030555555555555555 0.02890625
0 0.36666666666666664 0.60390625 0.044444444444444446 0.03671875
0 0.33611111111111114 0.59765625 0.029166666666666667 0.01171875
0 0.24861111111111112 0.596875 0.0763888888888889 0.03984375
0 0.44722222222222224 0.5296875 0.07777777777777778 0.05703125
0 0.35833333333333334 0.48671875 0.03888888888888889 0.02265625
0 0.15555555555555556 0.4859375 0.06527777777777778 0.03359375
0 0.40555555555555556 0.46015625 0.05694444444444444 0.01875
0 0.55 0.4578125 0.059722222222222225 0.034375
0 0.08472222222222223 0.4546875 0.04861111111111111 0.03359375
0 0.4875 0.45234375 0.03888888888888889 0.0140625
0 0.2388888888888889 0.43359375 0.058333333333333334 0.03125
0 0.3375 0.42578125 0.044444444444444446 0.0234375
0 0.6527777777777778 0.3828125 0.05555555555555555 0.0375
0 0.9222222222222223 0.38046875 0.06805555555555555 0.03515625
0 0.8333333333333334 0.365625 0.07222222222222222 0.04921875
0 0.28194444444444444 0.34140625 0.04583333333333333 0.015625
0 0.08472222222222223 0.309375 0.06666666666666667 0.0390625
0 0.3138888888888889 0.2703125 0.05694444444444444 0.0296875
0 0.16666666666666666 0.26171875 0.08055555555555556 0.0796875
0 0.4166666666666667 0.2609375 0.06527777777777778 0.03359375
0 0.9722222222222222 0.26015625 0.02638888888888889 0.0265625
0 0.5069444444444444 0.246875 0.058333333333333334 0.03828125
0 0.2791666666666667 0.2390625 0.04861111111111111 0.0296875
0 0.11805555555555555 0.2390625 0.07083333333333333 0.04765625
0 0.95 0.21640625 0.05 0.04453125
0 0.3527777777777778 0.20390625 0.03888888888888889 0.04140625
0 0.2902777777777778 0.19453125 0.05416666666666667 0.04140625
0 0.46111111111111114 0.1625 0.05138888888888889 0.034375
0 0.40694444444444444 0.12734375 0.04861111111111111 0.03515625
0 0.4652777777777778 0.11875 0.04027777777777778 0.03984375
0 0.2791666666666667 0.11640625 0.06944444444444445 0.040625
0 0.38333333333333336 0.08203125 0.06388888888888888 0.03984375
0 0.3388888888888889 0.0171875 0.041666666666666664 0.01484375
0 0.325 0.0 0.06388888888888888 0.021875
