0 0.8041666666666667 0.94609375 0.04583333333333333 0.02890625
0 0.7416666666666667 0.9453125 0.02638888888888889 0.02421875
0 0.8972222222222223 0.9125 0.034722222222222224 0.01875
0 0.9277777777777778 0.875 0.05555555555555555 0.02734375
0 0.5083333333333333 0.82109375 0.059722222222222225 0.03359375
0 0.12361111111111112 0.8046875 0.075 0.0390625
0 0.5166666666666667 0.78828125 0.05555555555555555 0.0328125
0 0.23472222222222222 0.73671875 0.04583333333333333 0.0234375
0 0.6541666666666667 0.734375 0.0375 0.015625
0 0.6944444444444444 0.7328125 0.041666666666666664 0.0265625
0 0.7652777777777777 0.73125 0.03611111111111111 0.01953125
0 0.3541666666666667 0.71875 0.05555555555555555 0.034375
0 0.5138888888888888 0.703125 0.04861111111111111 0.02265625
0 0.65 0.6921875 0.043055555555555555 0.0234375
0 0.125 0.68046875 0.04583333333333333 0.0234375
0 0.1638888888888889 0.6625 0.05 0.0203125
0 0.8833333333333333 0.65859375 0.029166666666666667 0.01875
0 0.9208333333333333 0.63984375 0.013888888888888888 0.0171875
0 0.35555555555555557 0.63828125 0.05 0.02890625
0 0.9458333333333333 0.63671875 0.013888888888888888 0.01484375
0 0.8958333333333334 0.6234375 0.030555555555555555 0.0171875
0 0.9402777777777778 0.61796875 0.022222222222222223 0.0109375
0 0.20833333333333334 0.61796875 0.0763888888888889 0.03125
0 0.24583333333333332 0.5890625 0.05138888888888889 0.0296875
0 0.9138888888888889 0.55703125 0.029166666666666667 0.01796875
0 0.625 0.55625 0.016666666666666666 0.01875
0 0.48194444444444445 0.55625 0.043055555555555555 0.034375
0 0.55 0.54609375 0.043055555555555555 0.02421875
0 0.32916666666666666 0.54296875 0.02361111111111111 0.03203125
0 0.5027777777777778 0.52109375 0.02361111111111111 0.01015625
0 0.17083333333333334 0.5203125 0.08055555555555556 0.04296875
0 0.675 0.51328125 0.04861111111111111 0.02578125
0 0.2847222222222222 0.49765625 0.03611111111111111 0.02421875
0 0.6138888888888889 0.4921875 0.044444444444444446 0.02578125
0 0.29444444444444445 0.4578125 0.020833333333333332 0.0140625
0 0.49722222222222223 0.45390625 0.05555555555555555 0.03203125
0 0.40555555555555556 0.4453125 0.04583333333333333 0.02421875
0 0.5930555555555556 0.434375 0.019444444444444445 0.0171875
0 0.4652777777777778 0.42421875 0.015277777777777777 0.009375
0 0.3111111111111111 0.41875 0.044444444444444446 0.02109375
0 0.42083333333333334 0.41640625 0.027777777777777776 0.01875
0 0.37777777777777777 0.3984375 0.02638888888888889 0.0203125
0 0.4111111111111111 0.39765625 0.02361111111111111 0.0171875
0 0.49444444444444446 0.39296875 0.04722222222222222 0.02578125
0 0.46944444444444444 0.3796875 0.030555555555555555 0.0125
0 0.2722222222222222 0.34765625 0.020833333333333332 0.0125
0 0.35 0.3234375 0.020833333333333332 0.015625
0 0.4083333333333333 0.3078125 0.03888888888888889 0.01796875
0 0.35138888888888886 0.29609375 0.05 0.0234375
0 0.25555555555555554 0.28671875 0.05555555555555555 0.03203125
0 0.275 0.246875 0.07916666666666666 0.03046875
0 0.38055555555555554 0.215625 0.04583333333333333 0.0234375
0 0.3472222222222222 0.1828125 0.05138888888888889 0.02109375
0 0.32916666666666666 0.13828125 0.029166666666666667 0.0109375
