0 0.7805555555555556 0.81015625 0.019444444444444445 0.021875
0 0.9361111111111111 0.76796875 0.04583333333333333 0.02734375
0 0.25555555555555554 0.73828125 0.06666666666666667 0.025
0 0.19305555555555556 0.72890625 0.05 0.03046875
0 0.7097222222222223 0.7171875 0.04722222222222222 0.01953125
0 0.15555555555555556 0.703125 0.059722222222222225 0.03125
0 0.7625 0.690625 0.008333333333333333 0.01171875
0 0.6194444444444445 0.68359375 0.019444444444444445 0.021875
0 0.30694444444444446 0.6671875 0.04861111111111111 0.0234375
0 0.7291666666666666 0.62734375 0.027777777777777776 0.0140625
0 0.5652777777777778 0.615625 0.013888888888888888 0.01328125
0 0.2222222222222222 0.571875 0.07361111111111111 0.03203125
0 0.6416666666666667 0.57109375 0.029166666666666667 0.0171875
0 0.6 0.53203125 0.04583333333333333 0.0375
0 0.5444444444444444 0.50859375 0.05 0.071875
0 0.32222222222222224 0.50546875 0.05694444444444444 0.01953125
0 0.5958333333333333 0.48203125 0.034722222222222224 0.03515625
0 0.36666666666666664 0.47421875 0.041666666666666664 0.02109375
0 0.3541666666666667 0.45625 0.025 0.00703125
0 0.39861111111111114 0.44765625 0.04861111111111111 0.02734375
0 0.5930555555555556 0.42578125 0.04861111111111111 0.02734375
0 0.5180555555555556 0.42578125 0.041666666666666664 0.01796875
0 0.21944444444444444 0.4203125 0.029166666666666667 0.01796875
0 0.5875 0.39453125 0.029166666666666667 0.01796875
0 0.6319444444444444 0.38046875 0.04027777777777778 0.05078125
0 0.5513888888888889 0.359375 0.075 0.025
0 0.3597222222222222 0.353125 0.02638888888888889 0.0171875
0 0.5694444444444444 0.34140625 0.04027777777777778 0.01875
0 0.32916666666666666 0.334375 0.029166666666666667 0.01171875
0 0.40694444444444444 0.32890625 0.075 0.03515625
0 0.43472222222222223 0.3109375 0.03888888888888889 0.0125
0 0.6541666666666667 0.2796875 0.03194444444444444 0.02578125
0 0.39861111111111114 0.27890625 0.05138888888888889 0.0296875
0 0.4013888888888889 0.2578125 0.041666666666666664 0.01953125
0 0.42916666666666664 0.23828125 0.05277777777777778 0.04375
0 0.5722222222222222 0.2359375 0.025 0.0265625
0 0.4722222222222222 0.134375 0.04861111111111111 0.03046875
0 0.42777777777777776 0.078125 0.05 0.0203125
