0 0.4638888888888889 0.76484375 0.03333333333333333 0.02421875
0 0.47638888888888886 0.75078125 0.034722222222222224 0.01953125
0 0.46111111111111114 0.72421875 0.029166666666666667 0.0171875
0 0.7263888888888889 0.58671875 0.044444444444444446 0.01484375
0 0.5125 0.57421875 0.05416666666666667 0.0296875
0 0.49166666666666664 0.534375 0.03888888888888889 0.0203125
0 0.35555555555555557 0.5109375 0.05694444444444444 0.04453125
0 0.2611111111111111 0.50546875 0.04722222222222222 0.02265625
0 0.4722222222222222 0.49375 0.05416666666666667 0.03515625
0 0.4013888888888889 0.4859375 0.05 0.02265625
0 0.30833333333333335 0.46484375 0.04027777777777778 0.034375
0 0.49027777777777776 0.46015625 0.015277777777777777 0.01796875
0 0.4041666666666667 0.45390625 0.0375 0.0234375
0 0.8236111111111111 0.4515625 0.05694444444444444 0.02421875
0 0.4597222222222222 0.42890625 0.018055555555555554 0.01015625
0 0.43472222222222223 0.4234375 0.018055555555555554 0.01015625
0 0.3486111111111111 0.4140625 0.03888888888888889 0.02109375
0 0.07916666666666666 0.37890625 0.10555555555555556 0.06953125
0 0.15694444444444444 0.375 0.08611111111111111 0.05390625
0 0.3958333333333333 0.36875 0.04861111111111111 0.03125
0 0.43472222222222223 0.3609375 0.06666666666666667 0.0390625
0 0.3486111111111111 0.3234375 0.05555555555555555 0.034375
0 0.11944444444444445 0.3171875 0.11388888888888889 0.06796875
0 0.3138888888888889 0.309375 0.03333333333333333 0.01875
0 0.4236111111111111 0.30859375 0.022222222222222223 0.02421875
0 0.24305555555555555 0.303125 0.0375 0.0203125
0 0.38055555555555554 0.30234375 0.030555555555555555 0.01953125
0 0.8833333333333333 0.2984375 0.029166666666666667 0.0234375
0 0.49166666666666664 0.27265625 0.05 0.03203125
0 0.2986111111111111 0.24921875 0.04861111111111111 0.03046875
0 0.3472222222222222 0.24765625 0.043055555555555555 0.034375
0 0.8680555555555556 0.24140625 0.04722222222222222 0.02890625
0 0.25416666666666665 0.234375 0.029166666666666667 0.02890625
0 0.3972222222222222 0.21875 0.016666666666666666 0.01640625
0 0.34305555555555556 0.21484375 0.016666666666666666 0.02265625
0 0.325 0.1703125 0.05138888888888889 0.02890625
0 0.3763888888888889 0.16640625 0.059722222222222225 0.034375
0 0.30416666666666664 0.13828125 0.05694444444444444 0.025
0 0.15138888888888888 0.1296875 0.11805555555555555 0.0421875
