0 0.6902777777777778 0.66015625 0.041666666666666664 0.02578125
0 0.65 0.65625 0.03333333333333333 0.021875
0 0.2847222222222222 0.64921875 0.029166666666666667 0.0171875
0 0.9736111111111111 0.6375 0.018055555555555554 0.02109375
0 0.24583333333333332 0.57109375 0.03194444444444444 0.01484375
0 0.08472222222222223 0.43203125 0.030555555555555555 0.01484375
0 0.4527777777777778 0.42421875 0.04722222222222222 0.0265625
0 0.9847222222222223 0.41796875 0.015277777777777777 0.02421875
0 0.022222222222222223 0.40703125 0.03194444444444444 0.01640625
0 0.34305555555555556 0.3828125 0.03611111111111111 0.01796875
0 0.43333333333333335 0.378125 0.03333333333333333 0.0234375
0 0.11805555555555555 0.37578125 0.015277777777777777 0.0171875
0 0.9569444444444445 0.32578125 0.03611111111111111 0.0234375
0 0.4861111111111111 0.25703125 0.03888888888888889 0.028125
0 0.2625 0.2375 0.06388888888888888 0.03125
0 0.37777777777777777 0.22734375 0.03611111111111111 0.015625
0 0.9777777777777777 0.19921875 0.020833333333333332 0.0296875
0 0.42777777777777776 0.16328125 0.034722222222222224 0.01953125
0 0.4638888888888889 0.146875 0.030555555555555555 0.02265625
0 0.43333333333333335 0.13359375 0.03194444444444444 0.0265625
0 0.4083333333333333 0.1296875 0.019444444444444445 0.015625
0 0.4527777777777778 0.103125 0.03194444444444444 0.02265625
