0 0.8986111111111111 0.6421875 0.034722222222222224 0.021875
0 0.46111111111111114 0.61328125 0.019444444444444445 0.01875
0 0.4875 0.5921875 0.02638888888888889 0.028125
0 0.7569444444444444 0.58984375 0.05138888888888889 0.028125
0 0.6194444444444445 0.58203125 0.025 0.01796875
0 0.5819444444444445 0.575 0.03611111111111111 0.015625
0 0.31666666666666665 0.56875 0.05277777777777778 0.0484375
0 0.725 0.55546875 0.059722222222222225 0.0296875
0 0.5388888888888889 0.45625 0.03333333333333333 0.02421875
0 0.3375 0.31640625 0.05138888888888889 0.02578125
