0 0.8277777777777777 0.6734375 0.04027777777777778 0.028125
0 0.8680555555555556 0.6703125 0.04583333333333333 0.0265625
0 0.31805555555555554 0.665625 0.044444444444444446 0.0265625
0 0.28055555555555556 0.65859375 0.03611111111111111 0.025
0 0.6138888888888889 0.646875 0.030555555555555555 0.01640625
0 0.8583333333333333 0.61875 0.025 0.02109375
0 0.7291666666666666 0.615625 0.04861111111111111 0.01953125
0 0.8847222222222222 0.6078125 0.03194444444444444 0.0140625
0 0.6361111111111111 0.59921875 0.0625 0.025
0 0.8763888888888889 0.5671875 0.04583333333333333 0.03203125
0 0.6833333333333333 0.55859375 0.03888888888888889 0.015625
0 0.9694444444444444 0.51328125 0.030555555555555555 0.01796875
0 0.8569444444444444 0.49140625 0.05138888888888889 0.0234375
0 0.7527777777777778 0.45703125 0.043055555555555555 0.028125
0 0.6152777777777778 0.446875 0.06388888888888888 0.0265625
0 0.8041666666666667 0.4453125 0.07083333333333333 0.0375
0 0.06527777777777778 0.43828125 0.043055555555555555 0.02578125
0 0.25555555555555554 0.425 0.044444444444444446 0.01328125
0 0.8902777777777777 0.403125 0.03611111111111111 0.03828125
0 0.6888888888888889 0.4015625 0.027777777777777776 0.01640625
0 0.8347222222222223 0.39375 0.019444444444444445 0.015625
0 0.04027777777777778 0.39296875 0.034722222222222224 0.0234375
0 0.0 0.38984375 0.034722222222222224 0.0171875
0 0.5416666666666666 0.346875 0.03194444444444444 0.02265625
0 0.6055555555555555 0.34296875 0.04722222222222222 0.0234375
0 0.8722222222222222 0.33203125 0.12777777777777777 0.078125
0 0.6708333333333333 0.30625 0.022222222222222223 0.01640625
0 0.09305555555555556 0.27421875 0.043055555555555555 0.0265625
0 0.0 0.24375 0.04722222222222222 0.02578125
0 0.7152777777777778 0.2421875 0.029166666666666667 0.015625
0 0.7847222222222222 0.23984375 0.0125 0.01796875
0 0.6888888888888889 0.23203125 0.030555555555555555 0.01640625
0 0.5402777777777777 0.228125 0.04861111111111111 0.0296875
0 0.8347222222222223 0.2046875 0.05694444444444444 0.02734375
0 0.6958333333333333 0.203125 0.025 0.015625
0 0.6291666666666667 0.18828125 0.0375 0.0265625
0 0.7527777777777778 0.1828125 0.022222222222222223 0.021875
0 0.043055555555555555 0.18203125 0.034722222222222224 0.01875
0 0.04722222222222222 0.153125 0.059722222222222225 0.034375
0 0.6958333333333333 0.14140625 0.06388888888888888 0.040625
0 0.8180555555555555 0.1328125 0.041666666666666664 0.02578125
0 0.7694444444444445 0.1328125 0.0375 0.040625
0 0.04583333333333333 0.12578125 0.04027777777777778 0.02421875
0 0.8194444444444444 0.09453125 0.06666666666666667 0.03671875
0 0.7180555555555556 0.08828125 0.06388888888888888 0.04375
0 0.7875 0.0734375 0.044444444444444446 0.02734375
0 0.7486111111111111 0.0234375 0.10555555555555556 0.05390625
0 0.8027777777777778 0.0 0.020833333333333332 0.021875
0 0.7055555555555556 0.0 0.06111111111111111 0.0375
