0 0.8055555555555556 0.59375 0.043055555555555555 0.03671875
0 0.8569444444444444 0.58515625 0.09861111111111111 0.0578125
0 0.9138888888888889 0.5265625 0.05277777777777778 0.0421875
0 0.7444444444444445 0.409375 0.043055555555555555 0.02265625
0 0.5569444444444445 0.32421875 0.043055555555555555 0.0328125
0 0.7902777777777777 0.31171875 0.06111111111111111 0.03203125
0 0.25416666666666665 0.29453125 0.025 0.0140625
0 0.8430555555555556 0.290625 0.04027777777777778 0.01875
0 0.8013888888888889 0.28984375 0.03194444444444444 0.01953125
0 0.8708333333333333 0.2671875 0.041666666666666664 0.021875
0 0.8333333333333334 0.2671875 0.027777777777777776 0.01484375
0 0.9597222222222223 0.21328125 0.03888888888888889 0.03125
0 0.7902777777777777 0.18671875 0.0625 0.02890625
0 0.9388888888888889 0.1015625 0.06111111111111111 0.0359375
