0 0.13333333333333333 0.42890625 0.02361111111111111 0.009375
0 0.2125 0.428125 0.027777777777777776 0.015625
0 0.22777777777777777 0.409375 0.027777777777777776 0.0125
0 0.12222222222222222 0.40625 0.04027777777777778 0.01796875
0 0.06111111111111111 0.34609375 0.05277777777777778 0.0234375
0 0.016666666666666666 0.33125 0.041666666666666664 0.015625
0 0.09166666666666666 0.33046875 0.04583333333333333 0.01875
0 0.018055555555555554 0.31171875 0.030555555555555555 0.01484375
0 0.07361111111111111 0.3 0.020833333333333332 0.01015625
0 0.001388888888888889 0.2453125 0.016666666666666666 0.0109375
