0 0.38055555555555554 0.72734375 0.044444444444444446 0.03203125
0 0.4361111111111111 0.7140625 0.029166666666666667 0.01796875
0 0.5583333333333333 0.67109375 0.019444444444444445 0.0078125
0 0.8777777777777778 0.6703125 0.058333333333333334 0.0171875
0 0.3194444444444444 0.65078125 0.02638888888888889 0.01953125
0 0.23333333333333334 0.63125 0.018055555555555554 0.01796875
0 0.47638888888888886 0.628125 0.03888888888888889 0.02109375
0 0.6819444444444445 0.61484375 0.029166666666666667 0.01953125
0 0.9277777777777778 0.6109375 0.03888888888888889 0.021875
0 0.20277777777777778 0.6109375 0.029166666666666667 0.0171875
0 0.3263888888888889 0.60703125 0.03333333333333333 0.01640625
0 0.6027777777777777 0.590625 0.029166666666666667 0.01484375
0 0.3333333333333333 0.5828125 0.03888888888888889 0.021875
0 0.7680555555555556 0.57890625 0.03333333333333333 0.0203125
0 0.7958333333333333 0.56328125 0.03333333333333333 0.01875
0 0.8375 0.5578125 0.02361111111111111 0.0125
0 0.2986111111111111 0.5546875 0.04583333333333333 0.02265625
0 0.3888888888888889 0.54140625 0.06111111111111111 0.03671875
0 0.008333333333333333 0.54140625 0.041666666666666664 0.02421875
0 0.6902777777777778 0.5296875 0.03611111111111111 0.0171875
0 0.17222222222222222 0.52578125 0.044444444444444446 0.02890625
0 0.25555555555555554 0.5234375 0.041666666666666664 0.02265625
0 0.7736111111111111 0.52109375 0.044444444444444446 0.01875
0 0.41944444444444445 0.51953125 0.043055555555555555 0.02265625
0 0.13472222222222222 0.51171875 0.027777777777777776 0.01875
0 0.06944444444444445 0.51015625 0.041666666666666664 0.021875
0 0.2847222222222222 0.5046875 0.030555555555555555 0.01171875
0 0.7611111111111111 0.5 0.043055555555555555 0.02421875
0 0.2013888888888889 0.48515625 0.019444444444444445 0.01796875
0 0.3763888888888889 0.47265625 0.03333333333333333 0.01484375
0 0.001388888888888889 0.45859375 0.008333333333333333 0.02109375
0 0.25972222222222224 0.45078125 0.03611111111111111 0.01875
0 0.10694444444444444 0.43984375 0.05416666666666667 0.0296875
0 0.011111111111111112 0.4171875 0.02361111111111111 0.0265625
0 0.05 0.4109375 0.06944444444444445 0.03515625
0 0.6166666666666667 0.378125 0.03194444444444444 0.02109375
0 0.5305555555555556 0.36171875 0.04583333333333333 0.02265625
0 0.4375 0.3390625 0.04583333333333333 0.0375
0 0.28194444444444444 0.3390625 0.03611111111111111 0.01953125
0 0.11805555555555555 0.31875 0.030555555555555555 0.01796875
0 0.03194444444444444 0.30546875 0.03194444444444444 0.0171875
0 0.4638888888888889 0.29921875 0.04583333333333333 0.0234375
0 0.9 0.2984375 0.03194444444444444 0.0203125
0 0.18611111111111112 0.2953125 0.11944444444444445 0.0453125
0 0.8694444444444445 0.29140625 0.029166666666666667 0.01875
0 0.8013888888888889 0.29140625 0.03194444444444444 0.01328125
0 0.5305555555555556 0.2875 0.04861111111111111 0.0234375
0 0.06527777777777778 0.2875 0.03611111111111111 0.03046875
0 0.0 0.2859375 0.03888888888888889 0.03359375
0 0.24166666666666667 0.27890625 0.0375 0.0234375
0 0.8333333333333334 0.278125 0.043055555555555555 0.025
0 0.1986111111111111 0.2703125 0.04027777777777778 0.025
0 0.5375 0.2640625 0.03194444444444444 0.02265625
0 0.09722222222222222 0.2640625 0.08472222222222223 0.0328125
0 0.5736111111111111 0.26171875 0.0375 0.02109375
0 0.8722222222222222 0.2609375 0.03611111111111111 0.02109375
0 0.19027777777777777 0.23359375 0.04027777777777778 0.025
0 0.12083333333333333 0.23359375 0.041666666666666664 0.03046875
0 0.3472222222222222 0.2296875 0.05 0.03125
0 0.26944444444444443 0.2171875 0.03333333333333333 0.0234375
0 0.14722222222222223 0.2140625 0.044444444444444446 0.02734375
0 0.7152777777777778 0.2109375 0.030555555555555555 0.01640625
0 0.06944444444444445 0.209375 0.027777777777777776 0.015625
0 0.19166666666666668 0.20625 0.04861111111111111 0.0265625
0 0.6486111111111111 0.2015625 0.022222222222222223 0.01796875
0 0.09583333333333334 0.18984375 0.03611111111111111 0.0171875
0 0.5111111111111111 0.17890625 0.02638888888888889 0.0203125
0 0.2388888888888889 0.175 0.025 0.0078125
0 0.48194444444444445 0.1734375 0.027777777777777776 0.01953125
0 0.175 0.171875 0.020833333333333332 0.0171875
0 0.06388888888888888 0.16640625 0.029166666666666667 0.01328125
0 0.001388888888888889 0.16015625 0.043055555555555555 0.02421875
0 0.06527777777777778 0.1484375 0.030555555555555555 0.01640625
0 0.4083333333333333 0.14765625 0.022222222222222223 0.01328125
0 0.24166666666666667 0.14609375 0.029166666666666667 0.01328125
0 0.034722222222222224 0.14609375 0.030555555555555555 0.02109375
0 0.3527777777777778 0.12578125 0.04583333333333333 0.0328125
0 0.3486111111111111 0.10625 0.030555555555555555 0.02109375
0 0.27361111111111114 0.0984375 0.019444444444444445 0.01328125
0 0.21388888888888888 0.07890625 0.034722222222222224 0.0328125
