0 0.5375 0.69296875 0.041666666666666664 0.0328125
0 0.6013888888888889 0.65234375 0.05277777777777778 0.03046875
0 0.5444444444444444 0.64921875 0.04027777777777778 0.025
0 0.0125 0.59296875 0.06944444444444445 0.04453125
0 0.35833333333333334 0.58984375 0.044444444444444446 0.03046875
0 0.05 0.57265625 0.03611111111111111 0.0203125
0 0.22916666666666666 0.5703125 0.041666666666666664 0.01796875
0 0.10416666666666667 0.5671875 0.030555555555555555 0.0234375
0 0.3236111111111111 0.55078125 0.05 0.02734375
0 0.9055555555555556 0.5484375 0.06388888888888888 0.0359375
0 0.3388888888888889 0.52890625 0.029166666666666667 0.02109375
0 0.3388888888888889 0.5015625 0.04861111111111111 0.02421875
0 0.5236111111111111 0.4875 0.044444444444444446 0.015625
0 0.4986111111111111 0.46875 0.041666666666666664 0.0109375
0 0.8930555555555556 0.46640625 0.015277777777777777 0.0203125
0 0.8472222222222222 0.459375 0.030555555555555555 0.0359375
0 0.6388888888888888 0.4453125 0.03333333333333333 0.01640625
0 0.9236111111111112 0.43984375 0.059722222222222225 0.01796875
0 0.7277777777777777 0.43515625 0.025 0.0234375
0 0.1388888888888889 0.43046875 0.044444444444444446 0.02265625
0 0.6083333333333333 0.42734375 0.03611111111111111 0.02421875
0 0.6569444444444444 0.42421875 0.03611111111111111 0.02578125
0 0.9638888888888889 0.4234375 0.027777777777777776 0.01796875
0 0.5069444444444444 0.41484375 0.03611111111111111 0.028125
0 0.33611111111111114 0.40390625 0.029166666666666667 0.0171875
0 0.3902777777777778 0.403125 0.03194444444444444 0.01484375
0 0.15833333333333333 0.39921875 0.03333333333333333 0.0171875
0 0.12361111111111112 0.38828125 0.022222222222222223 0.0109375
0 0.475 0.36484375 0.06527777777777778 0.0453125
0 0.03194444444444444 0.3328125 0.027777777777777776 0.015625
0 0.6097222222222223 0.33125 0.1 0.040625
0 0.46111111111111114 0.3265625 0.04861111111111111 0.0203125
0 0.5402777777777777 0.32265625 0.041666666666666664 0.015625
0 0.6486111111111111 0.30078125 0.03888888888888889 0.01953125
0 0.7013888888888888 0.29765625 0.030555555555555555 0.02421875
0 0.4013888888888889 0.234375 0.058333333333333334 0.0375
0 0.5347222222222222 0.21953125 0.025 0.021875
0 0.8527777777777777 0.21484375 0.03888888888888889 0.02109375
0 0.7736111111111111 0.209375 0.07777777777777778 0.03046875
0 0.6 0.20859375 0.0375 0.01875
0 0.32916666666666666 0.20078125 0.034722222222222224 0.021875
0 0.3763888888888889 0.1921875 0.034722222222222224 0.01953125
0 0.7347222222222223 0.1890625 0.04583333333333333 0.0265625
0 0.5611111111111111 0.17109375 0.02638888888888889 0.02109375
0 0.7833333333333333 0.1671875 0.05555555555555555 0.04375
0 0.40555555555555556 0.16640625 0.03333333333333333 0.0203125
0 0.6416666666666667 0.14140625 0.0625 0.03125
0 0.38472222222222224 0.1390625 0.05138888888888889 0.025
0 0.7236111111111111 0.1375 0.06388888888888888 0.0453125
0 0.6 0.13671875 0.04583333333333333 0.0265625
0 0.5166666666666667 0.13671875 0.06805555555555555 0.04921875
0 0.43472222222222223 0.1109375 0.043055555555555555 0.01796875
0 0.3902777777777778 0.1109375 0.043055555555555555 0.0265625
0 0.5916666666666667 0.10390625 0.04861111111111111 0.0234375
0 0.47638888888888886 0.10234375 0.05138888888888889 0.05390625
0 0.37083333333333335 0.07109375 0.07222222222222222 0.02578125
0 0.43333333333333335 0.0453125 0.04583333333333333 0.0234375
