0 0.625 0.8046875 0.030555555555555555 0.01328125
0 0.8125 0.803125 0.02638888888888889 0.01875
0 0.8083333333333333 0.76875 0.034722222222222224 0.01328125
0 0.7597222222222222 0.7609375 0.022222222222222223 0.01640625
0 0.7097222222222223 0.75703125 0.019444444444444445 0.0140625
0 0.7083333333333334 0.7328125 0.020833333333333332 0.01328125
0 0.6194444444444445 0.73203125 0.03611111111111111 0.01171875
0 0.002777777777777778 0.73203125 0.025 0.0234375
0 0.5666666666666667 0.72734375 0.020833333333333332 0.0125
0 0.5486111111111112 0.71875 0.016666666666666666 0.01328125
0 0.6041666666666666 0.7140625 0.015277777777777777 0.01328125
0 0.013888888888888888 0.703125 0.0375 0.01796875
0 0.6222222222222222 0.6875 0.02361111111111111 0.00703125
0 0.5791666666666667 0.684375 0.034722222222222224 0.0234375
0 0.18611111111111112 0.6671875 0.009722222222222222 0.0125
0 0.5569444444444445 0.64375 0.022222222222222223 0.0234375
0 0.6194444444444445 0.62265625 0.02361111111111111 0.01171875
0 0.6638888888888889 0.62109375 0.034722222222222224 0.015625
0 0.4486111111111111 0.62109375 0.07222222222222222 0.02421875
0 0.3902777777777778 0.6125 0.0125 0.01953125
0 0.3333333333333333 0.61171875 0.0125 0.0125
0 0.2861111111111111 0.59921875 0.02638888888888889 0.01015625
0 0.5180555555555556 0.59609375 0.027777777777777776 0.021875
0 0.3763888888888889 0.57109375 0.009722222222222222 0.01015625
0 0.5694444444444444 0.56796875 0.0375 0.01171875
0 0.4152777777777778 0.56484375 0.020833333333333332 0.01171875
0 0.2222222222222222 0.53515625 0.022222222222222223 0.01171875
0 0.2847222222222222 0.484375 0.018055555555555554 0.01015625
0 0.8013888888888889 0.4765625 0.015277777777777777 0.01015625
0 0.6041666666666666 0.46953125 0.02638888888888889 0.0125
0 0.5666666666666667 0.46875 0.029166666666666667 0.0125
0 0.3541666666666667 0.465625 0.019444444444444445 0.009375
0 0.7777777777777778 0.4578125 0.027777777777777776 0.00703125
0 0.6875 0.45625 0.025 0.0109375
0 0.7680555555555556 0.44453125 0.05555555555555555 0.015625
0 0.6236111111111111 0.42734375 0.029166666666666667 0.015625
0 0.24861111111111112 0.41640625 0.03611111111111111 0.01875
0 0.4263888888888889 0.4140625 0.030555555555555555 0.021875
0 0.37777777777777777 0.4140625 0.016666666666666666 0.01015625
0 0.20694444444444443 0.41328125 0.0125 0.00703125
0 0.4736111111111111 0.3953125 0.0125 0.009375
0 0.12361111111111112 0.384375 0.0625 0.0328125
0 0.22083333333333333 0.3796875 0.02361111111111111 0.0109375
0 0.40555555555555556 0.36875 0.016666666666666666 0.01171875
0 0.6652777777777777 0.36796875 0.02638888888888889 0.01640625
0 0.6208333333333333 0.359375 0.027777777777777776 0.0109375
0 0.6472222222222223 0.35 0.02361111111111111 0.01328125
0 0.45416666666666666 0.35 0.011111111111111112 0.00625
0 0.22361111111111112 0.34765625 0.0125 0.00546875
0 0.4083333333333333 0.33125 0.027777777777777776 0.01484375
0 0.5486111111111112 0.325 0.015277777777777777 0.00859375
0 0.6013888888888889 0.29609375 0.020833333333333332 0.01328125
0 0.5625 0.29609375 0.030555555555555555 0.01640625
0 0.4708333333333333 0.28671875 0.03333333333333333 0.01171875
0 0.5416666666666666 0.278125 0.02361111111111111 0.0125
0 0.38055555555555554 0.27578125 0.05555555555555555 0.01796875
0 0.4597222222222222 0.27109375 0.019444444444444445 0.015625
0 0.6263888888888889 0.2703125 0.018055555555555554 0.01328125
0 0.4847222222222222 0.265625 0.030555555555555555 0.01484375
0 0.3958333333333333 0.2640625 0.018055555555555554 0.01171875
0 0.46111111111111114 0.25625 0.022222222222222223 0.0125
0 0.55 0.24296875 0.022222222222222223 0.0125
0 0.4361111111111111 0.2046875 0.022222222222222223 0.01328125
0 0.5402777777777777 0.20390625 0.008333333333333333 0.01015625
0 0.5041666666666667 0.20390625 0.011111111111111112 0.0078125
0 0.5208333333333334 0.18046875 0.022222222222222223 0.00859375
