0 0.07083333333333333 0.703125 0.07083333333333333 0.02265625
0 0.04027777777777778 0.671875 0.05555555555555555 0.02890625
0 0.0 0.66953125 0.013888888888888888 0.01796875
0 0.11527777777777778 0.6546875 0.05555555555555555 0.01953125
0 0.8291666666666667 0.63671875 0.04722222222222222 0.01328125
0 0.55 0.63359375 0.043055555555555555 0.01953125
0 0.7458333333333333 0.6265625 0.0375 0.021875
0 0.0 0.6140625 0.04027777777777778 0.0265625
0 0.42777777777777776 0.6078125 0.08333333333333333 0.0578125
0 0.7138888888888889 0.596875 0.07916666666666666 0.03359375
0 0.6319444444444444 0.58359375 0.044444444444444446 0.0375
0 0.5444444444444444 0.5734375 0.044444444444444446 0.0171875
0 0.6666666666666666 0.565625 0.025 0.01328125
0 0.6222222222222222 0.55546875 0.04027777777777778 0.02578125
0 0.7527777777777778 0.54296875 0.04722222222222222 0.021875
0 0.7263888888888889 0.52265625 0.03194444444444444 0.0234375
0 0.775 0.51015625 0.03888888888888889 0.01640625
0 0.6611111111111111 0.48828125 0.020833333333333332 0.01875
0 0.5902777777777778 0.43203125 0.06944444444444445 0.03515625
0 0.7291666666666666 0.42578125 0.020833333333333332 0.01640625
0 0.6819444444444445 0.42421875 0.020833333333333332 0.0125
