0 0.24166666666666667 0.6828125 0.08055555555555556 0.04296875
0 0.65 0.62265625 0.041666666666666664 0.0203125
0 0.26666666666666666 0.61171875 0.07361111111111111 0.03984375
0 0.5222222222222223 0.596875 0.04861111111111111 0.025
0 0.5347222222222222 0.5703125 0.04722222222222222 0.021875
0 0.2125 0.5328125 0.04861111111111111 0.028125
0 0.7208333333333333 0.5171875 0.0875 0.02578125
0 0.7902777777777777 0.49765625 0.05555555555555555 0.0359375
0 0.2708333333333333 0.48125 0.06111111111111111 0.03203125
0 0.001388888888888889 0.4609375 0.04722222222222222 0.02265625
0 0.5472222222222223 0.43046875 0.03888888888888889 0.025
0 0.25416666666666665 0.4234375 0.0763888888888889 0.015625
0 0.05416666666666667 0.39296875 0.044444444444444446 0.02265625
0 0.13472222222222222 0.38984375 0.03611111111111111 0.0234375
0 0.6444444444444445 0.3875 0.043055555555555555 0.021875
0 0.4152777777777778 0.37734375 0.044444444444444446 0.01875
0 0.7361111111111112 0.3609375 0.05138888888888889 0.0296875
0 0.08888888888888889 0.3515625 0.041666666666666664 0.02421875
0 0.6708333333333333 0.3453125 0.05416666666666667 0.02734375
0 0.3486111111111111 0.32734375 0.0375 0.025
0 0.23055555555555557 0.32578125 0.043055555555555555 0.02265625
0 0.46944444444444444 0.325 0.0375 0.01875
0 0.18472222222222223 0.31015625 0.05277777777777778 0.046875
0 0.6944444444444444 0.30625 0.08055555555555556 0.04296875
0 0.4041666666666667 0.3046875 0.05694444444444444 0.028125
0 0.07222222222222222 0.2953125 0.034722222222222224 0.02578125
0 0.044444444444444446 0.253125 0.06111111111111111 0.034375
0 0.09444444444444444 0.24140625 0.07083333333333333 0.03671875
0 0.39444444444444443 0.23984375 0.05694444444444444 0.03125
0 0.001388888888888889 0.23359375 0.03611111111111111 0.028125
0 0.3125 0.209375 0.05277777777777778 0.02109375
0 0.0125 0.20078125 0.05 0.03046875
0 0.9180555555555555 0.1859375 0.03611111111111111 0.034375
0 0.32083333333333336 0.153125 0.04583333333333333 0.02109375
0 0.07083333333333333 0.15078125 0.05277777777777778 0.03515625
0 0.2125 0.1390625 0.08333333333333333 0.05390625
0 0.15694444444444444 0.128125 0.06527777777777778 0.046875
0 0.3875 0.10390625 0.05555555555555555 0.0328125
0 0.29444444444444445 0.065625 0.04583333333333333 0.03046875
0 0.35 0.06484375 0.05555555555555555 0.0359375
0 0.14583333333333334 0.05703125 0.030555555555555555 0.02421875
0 0.08888888888888889 0.0546875 0.05277777777777778 0.03046875
0 0.05416666666666667 0.02890625 0.04583333333333333 0.03203125
0 0.1486111111111111 0.028125 0.04861111111111111 0.02890625
0 0.2375 0.0265625 0.08888888888888889 0.10703125
0 0.24027777777777778 0.0015625 0.04027777777777778 0.02265625
0 0.14166666666666666 0.0 0.07916666666666666 0.02421875
