0 0.07222222222222222 0.69765625 0.034722222222222224 0.02890625
0 0.7083333333333334 0.63515625 0.04722222222222222 0.02421875
0 0.8486111111111111 0.56875 0.04583333333333333 0.02734375
0 0.8333333333333334 0.51953125 0.03333333333333333 0.0203125
0 0.8819444444444444 0.509375 0.03333333333333333 0.02265625
0 0.8416666666666667 0.48125 0.041666666666666664 0.021875
0 0.30277777777777776 0.47421875 0.05555555555555555 0.028125
0 0.8833333333333333 0.4734375 0.06388888888888888 0.03984375
0 0.7708333333333334 0.41953125 0.04583333333333333 0.0203125
0 0.9194444444444444 0.41484375 0.0375 0.0234375
0 0.8430555555555556 0.409375 0.0625 0.0390625
0 0.8777777777777778 0.35859375 0.05138888888888889 0.0234375
0 0.8291666666666667 0.3390625 0.05277777777777778 0.0265625
0 0.8569444444444444 0.26015625 0.10138888888888889 0.05703125
0 0.36527777777777776 0.26015625 0.041666666666666664 0.021875
0 0.9416666666666667 0.2546875 0.058333333333333334 0.02890625
0 0.32916666666666666 0.24921875 0.04027777777777778 0.02421875
0 0.8347222222222223 0.2203125 0.044444444444444446 0.02578125
0 0.30972222222222223 0.184375 0.043055555555555555 0.021875
0 0.9041666666666667 0.1703125 0.059722222222222225 0.03515625
0 0.10972222222222222 0.16484375 0.05 0.028125
0 0.07361111111111111 0.10390625 0.10138888888888889 0.05390625
