0 0.1638888888888889 0.77421875 0.059722222222222225 0.02578125
0 0.25 0.771875 0.0125 0.01171875
0 0.33611111111111114 0.7421875 0.04722222222222222 0.03046875
0 0.975 0.71328125 0.022222222222222223 0.01953125
0 0.14583333333333334 0.7015625 0.016666666666666666 0.015625
0 0.30972222222222223 0.6984375 0.029166666666666667 0.009375
0 0.17916666666666667 0.68359375 0.025 0.0234375
0 0.002777777777777778 0.63828125 0.022222222222222223 0.01015625
0 0.09722222222222222 0.553125 0.030555555555555555 0.01640625
0 0.06527777777777778 0.5359375 0.018055555555555554 0.01484375
0 0.5888888888888889 0.51640625 0.04861111111111111 0.025
0 0.002777777777777778 0.5125 0.06111111111111111 0.05234375
0 0.10833333333333334 0.45703125 0.07083333333333333 0.0296875
0 0.13472222222222222 0.415625 0.03888888888888889 0.0203125
0 0.001388888888888889 0.41484375 0.025 0.01953125
0 0.10555555555555556 0.3984375 0.0375 0.02109375
0 0.025 0.39765625 0.058333333333333334 0.03203125
0 0.14305555555555555 0.3953125 0.027777777777777776 0.009375
0 0.07777777777777778 0.3828125 0.03194444444444444 0.0203125
0 0.12222222222222222 0.37578125 0.03333333333333333 0.021875
0 0.11388888888888889 0.3625 0.02638888888888889 0.01640625
0 0.0375 0.35234375 0.041666666666666664 0.02421875
0 0.05277777777777778 0.334375 0.034722222222222224 0.0125
0 0.6013888888888889 0.28125 0.07916666666666666 0.03125
0 0.11805555555555555 0.27734375 0.0375 0.02421875
0 0.0 0.27109375 0.013888888888888888 0.01015625
0 0.03611111111111111 0.23359375 0.03611111111111111 0.02265625
0 0.5875 0.2125 0.030555555555555555 0.02109375
0 0.02638888888888889 0.20703125 0.02361111111111111 0.01328125
0 0.40694444444444444 0.18984375 0.043055555555555555 0.02265625
0 0.3680555555555556 0.13828125 0.1111111111111111 0.04453125
0 0.3763888888888889 0.1328125 0.03333333333333333 0.02265625
