0 0.5930555555555556 0.784375 0.08472222222222223 0.02890625
0 0.9361111111111111 0.74609375 0.06111111111111111 0.0203125
0 0.4361111111111111 0.7140625 0.034722222222222224 0.01796875
0 0.5319444444444444 0.70625 0.0375 0.034375
0 0.5569444444444445 0.69609375 0.030555555555555555 0.0125
0 0.5972222222222222 0.67109375 0.018055555555555554 0.0125
0 0.5027777777777778 0.6640625 0.04861111111111111 0.02734375
0 0.6236111111111111 0.65390625 0.018055555555555554 0.015625
0 0.5027777777777778 0.59375 0.05555555555555555 0.02578125
0 0.5388888888888889 0.57890625 0.058333333333333334 0.02421875
0 0.2569444444444444 0.56796875 0.03333333333333333 0.0140625
0 0.3138888888888889 0.55625 0.03611111111111111 0.0171875
0 0.25972222222222224 0.5234375 0.034722222222222224 0.01953125
0 0.5277777777777778 0.5203125 0.03888888888888889 0.0171875
0 0.35833333333333334 0.5203125 0.0625 0.0390625
0 0.41388888888888886 0.515625 0.018055555555555554 0.01015625
0 0.5555555555555556 0.49453125 0.030555555555555555 0.0203125
0 0.5916666666666667 0.4828125 0.034722222222222224 0.0171875
0 0.29583333333333334 0.44921875 0.09305555555555556 0.03515625
0 0.5263888888888889 0.43671875 0.059722222222222225 0.04296875
0 0.3111111111111111 0.41875 0.05555555555555555 0.025
0 0.7041666666666667 0.3921875 0.0375 0.0234375
0 0.38055555555555554 0.38046875 0.05 0.04140625
0 0.6180555555555556 0.37578125 0.0763888888888889 0.05078125
0 0.23055555555555557 0.3296875 0.025 0.01640625
0 0.49027777777777776 0.3265625 0.05 0.028125
0 0.5305555555555556 0.3109375 0.02638888888888889 0.01875
0 0.5041666666666667 0.2875 0.029166666666666667 0.01484375
0 0.675 0.275 0.05138888888888889 0.0359375
0 0.5333333333333333 0.2703125 0.05138888888888889 0.0375
0 0.6138888888888889 0.24453125 0.03611111111111111 0.02421875
0 0.3597222222222222 0.23359375 0.05416666666666667 0.03125
0 0.5222222222222223 0.20546875 0.03888888888888889 0.02890625
0 0.41805555555555557 0.19453125 0.03194444444444444 0.01875
0 0.5444444444444444 0.18203125 0.03611111111111111 0.02109375
0 0.46111111111111114 0.14921875 0.08055555555555556 0.046875
0 0.5263888888888889 0.13515625 0.034722222222222224 0.02265625
0 0.40694444444444444 0.13515625 0.041666666666666664 0.03125
0 0.46111111111111114 0.11484375 0.030555555555555555 0.03125
0 0.41805555555555557 0.06328125 0.11944444444444445 0.05625
0 0.45694444444444443 0.021875 0.10833333333333334 0.05
0 0.4930555555555556 0.0109375 0.043055555555555555 0.02734375
