0 0.3611111111111111 0.7234375 0.02361111111111111 0.01484375
0 0.16527777777777777 0.68125 0.029166666666666667 0.01484375
0 0.3375 0.675 0.03611111111111111 0.02109375
0 0.2652777777777778 0.6703125 0.029166666666666667 0.0296875
0 0.10972222222222222 0.65234375 0.027777777777777776 0.015625
0 0.21805555555555556 0.646875 0.03333333333333333 0.0203125
0 0.16666666666666666 0.63125 0.03333333333333333 0.02421875
0 0.025 0.57421875 0.02638888888888889 0.01015625
0 0.31527777777777777 0.5609375 0.05138888888888889 0.0359375
0 0.13472222222222222 0.54453125 0.058333333333333334 0.0328125
0 0.5625 0.51953125 0.030555555555555555 0.02421875
0 0.5152777777777777 0.51640625 0.025 0.03125
0 0.37083333333333335 0.51015625 0.05277777777777778 0.0296875
0 0.4875 0.475 0.041666666666666664 0.021875
0 0.5430555555555555 0.47109375 0.03333333333333333 0.01640625
0 0.36944444444444446 0.46328125 0.043055555555555555 0.028125
0 0.9625 0.46015625 0.0375 0.02734375
0 0.2847222222222222 0.42734375 0.025 0.015625
0 0.3388888888888889 0.40703125 0.059722222222222225 0.028125
0 0.1638888888888889 0.39296875 0.04027777777777778 0.02734375
0 0.4444444444444444 0.38671875 0.06527777777777778 0.03671875
0 0.41388888888888886 0.37109375 0.03611111111111111 0.0234375
0 0.23333333333333334 0.36875 0.0375 0.0265625
0 0.9819444444444444 0.36171875 0.018055555555555554 0.02734375
0 0.2972222222222222 0.3453125 0.05277777777777778 0.021875
0 0.2986111111111111 0.31484375 0.05138888888888889 0.02734375
0 0.2263888888888889 0.2828125 0.0625 0.03125
0 0.3416666666666667 0.27421875 0.06111111111111111 0.04140625
0 0.20555555555555555 0.23203125 0.08194444444444444 0.03125
0 0.38333333333333336 0.17734375 0.08333333333333333 0.040625
0 0.2375 0.17421875 0.058333333333333334 0.02890625
0 0.3236111111111111 0.17265625 0.020833333333333332 0.0171875
