0 0.7847222222222222 0.55078125 0.1361111111111111 0.05625
0 0.8027777777777778 0.4984375 0.05277777777777778 0.0265625
0 0.8375 0.46328125 0.12083333333333333 0.06328125
0 0.8916666666666667 0.434375 0.02638888888888889 0.0328125
0 0.9236111111111112 0.42734375 0.06111111111111111 0.040625
0 0.9638888888888889 0.4 0.03611111111111111 0.05
0 0.8208333333333333 0.37265625 0.06111111111111111 0.04140625
0 0.9763888888888889 0.3359375 0.020833333333333332 0.03828125
0 0.9027777777777778 0.32421875 0.07361111111111111 0.04921875
0 0.9125 0.2875 0.0875 0.04375
0 0.5569444444444445 0.26640625 0.0763888888888889 0.05078125
