0 0.8222222222222222 0.8640625 0.044444444444444446 0.02421875
0 0.8736111111111111 0.86171875 0.025 0.01953125
0 0.8902777777777777 0.7921875 0.059722222222222225 0.04921875
0 0.875 0.753125 0.05416666666666667 0.0203125
0 0.6638888888888889 0.69296875 0.04861111111111111 0.02890625
0 0.4222222222222222 0.69296875 0.07916666666666666 0.0359375
0 0.8555555555555555 0.690625 0.04027777777777778 0.02265625
0 0.15694444444444444 0.6875 0.05 0.0296875
0 0.5222222222222223 0.6859375 0.0375 0.021875
0 0.5055555555555555 0.67421875 0.016666666666666666 0.01796875
0 0.9541666666666667 0.66484375 0.044444444444444446 0.03046875
0 0.08472222222222223 0.65078125 0.03333333333333333 0.01484375
0 0.5902777777777778 0.64140625 0.029166666666666667 0.02109375
0 0.925 0.62578125 0.03194444444444444 0.02109375
0 0.48333333333333334 0.61875 0.041666666666666664 0.01171875
0 0.9458333333333333 0.5921875 0.05277777777777778 0.0296875
0 0.5388888888888889 0.5921875 0.059722222222222225 0.03203125
0 0.38055555555555554 0.58046875 0.05416666666666667 0.03203125
0 0.9027777777777778 0.5640625 0.0375 0.01953125
0 0.5361111111111111 0.5609375 0.02361111111111111 0.01953125
0 0.95 0.55 0.022222222222222223 0.0171875
0 0.41944444444444445 0.54296875 0.05555555555555555 0.02109375
0 0.9694444444444444 0.52734375 0.030555555555555555 0.02578125
0 0.35138888888888886 0.51796875 0.05 0.02421875
0 0.5152777777777777 0.50625 0.06666666666666667 0.02734375
0 0.2361111111111111 0.5 0.05277777777777778 0.0265625
0 0.17083333333333334 0.49453125 0.05277777777777778 0.0265625
0 0.4652777777777778 0.47734375 0.05555555555555555 0.03046875
0 0.9666666666666667 0.4703125 0.03333333333333333 0.0359375
0 0.5416666666666666 0.45 0.03888888888888889 0.02578125
0 0.1625 0.44609375 0.04861111111111111 0.02578125
0 0.6791666666666667 0.434375 0.029166666666666667 0.01484375
0 0.07777777777777778 0.4328125 0.06111111111111111 0.03046875
0 0.31805555555555554 0.4203125 0.05 0.02578125
0 0.7055555555555556 0.415625 0.03194444444444444 0.01953125
0 0.9527777777777777 0.41328125 0.02361111111111111 0.01484375
0 0.7847222222222222 0.40546875 0.058333333333333334 0.04140625
0 0.75 0.3921875 0.04027777777777778 0.01875
0 0.28055555555555556 0.38515625 0.08611111111111111 0.03125
0 0.8666666666666667 0.38359375 0.05 0.02109375
0 0.8 0.38125 0.034722222222222224 0.01640625
0 0.225 0.36875 0.05416666666666667 0.04453125
0 0.40694444444444444 0.36796875 0.07916666666666666 0.02890625
0 0.17083333333333334 0.346875 0.03888888888888889 0.01484375
0 0.8847222222222222 0.3359375 0.06111111111111111 0.05
0 0.3013888888888889 0.31953125 0.05138888888888889 0.02578125
0 0.35694444444444445 0.31875 0.0375 0.02421875
0 0.1388888888888889 0.30078125 0.058333333333333334 0.03515625
0 0.4013888888888889 0.25859375 0.05416666666666667 0.03046875
0 0.46111111111111114 0.24765625 0.043055555555555555 0.0265625
0 0.425 0.22890625 0.04583333333333333 0.03203125
0 0.3277777777777778 0.20859375 0.06111111111111111 0.04921875
0 0.5611111111111111 0.203125 0.04861111111111111 0.02890625
0 0.4583333333333333 0.13046875 0.02638888888888889 0.01953125
0 0.3013888888888889 0.12421875 0.05555555555555555 0.021875
0 0.3638888888888889 0.1171875 0.018055555555555554 0.01875
0 0.39305555555555555 0.1125 0.06388888888888888 0.04296875
0 0.33055555555555555 0.06953125 0.04583333333333333 0.0328125
