0 0.16944444444444445 0.98125 0.05694444444444444 0.01875
0 0.6222222222222222 0.95390625 0.06388888888888888 0.0265625
0 0.6819444444444445 0.94140625 0.05555555555555555 0.02421875
0 0.3388888888888889 0.90234375 0.02361111111111111 0.01328125
0 0.1527777777777778 0.85859375 0.04583333333333333 0.01640625
0 0.25 0.8515625 0.03888888888888889 0.0265625
0 0.43194444444444446 0.8421875 0.05416666666666667 0.02578125
0 0.0 0.8265625 0.03611111111111111 0.0234375
0 0.6291666666666667 0.77265625 0.04583333333333333 0.028125
0 0.3527777777777778 0.75625 0.06944444444444445 0.021875
0 0.03194444444444444 0.75390625 0.04583333333333333 0.03046875
0 0.7541666666666667 0.73671875 0.025 0.03125
0 0.6097222222222223 0.6953125 0.058333333333333334 0.03671875
0 0.3472222222222222 0.68984375 0.03611111111111111 0.021875
0 0.5263888888888889 0.684375 0.059722222222222225 0.02109375
0 0.7305555555555555 0.64375 0.04722222222222222 0.01796875
0 0.7916666666666666 0.60859375 0.025 0.01796875
0 0.8944444444444445 0.59140625 0.06111111111111111 0.028125
0 0.5875 0.58671875 0.06527777777777778 0.03046875
0 0.44583333333333336 0.578125 0.03888888888888889 0.021875
0 0.6972222222222222 0.5609375 0.06111111111111111 0.0328125
0 0.6597222222222222 0.54453125 0.05138888888888889 0.02265625
0 0.8583333333333333 0.52890625 0.05 0.02734375
0 0.7569444444444444 0.528125 0.043055555555555555 0.0296875
0 0.29583333333333334 0.42421875 0.05416666666666667 0.028125
0 0.6902777777777778 0.41953125 0.13055555555555556 0.06484375
0 0.3597222222222222 0.40703125 0.0625 0.02890625
0 0.8 0.3921875 0.07083333333333333 0.0578125
0 0.7027777777777777 0.3734375 0.05555555555555555 0.02421875
0 0.6416666666666667 0.33828125 0.05138888888888889 0.040625
0 0.5444444444444444 0.3171875 0.09861111111111111 0.0578125
0 0.6972222222222222 0.2984375 0.08055555555555556 0.03203125
0 0.5583333333333333 0.27421875 0.058333333333333334 0.03203125
0 0.6652777777777777 0.240625 0.05416666666666667 0.03125
0 0.6430555555555556 0.240625 0.018055555555555554 0.0140625
0 0.5722222222222222 0.2359375 0.04722222222222222 0.02109375
0 0.6416666666666667 0.17578125 0.05694444444444444 0.05859375
