0 0.9083333333333333 0.6203125 0.05416666666666667 0.02890625
0 0.6236111111111111 0.5796875 0.041666666666666664 0.034375
0 0.6708333333333333 0.56796875 0.09861111111111111 0.05546875
0 0.7555555555555555 0.51015625 0.04027777777777778 0.025
0 0.8583333333333333 0.41875 0.034722222222222224 0.01796875
0 0.85 0.40390625 0.043055555555555555 0.0109375
0 0.5916666666666667 0.3984375 0.034722222222222224 0.02109375
0 0.40694444444444444 0.3140625 0.04583333333333333 0.0359375
0 0.6333333333333333 0.3046875 0.058333333333333334 0.03046875
0 0.11666666666666667 0.29140625 0.02361111111111111 0.0140625
0 0.6819444444444445 0.284375 0.03333333333333333 0.01640625
0 0.6388888888888888 0.2828125 0.04722222222222222 0.0203125
0 0.8444444444444444 0.278125 0.044444444444444446 0.0203125
0 0.6611111111111111 0.26796875 0.03194444444444444 0.01328125
0 0.7041666666666667 0.25859375 0.0375 0.021875
0 0.6805555555555556 0.25859375 0.018055555555555554 0.01015625
0 0.9333333333333333 0.2453125 0.06388888888888888 0.0234375
0 0.8861111111111111 0.24375 0.03333333333333333 0.01640625
0 0.8333333333333334 0.24296875 0.04722222222222222 0.02421875
0 0.7736111111111111 0.20546875 0.075 0.03125
0 0.6097222222222223 0.1796875 0.058333333333333334 0.02734375
0 0.7597222222222222 0.09453125 0.04861111111111111 0.03671875
