0 0.7902777777777777 0.66328125 0.03194444444444444 0.02421875
0 0.20694444444444443 0.640625 0.07361111111111111 0.03828125
0 0.6888888888888889 0.6296875 0.029166666666666667 0.0265625
0 0.65 0.58046875 0.034722222222222224 0.01796875
0 0.24305555555555555 0.571875 0.06111111111111111 0.0390625
0 0.5291666666666667 0.5578125 0.034722222222222224 0.0140625
0 0.5277777777777778 0.52578125 0.044444444444444446 0.02109375
0 0.8208333333333333 0.46015625 0.0375 0.02578125
0 0.08888888888888889 0.4390625 0.02638888888888889 0.0109375
0 0.25972222222222224 0.4375 0.04722222222222222 0.025
0 0.0 0.42109375 0.030555555555555555 0.02109375
0 0.2569444444444444 0.38046875 0.04722222222222222 0.021875
0 0.04722222222222222 0.35390625 0.03888888888888889 0.0125
0 0.6583333333333333 0.33984375 0.043055555555555555 0.0234375
0 0.41944444444444445 0.33125 0.03333333333333333 0.01328125
0 0.06111111111111111 0.32265625 0.029166666666666667 0.01328125
0 0.7569444444444444 0.31015625 0.05416666666666667 0.028125
0 0.075 0.3046875 0.03611111111111111 0.01796875
0 0.6916666666666667 0.29765625 0.034722222222222224 0.021875
0 0.0 0.296875 0.030555555555555555 0.01953125
0 0.19027777777777777 0.28671875 0.027777777777777776 0.01484375
0 0.3458333333333333 0.278125 0.034722222222222224 0.0203125
0 0.22916666666666666 0.2765625 0.03888888888888889 0.015625
0 0.46805555555555556 0.27421875 0.03333333333333333 0.0109375
0 0.18333333333333332 0.26015625 0.03194444444444444 0.0203125
0 0.7055555555555556 0.25859375 0.08611111111111111 0.0328125
0 0.4125 0.25390625 0.030555555555555555 0.02265625
0 0.06944444444444445 0.2515625 0.020833333333333332 0.0078125
0 0.03611111111111111 0.20234375 0.05138888888888889 0.028125
0 0.09027777777777778 0.1875 0.06805555555555555 0.03515625
0 0.4041666666666667 0.1859375 0.05 0.025
0 0.0 0.18203125 0.019444444444444445 0.025
0 0.3263888888888889 0.153125 0.030555555555555555 0.015625
0 0.013888888888888888 0.15234375 0.03611111111111111 0.02109375
0 0.26805555555555555 0.10859375 0.030555555555555555 0.01484375
0 0.06527777777777778 0.09453125 0.04722222222222222 0.02890625
0 0.16805555555555557 0.0875 0.043055555555555555 0.02578125
0 0.20972222222222223 0.08046875 0.06527777777777778 0.0484375
0 0.15 0.0703125 0.04722222222222222 0.01875
0 0.24583333333333332 0.04296875 0.0375 0.02578125
0 0.3972222222222222 0.04140625 0.043055555555555555 0.03125
0 0.25 0.02265625 0.019444444444444445 0.01953125
0 0.29583333333333334 0.00234375 0.05416666666666667 0.0296875
0 0.24166666666666667 0.00078125 0.03888888888888889 0.021875
0 0.14166666666666666 0.00078125 0.02638888888888889 0.01484375
0 0.3527777777777778 0.0 0.05555555555555555 0.03203125
0 0.08333333333333333 0.0 0.05416666666666667 0.0265625
