0 0.5361111111111111 0.80546875 0.04583333333333333 0.0203125
0 0.7708333333333334 0.79453125 0.043055555555555555 0.02109375
0 0.18333333333333332 0.77890625 0.05277777777777778 0.03203125
0 0.3472222222222222 0.778125 0.03333333333333333 0.02578125
0 0.5958333333333333 0.775 0.044444444444444446 0.02578125
0 0.7277777777777777 0.73671875 0.05138888888888889 0.0421875
0 0.11944444444444445 0.73125 0.06111111111111111 0.03125
0 0.8138888888888889 0.69921875 0.09305555555555556 0.03515625
0 0.4305555555555556 0.69765625 0.041666666666666664 0.0171875
0 0.3902777777777778 0.68984375 0.04027777777777778 0.02421875
0 0.5236111111111111 0.68515625 0.03611111111111111 0.02421875
0 0.3375 0.6390625 0.015277777777777777 0.01328125
0 0.6638888888888889 0.59765625 0.06111111111111111 0.03515625
0 0.22777777777777777 0.584375 0.034722222222222224 0.015625
0 0.43472222222222223 0.57890625 0.04027777777777778 0.0265625
0 0.5263888888888889 0.5734375 0.04027777777777778 0.021875
0 0.1875 0.5546875 0.027777777777777776 0.01640625
0 0.9402777777777778 0.55078125 0.027777777777777776 0.0171875
0 0.8638888888888889 0.54921875 0.04583333333333333 0.025
0 0.6819444444444445 0.5375 0.022222222222222223 0.0140625
0 0.9027777777777778 0.52578125 0.029166666666666667 0.01171875
0 0.21805555555555556 0.50625 0.034722222222222224 0.0171875
0 0.0 0.49921875 0.04861111111111111 0.0265625
0 0.8347222222222223 0.49765625 0.05416666666666667 0.02265625
0 0.8847222222222222 0.49375 0.04583333333333333 0.01953125
0 0.7222222222222222 0.4859375 0.04583333333333333 0.021875
0 0.20555555555555555 0.4765625 0.04027777777777778 0.021875
0 0.0 0.4421875 0.03888888888888889 0.01328125
0 0.7958333333333333 0.4375 0.041666666666666664 0.01875
0 0.6930555555555555 0.42734375 0.04722222222222222 0.02890625
0 0.43472222222222223 0.421875 0.022222222222222223 0.01640625
0 0.8013888888888889 0.403125 0.05138888888888889 0.01875
0 0.5138888888888888 0.38359375 0.07222222222222222 0.05390625
0 0.6361111111111111 0.36171875 0.0375 0.01328125
0 0.6180555555555556 0.325 0.05277777777777778 0.02265625
0 0.5486111111111112 0.28984375 0.043055555555555555 0.028125
0 0.675 0.28046875 0.05694444444444444 0.04140625
0 0.10555555555555556 0.2765625 0.07222222222222222 0.04140625
0 0.5111111111111111 0.24140625 0.05277777777777778 0.028125
0 0.5597222222222222 0.23125 0.05277777777777778 0.02890625
0 0.7291666666666666 0.1703125 0.0875 0.0421875
0 0.5416666666666666 0.16640625 0.06944444444444445 0.0375
