0 0.8791666666666667 0.73125 0.04722222222222222 0.0265625
0 0.6597222222222222 0.716796875 0.05555555555555555 0.02890625
0 0.1388888888888889 0.604296875 0.05277777777777778 0.03359375
0 0.22361111111111112 0.55546875 0.05 0.0265625
0 0.2763888888888889 0.553515625 0.025 0.02578125
0 0.6041666666666666 0.546484375 0.044444444444444446 0.02734375
0 0.5631944444444444 0.539453125 0.04027777777777778 0.01796875
0 0.47291666666666665 0.478515625 0.043055555555555555 0.01796875
0 0.18958333333333333 0.463671875 0.04861111111111111 0.02265625
0 0.26944444444444443 0.412890625 0.022222222222222223 0.01328125
0 0.2951388888888889 0.326171875 0.06805555555555555 0.07578125
