0 0.5 0.72109375 0.05 0.0328125
0 0.5625 0.70859375 0.027777777777777776 0.01796875
0 0.6819444444444445 0.659375 0.02361111111111111 0.01171875
0 0.4375 0.64296875 0.016666666666666666 0.01640625
0 0.3458333333333333 0.62421875 0.011111111111111112 0.01484375
0 0.6027777777777777 0.62109375 0.041666666666666664 0.02265625
0 0.32222222222222224 0.6078125 0.027777777777777776 0.01484375
0 0.8041666666666667 0.60234375 0.0375 0.0203125
0 0.44722222222222224 0.6 0.02638888888888889 0.0171875
0 0.7305555555555555 0.58046875 0.029166666666666667 0.01875
0 0.45 0.5765625 0.043055555555555555 0.0203125
0 0.9097222222222222 0.56796875 0.03194444444444444 0.0140625
0 0.009722222222222222 0.5546875 0.04027777777777778 0.01796875
0 0.9361111111111111 0.5515625 0.029166666666666667 0.0171875
0 0.9680555555555556 0.5453125 0.016666666666666666 0.0078125
0 0.4263888888888889 0.54296875 0.043055555555555555 0.0265625
0 0.12222222222222222 0.53828125 0.03611111111111111 0.02421875
0 0.5125 0.53359375 0.06527777777777778 0.03828125
0 0.29583333333333334 0.52109375 0.04722222222222222 0.028125
0 0.8180555555555555 0.51640625 0.03888888888888889 0.01875
0 0.3736111111111111 0.51640625 0.044444444444444446 0.0234375
0 0.5430555555555555 0.51015625 0.043055555555555555 0.02421875
0 0.25833333333333336 0.50703125 0.029166666666666667 0.0203125
0 0.19166666666666668 0.50546875 0.041666666666666664 0.02421875
0 0.40555555555555556 0.49765625 0.020833333333333332 0.0109375
0 0.8944444444444445 0.48515625 0.05555555555555555 0.04140625
0 0.32222222222222224 0.48046875 0.016666666666666666 0.0125
0 0.002777777777777778 0.4734375 0.0375 0.02109375
0 0.03333333333333333 0.46875 0.043055555555555555 0.01796875
0 0.5666666666666667 0.4671875 0.027777777777777776 0.0109375
0 0.48194444444444445 0.4640625 0.02361111111111111 0.0125
0 0.08194444444444444 0.45 0.04722222222222222 0.0296875
0 0.37777777777777777 0.4453125 0.03194444444444444 0.0171875
0 0.23194444444444445 0.43515625 0.05138888888888889 0.028125
0 0.12222222222222222 0.4125 0.03194444444444444 0.02734375
0 0.009722222222222222 0.4109375 0.05138888888888889 0.01875
0 0.18472222222222223 0.40625 0.05694444444444444 0.0265625
0 0.059722222222222225 0.38359375 0.025 0.01796875
0 0.6805555555555556 0.359375 0.03333333333333333 0.028125
0 0.6472222222222223 0.34375 0.04027777777777778 0.028125
0 0.38472222222222224 0.3265625 0.03888888888888889 0.02109375
0 0.55 0.32578125 0.05 0.0390625
0 0.2152777777777778 0.30859375 0.03333333333333333 0.01875
0 0.3486111111111111 0.3078125 0.03888888888888889 0.02265625
0 0.10138888888888889 0.29453125 0.05277777777777778 0.0203125
0 0.575 0.2828125 0.05277777777777778 0.0265625
0 0.28194444444444444 0.28203125 0.06388888888888888 0.0390625
0 0.1597222222222222 0.27890625 0.03888888888888889 0.0328125
0 0.05 0.2765625 0.06944444444444445 0.0328125
0 0.6458333333333334 0.26875 0.041666666666666664 0.02578125
0 0.9152777777777777 0.26796875 0.03333333333333333 0.01640625
0 0.3458333333333333 0.2640625 0.043055555555555555 0.021875
0 0.3013888888888889 0.25859375 0.04027777777777778 0.02265625
0 0.19722222222222222 0.253125 0.09027777777777778 0.03125
0 0.9486111111111111 0.25078125 0.04583333333333333 0.02734375
0 0.6486111111111111 0.24453125 0.03611111111111111 0.02265625
0 0.6861111111111111 0.2421875 0.041666666666666664 0.02265625
0 0.8583333333333333 0.22109375 0.02638888888888889 0.0078125
0 0.29444444444444445 0.2203125 0.041666666666666664 0.02265625
0 0.4513888888888889 0.2109375 0.05138888888888889 0.034375
0 0.37083333333333335 0.20234375 0.04027777777777778 0.0234375
0 0.15 0.19609375 0.029166666666666667 0.01875
0 0.24722222222222223 0.18828125 0.09305555555555556 0.0578125
0 0.8152777777777778 0.1859375 0.02638888888888889 0.01640625
0 0.18055555555555555 0.17578125 0.03333333333333333 0.01953125
0 0.5986111111111111 0.16640625 0.027777777777777776 0.01171875
0 0.24305555555555555 0.15703125 0.04722222222222222 0.01484375
0 0.14444444444444443 0.153125 0.03194444444444444 0.01640625
0 0.5583333333333333 0.15 0.03611111111111111 0.025
0 0.36944444444444446 0.146875 0.018055555555555554 0.01328125
0 0.02361111111111111 0.14140625 0.1 0.03125
0 0.14027777777777778 0.134375 0.030555555555555555 0.015625
0 0.1111111111111111 0.13359375 0.030555555555555555 0.02109375
0 0.49444444444444446 0.12890625 0.025 0.0125
0 0.32222222222222224 0.12890625 0.029166666666666667 0.01484375
0 0.43472222222222223 0.10625 0.04861111111111111 0.03359375
0 0.43333333333333335 0.0859375 0.03194444444444444 0.01875
0 0.3486111111111111 0.08125 0.027777777777777776 0.0171875
0 0.2916666666666667 0.06015625 0.03194444444444444 0.03359375
