0 0.23055555555555557 0.62109375 0.05138888888888889 0.02265625
0 0.0625 0.60859375 0.05416666666666667 0.028125
0 0.31527777777777777 0.52265625 0.05138888888888889 0.028125
0 0.9388888888888889 0.521875 0.022222222222222223 0.01171875
0 0.9888888888888889 0.4984375 0.011111111111111112 0.015625
0 0.21805555555555556 0.490625 0.06388888888888888 0.0375
0 0.09305555555555556 0.484375 0.06805555555555555 0.03671875
0 0.9861111111111112 0.465625 0.013888888888888888 0.01015625
0 0.3111111111111111 0.4390625 0.06111111111111111 0.06015625
0 0.225 0.41875 0.05 0.01796875
0 0.29444444444444445 0.41640625 0.027777777777777776 0.02109375
0 0.15 0.3953125 0.06388888888888888 0.0375
0 0.25972222222222224 0.3046875 0.04861111111111111 0.01953125
0 0.2611111111111111 0.22734375 0.06944444444444445 0.04453125
0 0.175 0.0734375 0.02361111111111111 0.0171875
0 0.05 0.0703125 0.05555555555555555 0.04375
