0 0.7736111111111111 0.66328125 0.06527777777777778 0.02890625
0 0.8361111111111111 0.66015625 0.05 0.0328125
0 0.7972222222222223 0.64765625 0.030555555555555555 0.00703125
0 0.37916666666666665 0.64375 0.043055555555555555 0.02421875
0 0.2763888888888889 0.596875 0.02361111111111111 0.0234375
0 0.4527777777777778 0.56796875 0.034722222222222224 0.01640625
0 0.7680555555555556 0.559375 0.05 0.02578125
0 0.2652777777777778 0.5515625 0.030555555555555555 0.02578125
0 0.48194444444444445 0.5265625 0.05138888888888889 0.02421875
0 0.8791666666666667 0.50703125 0.043055555555555555 0.02734375
0 0.3861111111111111 0.48671875 0.03194444444444444 0.01640625
0 0.5486111111111112 0.4796875 0.03194444444444444 0.0125
0 0.44305555555555554 0.46015625 0.05277777777777778 0.0390625
0 0.1763888888888889 0.453125 0.06666666666666667 0.03046875
0 0.17083333333333334 0.43515625 0.04027777777777778 0.021875
0 0.4444444444444444 0.42734375 0.075 0.021875
0 0.9069444444444444 0.41796875 0.05 0.01640625
0 0.20972222222222223 0.409375 0.034722222222222224 0.015625
0 0.015277777777777777 0.403125 0.027777777777777776 0.01875
0 0.7930555555555555 0.39453125 0.034722222222222224 0.01875
0 0.001388888888888889 0.39375 0.0125 0.01484375
0 0.02638888888888889 0.390625 0.02638888888888889 0.0125
0 0.17222222222222222 0.38828125 0.027777777777777776 0.01484375
0 0.8541666666666666 0.38046875 0.043055555555555555 0.02109375
0 0.9402777777777778 0.37421875 0.05 0.02734375
0 0.2152777777777778 0.37265625 0.03333333333333333 0.0234375
0 0.2611111111111111 0.3640625 0.03333333333333333 0.01328125
0 0.45694444444444443 0.3546875 0.0625 0.02578125
0 0.30833333333333335 0.3546875 0.027777777777777776 0.0203125
0 0.9819444444444444 0.35 0.018055555555555554 0.0171875
0 0.5194444444444445 0.34765625 0.034722222222222224 0.015625
0 0.41388888888888886 0.33828125 0.05416666666666667 0.0234375
0 0.9430555555555555 0.328125 0.044444444444444446 0.03125
0 0.8375 0.321875 0.1 0.05
0 0.31666666666666665 0.32109375 0.043055555555555555 0.01953125
0 0.3736111111111111 0.3171875 0.027777777777777776 0.02578125
0 0.22361111111111112 0.31484375 0.043055555555555555 0.01796875
0 0.32916666666666666 0.2953125 0.05138888888888889 0.0234375
0 0.2652777777777778 0.2875 0.041666666666666664 0.03671875
0 0.8152777777777778 0.278125 0.08611111111111111 0.0296875
0 0.6180555555555556 0.25625 0.044444444444444446 0.025
0 0.8083333333333333 0.24609375 0.03194444444444444 0.02265625
0 0.8472222222222222 0.22890625 0.04027777777777778 0.02578125
0 0.7333333333333333 0.22109375 0.04583333333333333 0.02421875
0 0.7208333333333333 0.20390625 0.016666666666666666 0.01015625
0 0.4986111111111111 0.20234375 0.1388888888888889 0.08515625
0 0.4111111111111111 0.1953125 0.04861111111111111 0.02890625
0 0.7930555555555555 0.18828125 0.04722222222222222 0.0234375
0 0.4527777777777778 0.153125 0.044444444444444446 0.0484375
0 0.6666666666666666 0.14375 0.041666666666666664 0.025
0 0.7111111111111111 0.13671875 0.06666666666666667 0.03046875
0 0.7041666666666667 0.09921875 0.043055555555555555 0.025
0 0.7847222222222222 0.065625 0.041666666666666664 0.02265625
