0 0.18472222222222223 0.96171875 0.0375 0.03828125
0 0.05555555555555555 0.846875 0.03611111111111111 0.02109375
0 0.1597222222222222 0.8171875 0.059722222222222225 0.0296875
0 0.25555555555555554 0.78359375 0.05277777777777778 0.025
0 0.1388888888888889 0.7578125 0.05555555555555555 0.028125
0 0.24444444444444444 0.7546875 0.034722222222222224 0.03046875
0 0.49583333333333335 0.6984375 0.07916666666666666 0.03359375
0 0.15138888888888888 0.69453125 0.05416666666666667 0.028125
0 0.16944444444444445 0.65078125 0.043055555555555555 0.03046875
0 0.2875 0.6484375 0.05138888888888889 0.03203125
0 0.34305555555555556 0.64453125 0.04027777777777778 0.0265625
0 0.8694444444444445 0.64375 0.05694444444444444 0.0296875
0 0.7180555555555556 0.628125 0.04861111111111111 0.02109375
0 0.9402777777777778 0.62734375 0.044444444444444446 0.0265625
0 0.12638888888888888 0.60859375 0.018055555555555554 0.01484375
0 0.08194444444444444 0.6078125 0.044444444444444446 0.025
0 0.39444444444444443 0.6015625 0.03888888888888889 0.025
0 0.8055555555555556 0.58671875 0.02638888888888889 0.021875
0 0.0125 0.578125 0.05555555555555555 0.0265625
0 0.28194444444444444 0.5703125 0.04583333333333333 0.04453125
0 0.37777777777777777 0.54765625 0.05416666666666667 0.02421875
0 0.20694444444444443 0.5390625 0.05277777777777778 0.03125
0 0.26805555555555555 0.53515625 0.04861111111111111 0.0265625
0 0.0763888888888889 0.5328125 0.08611111111111111 0.0453125
0 0.8277777777777777 0.525 0.04722222222222222 0.03203125
0 0.001388888888888889 0.52421875 0.03611111111111111 0.02890625
0 0.058333333333333334 0.5203125 0.03194444444444444 0.01640625
0 0.9083333333333333 0.50234375 0.03333333333333333 0.015625
0 0.001388888888888889 0.5015625 0.02638888888888889 0.01875
0 0.3194444444444444 0.4953125 0.059722222222222225 0.05234375
0 0.8138888888888889 0.48984375 0.030555555555555555 0.0171875
0 0.29305555555555557 0.47734375 0.025 0.0109375
0 0.8888888888888888 0.45703125 0.075 0.0265625
0 0.4111111111111111 0.45703125 0.09166666666666666 0.03828125
0 0.3597222222222222 0.44921875 0.03888888888888889 0.0171875
0 0.43333333333333335 0.43203125 0.04861111111111111 0.021875
0 0.9791666666666666 0.4203125 0.020833333333333332 0.01953125
0 0.3625 0.41328125 0.05416666666666667 0.02890625
0 0.25833333333333336 0.3765625 0.04722222222222222 0.04453125
0 0.9680555555555556 0.37109375 0.03194444444444444 0.0234375
0 0.4013888888888889 0.3671875 0.07222222222222222 0.028125
0 0.29583333333333334 0.3609375 0.0875 0.03671875
0 0.2791666666666667 0.3375 0.043055555555555555 0.02421875
0 0.33055555555555555 0.32109375 0.05555555555555555 0.0265625
0 0.1625 0.30078125 0.03194444444444444 0.04609375
0 0.30694444444444446 0.2859375 0.09583333333333334 0.02890625
0 0.175 0.234375 0.011111111111111112 0.0203125
0 0.25416666666666665 0.22265625 0.0875 0.04765625
0 0.18611111111111112 0.1609375 0.09305555555555556 0.07578125
0 0.14027777777777778 0.15390625 0.03611111111111111 0.01953125
