0 0.3597222222222222 0.95390625 0.02361111111111111 0.01640625
0 0.15833333333333333 0.9015625 0.05 0.03203125
0 0.35833333333333334 0.88125 0.059722222222222225 0.03828125
0 0.059722222222222225 0.87578125 0.044444444444444446 0.01484375
0 0.3194444444444444 0.875 0.03194444444444444 0.040625
0 0.49722222222222223 0.8515625 0.03333333333333333 0.01796875
0 0.2847222222222222 0.75234375 0.06111111111111111 0.0359375
0 0.38055555555555554 0.7296875 0.04861111111111111 0.01796875
0 0.625 0.6765625 0.05138888888888889 0.0296875
0 0.38333333333333336 0.67265625 0.0625 0.0265625
0 0.3 0.66640625 0.09861111111111111 0.06484375
0 0.2638888888888889 0.653125 0.019444444444444445 0.0125
0 0.5638888888888889 0.621875 0.02638888888888889 0.01171875
0 0.24861111111111112 0.59140625 0.06527777777777778 0.021875
0 0.4111111111111111 0.58359375 0.03194444444444444 0.01875
0 0.7833333333333333 0.5703125 0.05694444444444444 0.03125
0 0.32083333333333336 0.55078125 0.05694444444444444 0.06015625
0 0.2569444444444444 0.51015625 0.075 0.08046875
0 0.5583333333333333 0.4921875 0.043055555555555555 0.02265625
0 0.3402777777777778 0.48359375 0.05 0.028125
0 0.5944444444444444 0.47734375 0.07777777777777778 0.04453125
0 0.6722222222222223 0.47109375 0.04027777777777778 0.01796875
0 0.5138888888888888 0.4671875 0.041666666666666664 0.02578125
0 0.5166666666666667 0.44375 0.025 0.0109375
0 0.49583333333333335 0.39296875 0.05555555555555555 0.03671875
0 0.5527777777777778 0.36875 0.06388888888888888 0.03203125
0 0.34444444444444444 0.365625 0.06111111111111111 0.02578125
0 0.37222222222222223 0.3265625 0.06111111111111111 0.02578125
0 0.4486111111111111 0.221875 0.0875 0.04375
0 0.48055555555555557 0.13046875 0.09305555555555556 0.046875
