0 0.9347222222222222 0.978125 0.03333333333333333 0.02109375
0 0.13472222222222222 0.9421875 0.05277777777777778 0.0328125
0 0.7027777777777777 0.92890625 0.03333333333333333 0.02265625
0 0.6263888888888889 0.9109375 0.05138888888888889 0.01953125
0 0.5833333333333334 0.90546875 0.03333333333333333 0.01875
0 0.5402777777777777 0.90234375 0.022222222222222223 0.02265625
0 0.5430555555555555 0.871875 0.03333333333333333 0.0296875
0 0.36944444444444446 0.8640625 0.02361111111111111 0.02265625
0 0.4375 0.86015625 0.04027777777777778 0.01875
0 0.4 0.82578125 0.059722222222222225 0.0328125
0 0.1763888888888889 0.82578125 0.05555555555555555 0.03984375
0 0.5861111111111111 0.81015625 0.022222222222222223 0.01328125
0 0.5027777777777778 0.8078125 0.10833333333333334 0.0421875
0 0.3277777777777778 0.78984375 0.06111111111111111 0.034375
0 0.6722222222222223 0.75859375 0.027777777777777776 0.02734375
0 0.6111111111111112 0.75859375 0.05555555555555555 0.03515625
0 0.7319444444444444 0.75546875 0.030555555555555555 0.02109375
0 0.4263888888888889 0.740625 0.059722222222222225 0.02421875
0 0.5861111111111111 0.72890625 0.025 0.0140625
0 0.6277777777777778 0.7078125 0.04861111111111111 0.021875
0 0.5402777777777777 0.69765625 0.05694444444444444 0.03203125
0 0.39305555555555555 0.68828125 0.05694444444444444 0.053125
0 0.4625 0.68359375 0.0375 0.0171875
0 0.4097222222222222 0.66875 0.04722222222222222 0.0265625
0 0.7013888888888888 0.6421875 0.04861111111111111 0.01953125
0 0.4222222222222222 0.63203125 0.03888888888888889 0.01796875
0 0.6583333333333333 0.63046875 0.04722222222222222 0.02578125
0 0.5791666666666667 0.628125 0.05416666666666667 0.0328125
0 0.2972222222222222 0.528125 0.05 0.0328125
0 0.33194444444444443 0.49765625 0.02361111111111111 0.02421875
0 0.33055555555555555 0.42578125 0.05138888888888889 0.03125
0 0.4722222222222222 0.37734375 0.04583333333333333 0.025
0 0.4083333333333333 0.371875 0.04583333333333333 0.0265625
0 0.37916666666666665 0.36328125 0.027777777777777776 0.01328125
0 0.4097222222222222 0.34609375 0.04861111111111111 0.025
