0 0.37083333333333335 0.61015625 0.05 0.025
0 0.21944444444444444 0.5921875 0.05 0.0296875
0 0.04027777777777778 0.5484375 0.0625 0.0609375
0 0.4708333333333333 0.51328125 0.05416666666666667 0.0296875
0 0.06944444444444445 0.50234375 0.05277777777777778 0.0328125
0 0.37083333333333335 0.48046875 0.07361111111111111 0.0375
0 0.2513888888888889 0.475 0.075 0.03515625
0 0.4722222222222222 0.46015625 0.044444444444444446 0.02734375
0 0.49027777777777776 0.42890625 0.05555555555555555 0.03125
0 0.44583333333333336 0.4125 0.03888888888888889 0.02578125
0 0.39861111111111114 0.40703125 0.04027777777777778 0.025
0 0.0 0.4046875 0.03194444444444444 0.03359375
0 0.32222222222222224 0.390625 0.06666666666666667 0.04140625
0 0.3333333333333333 0.31953125 0.03888888888888889 0.0171875
0 0.41944444444444445 0.30078125 0.04722222222222222 0.02109375
0 0.42083333333333334 0.22265625 0.07083333333333333 0.05078125
0 0.225 0.08359375 0.05416666666666667 0.0296875
0 0.3527777777777778 0.075 0.03194444444444444 0.0140625
0 0.2513888888888889 0.065625 0.04722222222222222 0.0234375
