0 0.4444444444444444 0.87109375 0.07222222222222222 0.02890625
0 0.15 0.86796875 0.0375 0.028125
0 0.07083333333333333 0.83515625 0.04861111111111111 0.028125
0 0.38472222222222224 0.82421875 0.075 0.0453125
0 0.46111111111111114 0.82109375 0.09444444444444444 0.05234375
0 0.7597222222222222 0.81875 0.12222222222222222 0.04140625
0 0.975 0.8109375 0.025 0.02265625
0 0.3277777777777778 0.8015625 0.025 0.03125
0 0.6791666666666667 0.79375 0.059722222222222225 0.0328125
0 0.8277777777777777 0.76953125 0.06527777777777778 0.04453125
0 0.30694444444444446 0.75390625 0.06527777777777778 0.0390625
0 0.08888888888888889 0.734375 0.0625 0.034375
0 0.40694444444444444 0.7265625 0.07916666666666666 0.05703125
0 0.5180555555555556 0.6953125 0.044444444444444446 0.01796875
0 0.5736111111111111 0.68125 0.03888888888888889 0.034375
0 0.6694444444444444 0.66796875 0.08611111111111111 0.04296875
0 0.03888888888888889 0.64453125 0.0625 0.03046875
0 0.4583333333333333 0.63203125 0.02638888888888889 0.01953125
0 0.6666666666666666 0.60859375 0.025 0.0109375
0 0.7902777777777777 0.60234375 0.0375 0.01875
0 0.11527777777777778 0.5890625 0.04722222222222222 0.02421875
0 0.35833333333333334 0.58359375 0.09027777777777778 0.078125
0 0.027777777777777776 0.5765625 0.0625 0.0328125
0 0.2361111111111111 0.52421875 0.059722222222222225 0.03203125
0 0.30833333333333335 0.49921875 0.03194444444444444 0.01953125
0 0.05 0.47578125 0.06388888888888888 0.0328125
0 0.05138888888888889 0.4328125 0.06666666666666667 0.03671875
0 0.5013888888888889 0.43203125 0.05277777777777778 0.03125
0 0.8430555555555556 0.43125 0.0375 0.02421875
0 0.1597222222222222 0.42421875 0.034722222222222224 0.01796875
0 0.8097222222222222 0.41796875 0.03611111111111111 0.02734375
0 0.2902777777777778 0.4015625 0.03333333333333333 0.015625
0 0.001388888888888889 0.39765625 0.10138888888888889 0.05
0 0.3972222222222222 0.37578125 0.058333333333333334 0.0296875
0 0.5541666666666667 0.365625 0.025 0.01171875
0 0.30972222222222223 0.3546875 0.043055555555555555 0.025
0 0.4583333333333333 0.340625 0.04861111111111111 0.0234375
0 0.20555555555555555 0.33828125 0.058333333333333334 0.02265625
0 0.4791666666666667 0.3140625 0.016666666666666666 0.00859375
0 0.30972222222222223 0.309375 0.041666666666666664 0.034375
0 0.24305555555555555 0.30078125 0.058333333333333334 0.0328125
0 0.022222222222222223 0.29296875 0.03611111111111111 0.01484375
0 0.10138888888888889 0.28984375 0.12361111111111112 0.04375
0 0.3236111111111111 0.27734375 0.1125 0.04296875
0 0.9208333333333333 0.27421875 0.020833333333333332 0.01875
0 0.2361111111111111 0.2703125 0.025 0.01640625
0 0.09861111111111111 0.26875 0.05694444444444444 0.02578125
0 0.059722222222222225 0.2671875 0.04027777777777778 0.02578125
0 0.8847222222222222 0.2625 0.03611111111111111 0.0234375
0 0.8569444444444444 0.25390625 0.03333333333333333 0.025
0 0.5888888888888889 0.24375 0.04722222222222222 0.0390625
0 0.7388888888888889 0.2421875 0.0375 0.01640625
0 0.011111111111111112 0.240625 0.03194444444444444 0.015625
0 0.5013888888888889 0.23984375 0.05 0.02265625
0 0.6319444444444444 0.23359375 0.043055555555555555 0.0265625
0 0.9222222222222223 0.23125 0.02638888888888889 0.01640625
0 0.6347222222222222 0.21171875 0.04583333333333333 0.0203125
0 0.4791666666666667 0.21015625 0.10833333333333334 0.0375
0 0.1361111111111111 0.20390625 0.03194444444444444 0.01484375
0 0.20694444444444443 0.203125 0.06111111111111111 0.0390625
0 0.7291666666666666 0.19765625 0.05416666666666667 0.04296875
0 0.9416666666666667 0.196875 0.041666666666666664 0.01953125
0 0.6013888888888889 0.196875 0.03611111111111111 0.025
0 0.8916666666666667 0.1859375 0.044444444444444446 0.028125
0 0.5041666666666667 0.17578125 0.03333333333333333 0.01328125
0 0.9111111111111111 0.17109375 0.03611111111111111 0.009375
0 0.2361111111111111 0.1703125 0.03333333333333333 0.0140625
0 0.6319444444444444 0.16015625 0.08055555555555556 0.034375
0 0.23333333333333334 0.15234375 0.03194444444444444 0.0140625
0 0.16944444444444445 0.14765625 0.034722222222222224 0.0171875
0 0.7097222222222223 0.14609375 0.044444444444444446 0.01796875
0 0.9847222222222223 0.1390625 0.015277777777777777 0.02265625
0 0.40694444444444444 0.13828125 0.07083333333333333 0.025
0 0.3763888888888889 0.1359375 0.03194444444444444 0.015625
0 0.3388888888888889 0.1359375 0.022222222222222223 0.01484375
0 0.2722222222222222 0.1328125 0.025 0.015625
0 0.85 0.13125 0.05 0.02734375
0 0.5083333333333333 0.12890625 0.059722222222222225 0.04609375
0 0.42777777777777776 0.09921875 0.030555555555555555 0.01953125
0 0.10555555555555556 0.0984375 0.018055555555555554 0.015625
0 0.5125 0.09296875 0.030555555555555555 0.021875
0 0.6111111111111112 0.0859375 0.03888888888888889 0.021875
0 0.46944444444444444 0.08046875 0.0375 0.021875
0 0.14722222222222223 0.07890625 0.05 0.02890625
0 0.7458333333333333 0.07421875 0.04027777777777778 0.02421875
0 0.35138888888888886 0.06796875 0.058333333333333334 0.021875
0 0.28888888888888886 0.06328125 0.0375 0.01875
0 0.0625 0.05703125 0.05138888888888889 0.0296875
0 0.7777777777777778 0.04296875 0.041666666666666664 0.021875
0 0.9180555555555555 0.025 0.04861111111111111 0.02578125
0 0.1125 0.00078125 0.07222222222222222 0.06171875
