0 0.25416666666666665 0.75625 0.034722222222222224 0.01796875
0 0.0125 0.73984375 0.04722222222222222 0.03203125
0 0.4361111111111111 0.7375 0.022222222222222223 0.02109375
0 0.4652777777777778 0.7359375 0.03611111111111111 0.02578125
0 0.23194444444444445 0.72109375 0.04861111111111111 0.028125
0 0.1763888888888889 0.70390625 0.04583333333333333 0.03046875
0 0.004166666666666667 0.703125 0.05277777777777778 0.02890625
0 0.7069444444444445 0.69140625 0.05138888888888889 0.02265625
0 0.5 0.68671875 0.02638888888888889 0.01484375
0 0.40694444444444444 0.66484375 0.043055555555555555 0.01875
0 0.6777777777777778 0.6625 0.04583333333333333 0.034375
0 0.5930555555555556 0.65859375 0.04583333333333333 0.0234375
0 0.7222222222222222 0.65078125 0.05 0.01875
0 0.5305555555555556 0.63671875 0.05416666666666667 0.02578125
0 0.9555555555555556 0.634375 0.044444444444444446 0.02109375
0 0.46944444444444444 0.6234375 0.0375 0.015625
0 0.6125 0.6078125 0.05555555555555555 0.02734375
0 0.002777777777777778 0.56484375 0.05416666666666667 0.02578125
0 0.475 0.56015625 0.020833333333333332 0.01328125
0 0.06805555555555555 0.55859375 0.04861111111111111 0.03671875
0 0.5416666666666666 0.540625 0.04583333333333333 0.028125
0 0.5736111111111111 0.53203125 0.04722222222222222 0.025
0 0.02361111111111111 0.5234375 0.07777777777777778 0.03359375
0 0.5513888888888889 0.503125 0.043055555555555555 0.0265625
0 0.49722222222222223 0.5015625 0.04027777777777778 0.01875
0 0.42916666666666664 0.47734375 0.07777777777777778 0.0390625
0 0.5569444444444445 0.46484375 0.03888888888888889 0.02578125
0 0.5041666666666667 0.45 0.02638888888888889 0.0203125
0 0.4930555555555556 0.42578125 0.06388888888888888 0.0203125
0 0.002777777777777778 0.2203125 0.08888888888888889 0.0484375
