0 0.4486111111111111 0.76015625 0.06388888888888888 0.02734375
0 0.41944444444444445 0.7 0.059722222222222225 0.034375
0 0.2625 0.67265625 0.034722222222222224 0.0171875
0 0.1527777777777778 0.61875 0.05 0.0265625
0 0.034722222222222224 0.61796875 0.029166666666666667 0.0109375
0 0.3263888888888889 0.5734375 0.09722222222222222 0.04140625
0 0.4222222222222222 0.56796875 0.029166666666666667 0.0109375
0 0.23333333333333334 0.5375 0.07777777777777778 0.04921875
0 0.6541666666666667 0.5171875 0.03194444444444444 0.01484375
0 0.28888888888888886 0.5078125 0.05277777777777778 0.02890625
0 0.29305555555555557 0.48359375 0.02638888888888889 0.0171875
0 0.35138888888888886 0.46640625 0.013888888888888888 0.0203125
0 0.5486111111111112 0.4609375 0.06666666666666667 0.03046875
0 0.22361111111111112 0.45703125 0.0763888888888889 0.0234375
0 0.38055555555555554 0.44453125 0.12222222222222222 0.046875
0 0.001388888888888889 0.4390625 0.044444444444444446 0.02890625
0 0.24722222222222223 0.43203125 0.04583333333333333 0.02421875
0 0.35 0.43046875 0.043055555555555555 0.021875
0 0.2222222222222222 0.42578125 0.02638888888888889 0.02109375
0 0.15555555555555556 0.4171875 0.04583333333333333 0.02890625
0 0.28194444444444444 0.40078125 0.013888888888888888 0.01953125
0 0.08611111111111111 0.37109375 0.058333333333333334 0.028125
0 0.35694444444444445 0.36796875 0.08611111111111111 0.03125
0 0.9166666666666666 0.36640625 0.08333333333333333 0.04921875
0 0.49166666666666664 0.2515625 0.08611111111111111 0.04296875
0 0.3736111111111111 0.2375 0.05138888888888889 0.02265625
0 0.9097222222222222 0.21640625 0.09027777777777778 0.05
0 0.24583333333333332 0.18203125 0.10138888888888889 0.0578125
0 0.1875 0.17265625 0.043055555555555555 0.00859375
0 0.4708333333333333 0.1515625 0.05555555555555555 0.02421875
0 0.2708333333333333 0.1375 0.05555555555555555 0.03984375
0 0.25555555555555554 0.11015625 0.04583333333333333 0.0203125
0 0.42777777777777776 0.109375 0.030555555555555555 0.01484375
0 0.44583333333333336 0.06953125 0.04027777777777778 0.03203125
0 0.36666666666666664 0.06640625 0.05694444444444444 0.0375
0 0.39166666666666666 0.0421875 0.043055555555555555 0.02109375
0 0.45416666666666666 0.03828125 0.03611111111111111 0.03125
