0 0.5083333333333333 0.6375 0.05 0.0234375
0 0.22083333333333333 0.62890625 0.07222222222222222 0.03359375
0 0.5486111111111112 0.61796875 0.03888888888888889 0.03046875
0 0.08888888888888889 0.5859375 0.030555555555555555 0.0125
0 0.2875 0.5828125 0.029166666666666667 0.01875
0 0.31527777777777777 0.5671875 0.05 0.03203125
0 0.06666666666666667 0.55703125 0.034722222222222224 0.021875
0 0.6347222222222222 0.54375 0.030555555555555555 0.02421875
0 0.6638888888888889 0.540625 0.041666666666666664 0.028125
0 0.49444444444444446 0.51953125 0.041666666666666664 0.021875
0 0.3236111111111111 0.5078125 0.05138888888888889 0.03359375
0 0.7680555555555556 0.50625 0.04861111111111111 0.02421875
0 0.004166666666666667 0.39921875 0.02361111111111111 0.0171875
0 0.2125 0.3984375 0.041666666666666664 0.02265625
0 0.3958333333333333 0.38359375 0.05416666666666667 0.0328125
0 0.2652777777777778 0.37890625 0.05138888888888889 0.02421875
0 0.08194444444444444 0.35390625 0.02638888888888889 0.021875
0 0.19027777777777777 0.34375 0.03611111111111111 0.021875
0 0.058333333333333334 0.3390625 0.027777777777777776 0.0171875
0 0.008333333333333333 0.33671875 0.07222222222222222 0.03984375
0 0.22777777777777777 0.3359375 0.034722222222222224 0.01796875
0 0.39444444444444443 0.2984375 0.05 0.02109375
0 0.4361111111111111 0.18203125 0.05277777777777778 0.0296875
