0 0.9819444444444444 0.54921875 0.018055555555555554 0.02265625
0 0.7472222222222222 0.50234375 0.02638888888888889 0.0109375
0 0.6736111111111112 0.49921875 0.08333333333333333 0.05
0 0.34444444444444444 0.484375 0.03611111111111111 0.02109375
0 0.7736111111111111 0.48203125 0.04722222222222222 0.02421875
0 0.9416666666666667 0.471875 0.058333333333333334 0.0421875
0 0.20972222222222223 0.47109375 0.034722222222222224 0.025
0 0.32916666666666666 0.465625 0.025 0.01796875
0 0.5111111111111111 0.4640625 0.043055555555555555 0.02421875
0 0.0763888888888889 0.459375 0.05138888888888889 0.0328125
0 0.14722222222222223 0.4578125 0.03194444444444444 0.0234375
0 0.9291666666666667 0.45625 0.029166666666666667 0.01171875
0 0.3680555555555556 0.4546875 0.03888888888888889 0.02109375
0 0.8402777777777778 0.44375 0.05694444444444444 0.03515625
0 0.3763888888888889 0.43203125 0.03194444444444444 0.01328125
0 0.20694444444444443 0.40234375 0.03194444444444444 0.0140625
0 0.35694444444444445 0.38671875 0.02638888888888889 0.01171875
0 0.30972222222222223 0.38671875 0.029166666666666667 0.0125
0 0.16527777777777777 0.37109375 0.034722222222222224 0.01875
0 0.3638888888888889 0.36796875 0.018055555555555554 0.01484375
0 0.15694444444444444 0.35703125 0.018055555555555554 0.01171875
0 0.175 0.32109375 0.03333333333333333 0.01640625
0 0.06388888888888888 0.31953125 0.02638888888888889 0.0125
0 0.9444444444444444 0.31796875 0.029166666666666667 0.01328125
0 0.11805555555555555 0.3171875 0.0375 0.0203125
0 0.3416666666666667 0.3109375 0.03333333333333333 0.0171875
0 0.0375 0.3078125 0.0375 0.01484375
0 0.3 0.3 0.034722222222222224 0.015625
0 0.8388888888888889 0.29609375 0.08611111111111111 0.03125
0 0.020833333333333332 0.29375 0.019444444444444445 0.01640625
0 0.7430555555555556 0.2875 0.07916666666666666 0.040625
0 0.001388888888888889 0.2703125 0.016666666666666666 0.01640625
0 0.04027777777777778 0.2625 0.034722222222222224 0.0203125
0 0.001388888888888889 0.19921875 0.020833333333333332 0.01875
0 0.6916666666666667 0.1796875 0.08611111111111111 0.03046875
0 0.9388888888888889 0.17734375 0.06111111111111111 0.0328125
0 0.9263888888888889 0.14765625 0.07361111111111111 0.0375
0 0.0 0.14140625 0.02638888888888889 0.02109375
