0 0.16944444444444445 0.7109375 0.0375 0.025
0 0.3388888888888889 0.67890625 0.0375 0.021875
0 0.15833333333333333 0.621875 0.02361111111111111 0.021875
0 0.058333333333333334 0.49453125 0.03333333333333333 0.01640625
0 0.001388888888888889 0.47890625 0.016666666666666666 0.0125
0 0.0 0.4546875 0.03194444444444444 0.02265625
0 0.6166666666666667 0.45078125 0.034722222222222224 0.01640625
0 0.6027777777777777 0.446875 0.018055555555555554 0.00859375
0 0.08888888888888889 0.396875 0.030555555555555555 0.01796875
0 0.0 0.36328125 0.019444444444444445 0.01640625
0 0.09027777777777778 0.35 0.022222222222222223 0.01640625
0 0.008333333333333333 0.3234375 0.07777777777777778 0.0328125
0 0.06805555555555555 0.3125 0.03888888888888889 0.02890625
0 0.001388888888888889 0.26484375 0.0375 0.03828125
0 0.5847222222222223 0.209375 0.0875 0.03984375
0 0.06805555555555555 0.20546875 0.041666666666666664 0.02421875
0 0.002777777777777778 0.15859375 0.018055555555555554 0.02578125
0 0.5819444444444445 0.14140625 0.03194444444444444 0.02109375
0 0.4125 0.11953125 0.03888888888888889 0.02265625
0 0.3680555555555556 0.065625 0.11805555555555555 0.04453125
0 0.37916666666666665 0.05859375 0.04722222222222222 0.021875
