0 0.6319444444444444 0.94609375 0.034722222222222224 0.03046875
0 0.48194444444444445 0.9390625 0.05277777777777778 0.0453125
0 0.4444444444444444 0.93203125 0.05277777777777778 0.03984375
0 0.9333333333333333 0.903125 0.029166666666666667 0.021875
0 0.8347222222222223 0.90078125 0.075 0.02890625
0 0.03888888888888889 0.86796875 0.06111111111111111 0.0328125
0 0.5986111111111111 0.8546875 0.029166666666666667 0.015625
0 0.5111111111111111 0.83984375 0.04861111111111111 0.0140625
0 0.4486111111111111 0.83125 0.044444444444444446 0.01171875
0 0.005555555555555556 0.80078125 0.029166666666666667 0.015625
0 0.44166666666666665 0.796875 0.034722222222222224 0.0234375
0 0.28194444444444444 0.7875 0.03611111111111111 0.02265625
0 0.38472222222222224 0.78203125 0.04583333333333333 0.02109375
0 0.08333333333333333 0.7578125 0.05416666666666667 0.028125
0 0.35555555555555557 0.75390625 0.04583333333333333 0.0234375
0 0.4666666666666667 0.7484375 0.03888888888888889 0.0171875
0 0.49166666666666664 0.734375 0.022222222222222223 0.01328125
0 0.4125 0.73125 0.0625 0.03515625
0 0.36944444444444446 0.71796875 0.03194444444444444 0.01640625
0 0.23472222222222222 0.71484375 0.0625 0.040625
0 0.3736111111111111 0.69296875 0.022222222222222223 0.01640625
0 0.5638888888888889 0.6828125 0.034722222222222224 0.0203125
0 0.6375 0.6765625 0.029166666666666667 0.0203125
0 0.47638888888888886 0.66953125 0.07222222222222222 0.040625
0 0.37083333333333335 0.66484375 0.03611111111111111 0.01875
0 0.5208333333333334 0.6515625 0.027777777777777776 0.01796875
0 0.31666666666666665 0.6390625 0.06666666666666667 0.028125
0 0.5625 0.62421875 0.027777777777777776 0.028125
0 0.4305555555555556 0.6171875 0.06944444444444445 0.03359375
0 0.39166666666666666 0.6015625 0.027777777777777776 0.01953125
0 0.35555555555555557 0.5953125 0.034722222222222224 0.0234375
0 0.6625 0.56640625 0.022222222222222223 0.01171875
0 0.3541666666666667 0.5515625 0.030555555555555555 0.028125
0 0.5986111111111111 0.55078125 0.04722222222222222 0.02578125
0 0.4736111111111111 0.5453125 0.059722222222222225 0.03359375
0 0.21388888888888888 0.44765625 0.07916666666666666 0.03359375
0 0.24583333333333332 0.4203125 0.019444444444444445 0.021875
0 0.4597222222222222 0.40390625 0.05694444444444444 0.0234375
0 0.20972222222222223 0.340625 0.05694444444444444 0.03359375
0 0.36944444444444446 0.2875 0.05694444444444444 0.02578125
0 0.30694444444444446 0.284375 0.06111111111111111 0.0265625
0 0.2902777777777778 0.275 0.022222222222222223 0.0109375
0 0.3125 0.25390625 0.05555555555555555 0.0234375
