0 0.7222222222222222 0.6671875 0.058333333333333334 0.03203125
0 0.46111111111111114 0.65390625 0.027777777777777776 0.01953125
0 0.7833333333333333 0.6265625 0.05694444444444444 0.0265625
0 0.2986111111111111 0.6078125 0.041666666666666664 0.01796875
0 0.5152777777777777 0.5953125 0.03888888888888889 0.040625
0 0.6722222222222223 0.5828125 0.07083333333333333 0.06015625
0 0.2611111111111111 0.58046875 0.03194444444444444 0.0171875
0 0.39444444444444443 0.565625 0.05 0.0390625
0 0.45555555555555555 0.55546875 0.05277777777777778 0.040625
0 0.5430555555555555 0.55 0.05694444444444444 0.03125
0 0.7597222222222222 0.53984375 0.0875 0.03984375
0 0.3819444444444444 0.5375 0.05138888888888889 0.02734375
0 0.6236111111111111 0.52578125 0.04583333333333333 0.0265625
0 0.8305555555555556 0.51328125 0.04583333333333333 0.028125
0 0.9125 0.50390625 0.041666666666666664 0.01875
0 0.6125 0.5015625 0.029166666666666667 0.01796875
0 0.0 0.4984375 0.0375 0.03046875
0 0.39861111111111114 0.4875 0.059722222222222225 0.03515625
0 0.9305555555555556 0.4765625 0.06388888888888888 0.028125
0 0.7375 0.46640625 0.06527777777777778 0.0359375
0 0.8569444444444444 0.46328125 0.03194444444444444 0.01953125
0 0.6694444444444444 0.459375 0.04861111111111111 0.02734375
0 0.10555555555555556 0.45078125 0.043055555555555555 0.01953125
0 0.6152777777777778 0.44375 0.029166666666666667 0.015625
0 0.8777777777777778 0.434375 0.07361111111111111 0.05859375
0 0.6930555555555555 0.42421875 0.03194444444444444 0.01484375
0 0.6291666666666667 0.4 0.06111111111111111 0.021875
0 0.4986111111111111 0.3984375 0.027777777777777776 0.01640625
0 0.8513888888888889 0.39609375 0.025 0.01640625
0 0.9083333333333333 0.39140625 0.0375 0.0125
0 0.7625 0.378125 0.02361111111111111 0.01171875
0 0.6208333333333333 0.37578125 0.02361111111111111 0.01484375
0 0.8055555555555556 0.3671875 0.03611111111111111 0.015625
0 0.4 0.36171875 0.030555555555555555 0.0140625
0 0.1125 0.35625 0.07916666666666666 0.04140625
0 0.46111111111111114 0.35234375 0.0375 0.01875
0 0.5541666666666667 0.34296875 0.03194444444444444 0.02421875
0 0.001388888888888889 0.33984375 0.044444444444444446 0.04609375
0 0.5097222222222222 0.3375 0.03194444444444444 0.0125
0 0.24305555555555555 0.3375 0.04027777777777778 0.01796875
0 0.37083333333333335 0.3328125 0.0375 0.0265625
0 0.9222222222222223 0.32734375 0.03611111111111111 0.0171875
0 0.17083333333333334 0.31328125 0.0375 0.0171875
0 0.009722222222222222 0.3109375 0.058333333333333334 0.0328125
0 0.09166666666666666 0.296875 0.02638888888888889 0.015625
0 0.29305555555555557 0.290625 0.08472222222222223 0.040625
0 0.4930555555555556 0.28203125 0.041666666666666664 0.02265625
0 0.02361111111111111 0.28125 0.04027777777777778 0.0234375
0 0.12777777777777777 0.2765625 0.05416666666666667 0.028125
0 0.875 0.26875 0.03333333333333333 0.0234375
0 0.9208333333333333 0.24921875 0.07222222222222222 0.0328125
0 0.37916666666666665 0.234375 0.04027777777777778 0.03671875
0 0.3 0.22734375 0.04027777777777778 0.02109375
0 0.9333333333333333 0.2265625 0.03611111111111111 0.01953125
0 0.18472222222222223 0.2265625 0.05277777777777778 0.03046875
0 0.5930555555555556 0.22578125 0.034722222222222224 0.01953125
0 0.9833333333333333 0.2234375 0.015277777777777777 0.02265625
0 0.7416666666666667 0.2140625 0.044444444444444446 0.02265625
0 0.5444444444444444 0.2125 0.043055555555555555 0.02421875
0 0.6722222222222223 0.20390625 0.04027777777777778 0.0234375
0 0.43472222222222223 0.2015625 0.07083333333333333 0.0484375
0 0.04722222222222222 0.20078125 0.022222222222222223 0.0140625
0 0.4083333333333333 0.19765625 0.03611111111111111 0.0234375
0 0.32916666666666666 0.190625 0.07083333333333333 0.028125
0 0.0125 0.17578125 0.030555555555555555 0.01875
0 0.9736111111111111 0.17265625 0.025 0.01640625
0 0.17083333333333334 0.17109375 0.05138888888888889 0.034375
0 0.06944444444444445 0.17109375 0.0375 0.01875
0 0.5930555555555556 0.1625 0.03611111111111111 0.0234375
0 0.9041666666666667 0.1609375 0.03194444444444444 0.01640625
0 0.7152777777777778 0.159375 0.18611111111111112 0.059375
0 0.4736111111111111 0.15859375 0.022222222222222223 0.0234375
0 0.6513888888888889 0.15625 0.05 0.02578125
0 0.10416666666666667 0.14375 0.03333333333333333 0.0203125
0 0.029166666666666667 0.140625 0.041666666666666664 0.01953125
0 0.8944444444444445 0.13515625 0.08611111111111111 0.03046875
0 0.5597222222222222 0.134375 0.043055555555555555 0.02421875
0 0.6444444444444445 0.11796875 0.04722222222222222 0.0265625
0 0.016666666666666666 0.1046875 0.020833333333333332 0.015625
0 0.12638888888888888 0.10390625 0.043055555555555555 0.028125
0 0.001388888888888889 0.06875 0.07777777777777778 0.034375
0 0.11388888888888889 0.053125 0.1375 0.0765625
0 0.004166666666666667 0.03515625 0.07083333333333333 0.02890625
0 0.09583333333333334 0.034375 0.034722222222222224 0.0234375
0 0.06111111111111111 0.0078125 0.029166666666666667 0.01796875
