0 0.30694444444444446 0.6390625 0.05416666666666667 0.03125
0 0.2152777777777778 0.5546875 0.05555555555555555 0.0296875
0 0.5805555555555556 0.53359375 0.10277777777777777 0.07109375
0 0.2777777777777778 0.52734375 0.05555555555555555 0.02265625
0 0.9166666666666666 0.52265625 0.06527777777777778 0.03515625
0 0.6666666666666666 0.50234375 0.05277777777777778 0.025
0 0.16805555555555557 0.48359375 0.07777777777777778 0.03984375
0 0.2222222222222222 0.46796875 0.05 0.03515625
0 0.26805555555555555 0.465625 0.05555555555555555 0.02890625
0 0.15555555555555556 0.4484375 0.05694444444444444 0.03203125
0 0.5763888888888888 0.446875 0.10694444444444444 0.0484375
0 0.20694444444444443 0.42578125 0.06111111111111111 0.0296875
0 0.1527777777777778 0.35703125 0.0625 0.034375
0 0.10833333333333334 0.25078125 0.07777777777777778 0.05625
0 0.34444444444444444 0.0734375 0.06805555555555555 0.04609375
