0 0.1625 0.70546875 0.07083333333333333 0.02265625
0 0.13333333333333333 0.67421875 0.05138888888888889 0.0328125
0 0.059722222222222225 0.6734375 0.044444444444444446 0.0265625
0 0.11944444444444445 0.67265625 0.018055555555555554 0.0125
0 0.2013888888888889 0.659375 0.05555555555555555 0.01953125
0 0.4888888888888889 0.65234375 0.027777777777777776 0.0140625
0 0.0 0.64921875 0.05555555555555555 0.034375
0 0.5166666666666667 0.646875 0.02361111111111111 0.01953125
0 0.9055555555555556 0.640625 0.04027777777777778 0.0171875
0 0.6236111111111111 0.6375 0.043055555555555555 0.01953125
0 0.8194444444444444 0.63125 0.0375 0.021875
0 0.5041666666666667 0.6265625 0.03194444444444444 0.0140625
0 0.075 0.61953125 0.05555555555555555 0.0265625
0 0.5361111111111111 0.6125 0.04583333333333333 0.03359375
0 0.7166666666666667 0.609375 0.034722222222222224 0.015625
0 0.7944444444444444 0.60078125 0.07777777777777778 0.034375
0 0.6194444444444445 0.5796875 0.044444444444444446 0.0171875
0 0.7402777777777778 0.56953125 0.025 0.01328125
0 0.6972222222222222 0.56015625 0.04861111111111111 0.04765625
0 0.8319444444444445 0.54609375 0.04722222222222222 0.021875
0 0.001388888888888889 0.53515625 0.06111111111111111 0.040625
0 0.8069444444444445 0.52578125 0.03194444444444444 0.0234375
0 0.8611111111111112 0.51328125 0.030555555555555555 0.01640625
0 0.0 0.5078125 0.058333333333333334 0.02734375
0 0.7402777777777778 0.49296875 0.020833333333333332 0.01875
0 0.002777777777777778 0.4671875 0.041666666666666664 0.0265625
0 0.6652777777777777 0.43671875 0.07083333333333333 0.03515625
0 0.8069444444444445 0.43125 0.020833333333333332 0.01640625
0 0.7611111111111111 0.428125 0.020833333333333332 0.0125
