0 0.008333333333333333 0.60390625 0.044444444444444446 0.021875
0 0.029166666666666667 0.56875 0.0875 0.03125
0 0.3527777777777778 0.52890625 0.05277777777777778 0.02578125
0 0.6972222222222222 0.5234375 0.06944444444444445 0.03046875
0 0.3013888888888889 0.50625 0.04583333333333333 0.025
0 0.5069444444444444 0.5046875 0.06527777777777778 0.0328125
0 0.5930555555555556 0.503125 0.05138888888888889 0.02421875
0 0.8083333333333333 0.490625 0.04722222222222222 0.02890625
0 0.2916666666666667 0.4765625 0.04722222222222222 0.028125
0 0.6291666666666667 0.46484375 0.044444444444444446 0.0234375
0 0.2013888888888889 0.42578125 0.041666666666666664 0.0171875
0 0.5180555555555556 0.42109375 0.03194444444444444 0.01640625
0 0.16527777777777777 0.42109375 0.02638888888888889 0.01640625
0 0.6486111111111111 0.4015625 0.044444444444444446 0.0171875
0 0.7069444444444445 0.4 0.020833333333333332 0.01328125
0 0.5638888888888889 0.3953125 0.043055555555555555 0.02109375
0 0.24722222222222223 0.38671875 0.029166666666666667 0.01484375
0 0.20972222222222223 0.384375 0.03611111111111111 0.01796875
0 0.6527777777777778 0.38125 0.029166666666666667 0.0171875
0 0.55 0.38046875 0.03194444444444444 0.0109375
0 0.11527777777777778 0.37890625 0.0375 0.02421875
0 0.16111111111111112 0.375 0.022222222222222223 0.009375
0 0.19027777777777777 0.37421875 0.027777777777777776 0.009375
0 0.08472222222222223 0.35859375 0.03194444444444444 0.0125
0 0.15555555555555556 0.346875 0.041666666666666664 0.0234375
0 0.5694444444444444 0.3375 0.03194444444444444 0.0171875
0 0.35833333333333334 0.3359375 0.018055555555555554 0.00859375
0 0.5166666666666667 0.33515625 0.04027777777777778 0.01953125
0 0.11944444444444445 0.33515625 0.030555555555555555 0.01953125
0 0.35138888888888886 0.3203125 0.02638888888888889 0.0125
0 0.6972222222222222 0.31796875 0.0375 0.0203125
0 0.29583333333333334 0.303125 0.044444444444444446 0.03359375
0 0.12777777777777777 0.30234375 0.043055555555555555 0.01484375
0 0.3402777777777778 0.27265625 0.04027777777777778 0.01796875
0 0.06388888888888888 0.24296875 0.025 0.01171875
0 0.03611111111111111 0.225 0.03194444444444444 0.01484375
0 0.12777777777777777 0.20703125 0.030555555555555555 0.0203125
0 0.3902777777777778 0.19453125 0.02361111111111111 0.015625
0 0.33194444444444443 0.19453125 0.03194444444444444 0.02265625
0 0.001388888888888889 0.19453125 0.02638888888888889 0.01875
0 0.24166666666666667 0.19375 0.029166666666666667 0.0171875
0 0.034722222222222224 0.18515625 0.03194444444444444 0.01875
0 0.2861111111111111 0.171875 0.06666666666666667 0.02578125
0 0.12361111111111112 0.16640625 0.034722222222222224 0.021875
0 0.28055555555555556 0.14921875 0.03194444444444444 0.021875
0 0.20694444444444443 0.14375 0.044444444444444446 0.02265625
0 0.02361111111111111 0.140625 0.0375 0.01953125
0 0.13194444444444445 0.1375 0.025 0.01484375
0 0.1763888888888889 0.13671875 0.03194444444444444 0.0203125
0 0.09027777777777778 0.13359375 0.03888888888888889 0.025
0 0.3194444444444444 0.12890625 0.027777777777777776 0.02109375
0 0.06944444444444445 0.12890625 0.030555555555555555 0.02265625
0 0.22916666666666666 0.12734375 0.03611111111111111 0.0171875
0 0.018055555555555554 0.115625 0.030555555555555555 0.015625
0 0.06388888888888888 0.109375 0.025 0.01640625
0 0.2 0.10078125 0.041666666666666664 0.02109375
0 0.02638888888888889 0.08671875 0.03333333333333333 0.01875
0 0.006944444444444444 0.084375 0.016666666666666666 0.01875
0 0.05 0.05859375 0.03888888888888889 0.02265625
