0 0.48194444444444445 0.796875 0.03888888888888889 0.01796875
0 0.4666666666666667 0.753125 0.027777777777777776 0.0140625
0 0.34305555555555556 0.74921875 0.034722222222222224 0.0171875
0 0.3125 0.7 0.03194444444444444 0.01640625
0 0.975 0.6890625 0.025 0.02265625
0 0.13055555555555556 0.6875 0.041666666666666664 0.015625
0 0.16944444444444445 0.675 0.03611111111111111 0.0171875
0 0.005555555555555556 0.66796875 0.0375 0.015625
0 0.5694444444444444 0.6640625 0.044444444444444446 0.02109375
0 0.4 0.65859375 0.034722222222222224 0.0125
0 0.725 0.65078125 0.03611111111111111 0.0140625
0 0.03194444444444444 0.64765625 0.06944444444444445 0.040625
0 0.10694444444444444 0.628125 0.030555555555555555 0.01796875
0 0.4652777777777778 0.62578125 0.022222222222222223 0.01171875
0 0.5388888888888889 0.58515625 0.04583333333333333 0.0203125
0 0.1986111111111111 0.50390625 0.027777777777777776 0.0125
0 0.12638888888888888 0.4984375 0.0375 0.02421875
0 0.24027777777777778 0.4953125 0.07083333333333333 0.0390625
0 0.13055555555555556 0.47421875 0.041666666666666664 0.02109375
0 0.08611111111111111 0.46796875 0.043055555555555555 0.03046875
0 0.175 0.4625 0.05138888888888889 0.028125
0 0.2513888888888889 0.45 0.041666666666666664 0.021875
0 0.17777777777777778 0.4390625 0.030555555555555555 0.0234375
0 0.7930555555555555 0.43515625 0.05555555555555555 0.0296875
0 0.2861111111111111 0.43515625 0.02638888888888889 0.01796875
0 0.38472222222222224 0.4328125 0.030555555555555555 0.015625
0 0.925 0.42578125 0.03611111111111111 0.0234375
0 0.31805555555555554 0.409375 0.03194444444444444 0.015625
0 0.17777777777777778 0.4046875 0.04722222222222222 0.02578125
0 0.39305555555555555 0.40234375 0.019444444444444445 0.01484375
0 0.9611111111111111 0.39375 0.030555555555555555 0.01953125
0 0.3333333333333333 0.3875 0.044444444444444446 0.0203125
0 0.7819444444444444 0.38671875 0.04027777777777778 0.0296875
0 0.6430555555555556 0.3828125 0.041666666666666664 0.0265625
0 0.4111111111111111 0.37578125 0.025 0.01796875
0 0.21388888888888888 0.346875 0.05138888888888889 0.025
0 0.15138888888888888 0.33515625 0.05138888888888889 0.03046875
0 0.25416666666666665 0.27734375 0.029166666666666667 0.0140625
0 0.8361111111111111 0.25625 0.05555555555555555 0.03046875
0 0.6111111111111112 0.2375 0.07361111111111111 0.0328125
0 0.18611111111111112 0.2375 0.019444444444444445 0.0109375
0 0.7125 0.221875 0.05277777777777778 0.02109375
0 0.2388888888888889 0.19609375 0.06527777777777778 0.0171875
0 0.16527777777777777 0.1953125 0.06666666666666667 0.03515625
0 0.7791666666666667 0.15625 0.03194444444444444 0.02265625
0 0.8138888888888889 0.1421875 0.04027777777777778 0.0234375
0 0.7541666666666667 0.109375 0.05 0.0453125
0 0.8180555555555555 0.0921875 0.03611111111111111 0.03046875
