0 0.46805555555555556 0.853125 0.043055555555555555 0.03125
0 0.5277777777777778 0.8484375 0.04583333333333333 0.0328125
0 0.9180555555555555 0.8109375 0.03333333333333333 0.0140625
0 0.8583333333333333 0.809375 0.05 0.02109375
0 0.31666666666666665 0.77265625 0.02361111111111111 0.0234375
0 0.4083333333333333 0.7578125 0.059722222222222225 0.04375
0 0.3861111111111111 0.72109375 0.041666666666666664 0.03046875
0 0.4861111111111111 0.71015625 0.05277777777777778 0.03359375
0 0.3902777777777778 0.64296875 0.06388888888888888 0.02890625
0 0.42777777777777776 0.6328125 0.06805555555555555 0.021875
0 0.2013888888888889 0.60234375 0.04027777777777778 0.0203125
0 0.2652777777777778 0.58828125 0.043055555555555555 0.02109375
0 0.4222222222222222 0.57109375 0.04027777777777778 0.01640625
0 0.12777777777777777 0.5703125 0.03611111111111111 0.0203125
0 0.2361111111111111 0.565625 0.05277777777777778 0.0296875
0 0.30833333333333335 0.55390625 0.03611111111111111 0.03515625
0 0.4513888888888889 0.5421875 0.03611111111111111 0.02421875
0 0.5125 0.53125 0.025 0.0171875
0 0.9638888888888889 0.50625 0.03194444444444444 0.028125
0 0.44583333333333336 0.5015625 0.041666666666666664 0.02265625
0 0.22361111111111112 0.4984375 0.04722222222222222 0.03046875
0 0.16805555555555557 0.49296875 0.05416666666666667 0.0265625
0 0.4222222222222222 0.48359375 0.04722222222222222 0.02109375
0 0.19305555555555556 0.46171875 0.05555555555555555 0.021875
0 0.6194444444444445 0.4375 0.030555555555555555 0.025
0 0.29305555555555557 0.4359375 0.044444444444444446 0.021875
0 0.5208333333333334 0.41953125 0.08611111111111111 0.05234375
0 0.3763888888888889 0.3671875 0.04583333333333333 0.02578125
0 0.11527777777777778 0.36640625 0.03611111111111111 0.0140625
0 0.6097222222222223 0.33203125 0.04027777777777778 0.0203125
0 0.4222222222222222 0.3234375 0.04861111111111111 0.03125
0 0.5972222222222222 0.31796875 0.04027777777777778 0.02109375
0 0.43472222222222223 0.31328125 0.04861111111111111 0.01640625
0 0.5263888888888889 0.28671875 0.04027777777777778 0.0234375
0 0.2361111111111111 0.26953125 0.07083333333333333 0.0328125
0 0.42083333333333334 0.24609375 0.044444444444444446 0.02265625
0 0.3194444444444444 0.2296875 0.02638888888888889 0.0234375
0 0.4527777777777778 0.2171875 0.034722222222222224 0.02109375
0 0.3611111111111111 0.203125 0.05138888888888889 0.02890625
0 0.4013888888888889 0.18671875 0.04583333333333333 0.02578125
0 0.3 0.17109375 0.044444444444444446 0.0265625
0 0.43472222222222223 0.16875 0.03611111111111111 0.02734375
0 0.36666666666666664 0.1625 0.03611111111111111 0.0171875
0 0.38333333333333336 0.12734375 0.0625 0.028125
0 0.32222222222222224 0.1 0.0625 0.0484375
0 0.36527777777777776 0.05546875 0.10833333333333334 0.05234375
0 0.4 0.04453125 0.043055555555555555 0.025
