0 0.8069444444444445 0.83828125 0.04861111111111111 0.03515625
0 0.8652777777777778 0.83515625 0.043055555555555555 0.021875
0 0.7152777777777778 0.77265625 0.041666666666666664 0.02421875
0 0.002777777777777778 0.74296875 0.041666666666666664 0.02578125
0 0.8361111111111111 0.728125 0.044444444444444446 0.01796875
0 0.5805555555555556 0.71953125 0.029166666666666667 0.021875
0 0.4486111111111111 0.70703125 0.043055555555555555 0.0265625
0 0.6138888888888889 0.70390625 0.03333333333333333 0.01953125
0 0.08888888888888889 0.70234375 0.08611111111111111 0.02890625
0 0.7583333333333333 0.67421875 0.03333333333333333 0.0125
0 0.09027777777777778 0.66875 0.05416666666666667 0.02578125
0 0.5763888888888888 0.65546875 0.05138888888888889 0.021875
0 0.6472222222222223 0.65390625 0.04861111111111111 0.04921875
0 0.5194444444444445 0.65078125 0.025 0.01484375
0 0.09861111111111111 0.6421875 0.04861111111111111 0.02421875
0 0.25972222222222224 0.63515625 0.027777777777777776 0.01640625
0 0.5458333333333333 0.634375 0.030555555555555555 0.02734375
0 0.3763888888888889 0.6296875 0.019444444444444445 0.01796875
0 0.5208333333333334 0.56953125 0.034722222222222224 0.021875
0 0.6541666666666667 0.55546875 0.04861111111111111 0.025
0 0.6930555555555555 0.521875 0.03888888888888889 0.0265625
0 0.6097222222222223 0.49765625 0.08611111111111111 0.03515625
0 0.5569444444444445 0.49296875 0.03333333333333333 0.02265625
0 0.2111111111111111 0.49296875 0.04027777777777778 0.0171875
0 0.17083333333333334 0.490625 0.03888888888888889 0.0171875
0 0.043055555555555555 0.4765625 0.05694444444444444 0.0484375
0 0.1111111111111111 0.45 0.07083333333333333 0.0390625
0 0.06666666666666667 0.42890625 0.044444444444444446 0.0265625
