0 0.08333333333333333 0.89140625 0.0375 0.02265625
0 0.3138888888888889 0.87734375 0.043055555555555555 0.025
0 0.3194444444444444 0.83046875 0.044444444444444446 0.03203125
0 0.10833333333333334 0.80234375 0.04722222222222222 0.0296875
0 0.26944444444444443 0.7671875 0.11666666666666667 0.04609375
0 0.5680555555555555 0.72421875 0.025 0.01796875
0 0.21666666666666667 0.66015625 0.08333333333333333 0.03984375
0 0.3125 0.63671875 0.05138888888888889 0.028125
0 0.31527777777777777 0.58671875 0.06111111111111111 0.02890625
0 0.2652777777777778 0.57890625 0.06388888888888888 0.0609375
0 0.19166666666666668 0.5765625 0.0375 0.021875
0 0.34444444444444444 0.5015625 0.03888888888888889 0.01875
0 0.6944444444444444 0.4953125 0.05 0.0296875
0 0.2791666666666667 0.46484375 0.03888888888888889 0.0265625
0 0.20833333333333334 0.42734375 0.07222222222222222 0.09765625
0 0.28888888888888886 0.40078125 0.05694444444444444 0.0453125
0 0.5333333333333333 0.39609375 0.11944444444444445 0.0453125
0 0.45694444444444443 0.38984375 0.07361111111111111 0.0453125
0 0.46111111111111114 0.36328125 0.03194444444444444 0.0140625
0 0.44027777777777777 0.3140625 0.06388888888888888 0.03671875
0 0.5041666666666667 0.2921875 0.05416666666666667 0.03671875
0 0.2875 0.2828125 0.0625 0.03125
0 0.31666666666666665 0.246875 0.05 0.0234375
0 0.3902777777777778 0.140625 0.09444444444444444 0.04609375
0 0.42777777777777776 0.05078125 0.09583333333333334 0.0515625
