0 0.4527777777777778 0.79921875 0.043055555555555555 0.0234375
0 0.5527777777777778 0.76875 0.022222222222222223 0.01171875
0 0.5138888888888888 0.76875 0.04027777777777778 0.02109375
0 0.3472222222222222 0.7625 0.041666666666666664 0.0328125
0 0.8305555555555556 0.75078125 0.05138888888888889 0.028125
0 0.5138888888888888 0.7265625 0.034722222222222224 0.01796875
0 0.3611111111111111 0.69453125 0.05694444444444444 0.03046875
0 0.2 0.68671875 0.044444444444444446 0.02890625
0 0.9166666666666666 0.684375 0.05 0.0234375
0 0.9777777777777777 0.6796875 0.020833333333333332 0.0203125
0 0.36527777777777776 0.61484375 0.05416666666666667 0.0234375
0 0.9222222222222223 0.60703125 0.027777777777777776 0.015625
0 0.12222222222222222 0.6015625 0.044444444444444446 0.021875
0 0.3416666666666667 0.59296875 0.0375 0.03046875
0 0.12222222222222222 0.5859375 0.034722222222222224 0.015625
0 0.26944444444444443 0.57421875 0.043055555555555555 0.0171875
0 0.4027777777777778 0.54765625 0.041666666666666664 0.01796875
0 0.3111111111111111 0.54609375 0.08888888888888889 0.03125
0 0.9888888888888889 0.54375 0.011111111111111112 0.0203125
0 0.5138888888888888 0.5359375 0.06944444444444445 0.0203125
0 0.09444444444444444 0.534375 0.05138888888888889 0.0296875
0 0.15833333333333333 0.5296875 0.030555555555555555 0.02421875
0 0.011111111111111112 0.509375 0.029166666666666667 0.0328125
0 0.44583333333333336 0.496875 0.07777777777777778 0.0390625
0 0.0625 0.4828125 0.03611111111111111 0.021875
0 0.9125 0.46953125 0.03611111111111111 0.01796875
0 0.2916666666666667 0.46171875 0.06388888888888888 0.0296875
0 0.22361111111111112 0.46015625 0.043055555555555555 0.02109375
0 0.0375 0.44296875 0.0375 0.025
0 0.10972222222222222 0.42734375 0.04861111111111111 0.02734375
0 0.32083333333333336 0.4125 0.05 0.02890625
0 0.24444444444444444 0.403125 0.06805555555555555 0.04609375
0 0.09166666666666666 0.39765625 0.025 0.01171875
0 0.23472222222222222 0.3484375 0.05138888888888889 0.0328125
0 0.2722222222222222 0.3328125 0.030555555555555555 0.01171875
0 0.027777777777777776 0.3265625 0.030555555555555555 0.01796875
0 0.06944444444444445 0.2765625 0.06527777777777778 0.03828125
0 0.24722222222222223 0.23359375 0.03194444444444444 0.028125
0 0.03611111111111111 0.2234375 0.05 0.03125
0 0.05 0.190625 0.05555555555555555 0.03359375
0 0.11388888888888889 0.1859375 0.020833333333333332 0.0125
0 0.19583333333333333 0.16640625 0.034722222222222224 0.0125
0 0.06111111111111111 0.16640625 0.022222222222222223 0.0203125
0 0.15694444444444444 0.15390625 0.02361111111111111 0.01328125
0 0.09583333333333334 0.14296875 0.03611111111111111 0.0171875
0 0.075 0.103125 0.05416666666666667 0.03515625
0 0.1986111111111111 0.09765625 0.05416666666666667 0.03671875
0 0.2833333333333333 0.02109375 0.06111111111111111 0.04296875
0 0.2013888888888889 0.00390625 0.05416666666666667 0.02734375
