0 0.8583333333333333 0.696875 0.07222222222222222 0.03671875
0 0.9097222222222222 0.665625 0.027777777777777776 0.01171875
0 0.6958333333333333 0.59921875 0.02638888888888889 0.01171875
0 0.5958333333333333 0.51953125 0.03194444444444444 0.01484375
0 0.8125 0.51171875 0.0625 0.0390625
0 0.7291666666666666 0.51171875 0.03611111111111111 0.0140625
0 0.7583333333333333 0.49140625 0.022222222222222223 0.0140625
0 0.19166666666666668 0.4640625 0.030555555555555555 0.01875
0 0.7569444444444444 0.4296875 0.05 0.01640625
0 0.9458333333333333 0.4171875 0.041666666666666664 0.02265625
0 0.7166666666666667 0.38125 0.043055555555555555 0.021875
0 0.21944444444444444 0.37109375 0.03888888888888889 0.01796875
0 0.3125 0.3703125 0.027777777777777776 0.021875
0 0.5486111111111112 0.34140625 0.019444444444444445 0.01953125
0 0.5777777777777777 0.2828125 0.05277777777777778 0.034375
0 0.44722222222222224 0.26796875 0.04861111111111111 0.034375
