0 0.8652777777777778 0.60546875 0.04722222222222222 0.0390625
0 0.9222222222222223 0.59765625 0.07777777777777778 0.05703125
0 0.9652777777777778 0.5375 0.034722222222222224 0.04140625
0 0.5930555555555556 0.3296875 0.04583333333333333 0.03671875
0 0.8375 0.32109375 0.07222222222222222 0.02890625
0 0.9 0.3015625 0.029166666666666667 0.01484375
0 0.2875 0.30078125 0.016666666666666666 0.015625
0 0.8583333333333333 0.2984375 0.02638888888888889 0.015625
0 0.9208333333333333 0.275 0.04722222222222222 0.021875
0 0.8819444444444444 0.2734375 0.034722222222222224 0.02265625
0 0.8486111111111111 0.19296875 0.06805555555555555 0.0296875
