0 0.5375 0.63359375 0.07777777777777778 0.0359375
0 0.19305555555555556 0.63359375 0.019444444444444445 0.01484375
0 0.8472222222222222 0.62109375 0.03194444444444444 0.021875
0 0.8819444444444444 0.58125 0.05694444444444444 0.02265625
0 0.14722222222222223 0.5546875 0.03888888888888889 0.02265625
0 0.8833333333333333 0.5390625 0.03611111111111111 0.0140625
0 0.9430555555555555 0.5359375 0.02361111111111111 0.01640625
0 0.9291666666666667 0.47890625 0.05277777777777778 0.02109375
0 0.8930555555555556 0.42109375 0.09027777777777778 0.02734375
0 0.0 0.41015625 0.025 0.0234375
0 0.3416666666666667 0.409375 0.04583333333333333 0.02734375
0 0.9541666666666667 0.37109375 0.0375 0.0234375
0 0.24722222222222223 0.36796875 0.03194444444444444 0.01875
0 0.32083333333333336 0.36484375 0.0375 0.02578125
0 0.95 0.35546875 0.03333333333333333 0.01640625
0 0.8555555555555555 0.3296875 0.019444444444444445 0.02265625
0 0.8152777777777778 0.315625 0.034722222222222224 0.02421875
0 0.8875 0.3109375 0.05 0.02890625
0 0.9527777777777777 0.2734375 0.034722222222222224 0.01953125
0 0.37083333333333335 0.246875 0.04027777777777778 0.02421875
0 0.15 0.225 0.06527777777777778 0.0296875
0 0.275 0.2125 0.029166666666666667 0.0140625
0 0.9708333333333333 0.1953125 0.029166666666666667 0.01796875
0 0.8361111111111111 0.19296875 0.044444444444444446 0.03046875
0 0.9819444444444444 0.159375 0.018055555555555554 0.02109375
0 0.9194444444444444 0.15859375 0.044444444444444446 0.02265625
0 0.31805555555555554 0.11796875 0.06111111111111111 0.05234375
0 0.2986111111111111 0.11328125 0.020833333333333332 0.02265625
0 0.9847222222222223 0.10078125 0.015277777777777777 0.0234375
0 0.3347222222222222 0.0859375 0.029166666666666667 0.03046875
