0 0.24027777777777778 0.7109375 0.05555555555555555 0.03203125
0 0.1736111111111111 0.70390625 0.05138888888888889 0.03203125
0 0.18194444444444444 0.675 0.05277777777777778 0.02734375
0 0.5027777777777778 0.6734375 0.041666666666666664 0.02265625
0 0.2861111111111111 0.6578125 0.0763888888888889 0.0421875
0 0.3402777777777778 0.65078125 0.05555555555555555 0.0234375
0 0.041666666666666664 0.65078125 0.05416666666666667 0.025
0 0.5125 0.6296875 0.05138888888888889 0.03125
0 0.29583333333333334 0.62890625 0.05416666666666667 0.02890625
0 0.2263888888888889 0.6046875 0.05555555555555555 0.0296875
0 0.05277777777777778 0.57734375 0.02638888888888889 0.01484375
0 0.2222222222222222 0.56640625 0.043055555555555555 0.0203125
0 0.9222222222222223 0.56171875 0.044444444444444446 0.0390625
0 0.6555555555555556 0.5546875 0.044444444444444446 0.02109375
0 0.8888888888888888 0.52734375 0.0625 0.02265625
0 0.8041666666666667 0.52421875 0.04027777777777778 0.02890625
0 0.008333333333333333 0.5125 0.034722222222222224 0.0234375
0 0.8402777777777778 0.4953125 0.06111111111111111 0.02890625
0 0.5861111111111111 0.47734375 0.016666666666666666 0.0125
0 0.7458333333333333 0.4515625 0.020833333333333332 0.0234375
0 0.9277777777777778 0.428125 0.07083333333333333 0.0390625
0 0.6944444444444444 0.3984375 0.034722222222222224 0.0171875
0 0.2111111111111111 0.35859375 0.025 0.009375
0 0.9416666666666667 0.353125 0.025 0.01640625
0 0.7888888888888889 0.35234375 0.009722222222222222 0.01640625
0 0.5583333333333333 0.3171875 0.04583333333333333 0.01953125
0 0.9361111111111111 0.31484375 0.02361111111111111 0.0078125
0 0.21944444444444444 0.31484375 0.029166666666666667 0.01171875
0 0.6972222222222222 0.31171875 0.05 0.02890625
0 0.1986111111111111 0.30234375 0.034722222222222224 0.0140625
0 0.31666666666666665 0.296875 0.03194444444444444 0.0109375
0 0.6569444444444444 0.28984375 0.05416666666666667 0.03046875
0 0.5861111111111111 0.2890625 0.04027777777777778 0.0234375
0 0.6291666666666667 0.26484375 0.05555555555555555 0.03046875
0 0.9625 0.26015625 0.03194444444444444 0.015625
0 0.3236111111111111 0.25703125 0.03194444444444444 0.01640625
0 0.25833333333333336 0.2421875 0.04722222222222222 0.02734375
0 0.0 0.23671875 0.02361111111111111 0.02578125
0 0.11666666666666667 0.23515625 0.058333333333333334 0.02890625
0 0.8319444444444445 0.23125 0.03333333333333333 0.015625
0 0.9569444444444445 0.22890625 0.02638888888888889 0.021875
0 0.5361111111111111 0.225 0.030555555555555555 0.021875
0 0.7527777777777778 0.2203125 0.05277777777777778 0.025
0 0.9277777777777778 0.20625 0.03611111111111111 0.01953125
0 0.1625 0.19140625 0.06111111111111111 0.034375
0 0.002777777777777778 0.1796875 0.06111111111111111 0.03125
0 0.8402777777777778 0.1765625 0.05555555555555555 0.028125
0 0.33194444444444443 0.16953125 0.022222222222222223 0.01328125
0 0.5027777777777778 0.16484375 0.02361111111111111 0.01484375
0 0.8 0.16328125 0.03194444444444444 0.01796875
0 0.18611111111111112 0.1546875 0.05138888888888889 0.01953125
0 0.6069444444444444 0.153125 0.034722222222222224 0.015625
0 0.7013888888888888 0.1515625 0.05694444444444444 0.0328125
0 0.8638888888888889 0.1484375 0.04583333333333333 0.0265625
0 0.46805555555555556 0.1421875 0.058333333333333334 0.02109375
0 0.5777777777777777 0.13359375 0.02361111111111111 0.01875
0 0.5347222222222222 0.12890625 0.03611111111111111 0.01953125
0 0.38333333333333336 0.12734375 0.04027777777777778 0.0203125
0 0.4638888888888889 0.12109375 0.029166666666666667 0.01875
0 0.25416666666666665 0.115625 0.05694444444444444 0.03671875
0 0.09305555555555556 0.11484375 0.05 0.03359375
0 0.8958333333333334 0.10703125 0.04583333333333333 0.0234375
0 0.2125 0.10703125 0.04861111111111111 0.03125
0 0.5402777777777777 0.10546875 0.03888888888888889 0.021875
0 0.9430555555555555 0.096875 0.04583333333333333 0.02421875
0 0.7166666666666667 0.08671875 0.034722222222222224 0.021875
0 0.5583333333333333 0.0671875 0.029166666666666667 0.01953125
0 0.24583333333333332 0.06484375 0.058333333333333334 0.0328125
0 0.9875 0.0625 0.0125 0.02265625
0 0.32083333333333336 0.05625 0.043055555555555555 0.0171875
0 0.7208333333333333 0.05390625 0.03888888888888889 0.025
0 0.5930555555555556 0.04921875 0.04027777777777778 0.0234375
0 0.4444444444444444 0.04609375 0.029166666666666667 0.01796875
0 0.09166666666666666 0.03984375 0.058333333333333334 0.03671875
0 0.9388888888888889 0.028125 0.04583333333333333 0.028125
0 0.9263888888888889 0.02421875 0.020833333333333332 0.02109375
0 0.75 0.02109375 0.05694444444444444 0.034375
0 0.7958333333333333 0.0171875 0.03194444444444444 0.0125
0 0.5069444444444444 0.0125 0.09166666666666666 0.0609375
0 0.9638888888888889 0.00390625 0.03611111111111111 0.02890625
0 0.6916666666666667 0.00078125 0.0375 0.01328125
0 0.5722222222222222 0.00078125 0.02361111111111111 0.015625
0 0.375 0.0 0.08472222222222223 0.03515625
0 0.09444444444444444 0.0 0.03333333333333333 0.01953125
