0 0.04861111111111111 0.95546875 0.0625 0.03125
0 0.5430555555555555 0.80546875 0.03888888888888889 0.02734375
0 0.49444444444444446 0.803125 0.041666666666666664 0.0265625
0 0.08333333333333333 0.803125 0.06388888888888888 0.0421875
0 0.30972222222222223 0.784375 0.05555555555555555 0.02890625
0 0.041666666666666664 0.77109375 0.034722222222222224 0.0296875
0 0.25277777777777777 0.7703125 0.04722222222222222 0.028125
0 0.07916666666666666 0.7671875 0.06111111111111111 0.0328125
0 0.7861111111111111 0.759375 0.05555555555555555 0.028125
0 0.5597222222222222 0.746875 0.04722222222222222 0.02265625
0 0.0 0.73125 0.013888888888888888 0.01640625
0 0.7638888888888888 0.73046875 0.04861111111111111 0.03203125
0 0.48333333333333334 0.728125 0.05138888888888889 0.01953125
0 0.016666666666666666 0.728125 0.03888888888888889 0.0234375
0 0.6680555555555555 0.7234375 0.05277777777777778 0.028125
0 0.8111111111111111 0.715625 0.05694444444444444 0.01953125
0 0.6152777777777778 0.7015625 0.05555555555555555 0.028125
0 0.5541666666666667 0.6921875 0.044444444444444446 0.0125
0 0.6958333333333333 0.66875 0.05694444444444444 0.0328125
0 0.5319444444444444 0.62265625 0.04722222222222222 0.01328125
0 0.013888888888888888 0.61875 0.05416666666666667 0.025
0 0.08611111111111111 0.61796875 0.11388888888888889 0.0359375
0 0.625 0.6078125 0.043055555555555555 0.0234375
0 0.6541666666666667 0.59453125 0.04861111111111111 0.028125
0 0.10972222222222222 0.5828125 0.0763888888888889 0.0328125
0 0.6347222222222222 0.56875 0.044444444444444446 0.0234375
0 0.5833333333333334 0.56484375 0.03888888888888889 0.02109375
0 0.49444444444444446 0.55859375 0.05694444444444444 0.028125
0 0.5472222222222223 0.5390625 0.04583333333333333 0.02578125
0 0.6041666666666666 0.53828125 0.013888888888888888 0.01875
0 0.6305555555555555 0.52890625 0.05694444444444444 0.025
0 0.5875 0.51171875 0.03333333333333333 0.021875
0 0.5791666666666667 0.49375 0.0375 0.0140625
0 0.6166666666666667 0.49296875 0.03333333333333333 0.01953125
0 0.0 0.446875 0.016666666666666666 0.0296875
0 0.10694444444444444 0.28828125 0.09166666666666666 0.0453125
0 0.0 0.28828125 0.03611111111111111 0.03125
