0 0.8680555555555556 0.79375 0.05277777777777778 0.02890625
0 0.8277777777777777 0.77421875 0.04722222222222222 0.03046875
0 0.26944444444444443 0.765625 0.059722222222222225 0.02578125
0 0.40694444444444444 0.7234375 0.059722222222222225 0.03046875
0 0.7986111111111112 0.68125 0.034722222222222224 0.0171875
0 0.8819444444444444 0.6640625 0.09722222222222222 0.04140625
0 0.8222222222222222 0.65234375 0.05416666666666667 0.03046875
0 0.6069444444444444 0.64765625 0.034722222222222224 0.01171875
0 0.6638888888888889 0.64609375 0.041666666666666664 0.0140625
0 0.8694444444444445 0.62734375 0.04583333333333333 0.02890625
0 0.4583333333333333 0.6109375 0.05277777777777778 0.02734375
0 0.7680555555555556 0.5890625 0.10833333333333334 0.05078125
0 0.5888888888888889 0.5734375 0.06527777777777778 0.03515625
0 0.8444444444444444 0.5671875 0.03611111111111111 0.01953125
0 0.5347222222222222 0.56171875 0.03611111111111111 0.0125
0 0.7680555555555556 0.5546875 0.020833333333333332 0.01484375
0 0.9375 0.5421875 0.05555555555555555 0.03203125
0 0.6888888888888889 0.53828125 0.041666666666666664 0.01875
0 0.6527777777777778 0.52578125 0.05555555555555555 0.0203125
0 0.06666666666666667 0.50234375 0.041666666666666664 0.0203125
0 0.6027777777777777 0.4984375 0.059722222222222225 0.0234375
0 0.8083333333333333 0.48203125 0.09305555555555556 0.0515625
0 0.5236111111111111 0.47578125 0.06805555555555555 0.0359375
0 0.5680555555555555 0.4578125 0.034722222222222224 0.02578125
0 0.6069444444444444 0.453125 0.09027777777777778 0.0390625
0 0.0375 0.44375 0.06944444444444445 0.0328125
0 0.6111111111111112 0.415625 0.06527777777777778 0.028125
0 0.8736111111111111 0.409375 0.058333333333333334 0.03515625
0 0.4777777777777778 0.303125 0.09305555555555556 0.0390625
0 0.004166666666666667 0.28125 0.019444444444444445 0.02421875
0 0.5277777777777778 0.2703125 0.06111111111111111 0.03125
0 0.7944444444444444 0.26953125 0.019444444444444445 0.02421875
0 0.7388888888888889 0.2609375 0.029166666666666667 0.01875
0 0.001388888888888889 0.24921875 0.027777777777777776 0.028125
0 0.7166666666666667 0.2390625 0.03194444444444444 0.01796875
0 0.5875 0.18359375 0.05555555555555555 0.0359375
0 0.7652777777777777 0.1765625 0.019444444444444445 0.009375
0 0.7180555555555556 0.128125 0.05277777777777778 0.02578125
0 0.6319444444444444 0.12265625 0.058333333333333334 0.03203125
0 0.5847222222222223 0.10625 0.02361111111111111 0.02109375
0 0.6291666666666667 0.090625 0.05555555555555555 0.0296875
