0 0.7388888888888889 0.8015625 0.05 0.02578125
0 0.6041666666666666 0.721875 0.06388888888888888 0.03203125
0 0.7055555555555556 0.71640625 0.07222222222222222 0.03984375
0 0.018055555555555554 0.7015625 0.03611111111111111 0.02109375
0 0.7027777777777777 0.68984375 0.03194444444444444 0.02578125
0 0.43194444444444446 0.6328125 0.058333333333333334 0.0296875
0 0.15555555555555556 0.63125 0.027777777777777776 0.015625
0 0.02361111111111111 0.51171875 0.0625 0.0234375
0 0.001388888888888889 0.2703125 0.022222222222222223 0.009375
0 0.14305555555555555 0.121875 0.041666666666666664 0.02890625
0 0.10555555555555556 0.00859375 0.019444444444444445 0.01484375
