0 0.7611111111111111 0.88828125 0.05694444444444444 0.02890625
0 0.8263888888888888 0.8796875 0.05416666666666667 0.025
0 0.6527777777777778 0.83203125 0.05138888888888889 0.02578125
0 0.7625 0.7796875 0.04583333333333333 0.02734375
0 0.002777777777777778 0.775 0.07916666666666666 0.0296875
0 0.3611111111111111 0.771875 0.04583333333333333 0.02578125
0 0.5472222222222223 0.76328125 0.034722222222222224 0.01875
0 0.005555555555555556 0.7359375 0.03611111111111111 0.03125
0 0.6833333333333333 0.72890625 0.041666666666666664 0.0171875
0 0.5972222222222222 0.7109375 0.03333333333333333 0.04453125
0 0.001388888888888889 0.7078125 0.027777777777777776 0.01796875
0 0.4375 0.70703125 0.0375 0.02265625
0 0.08472222222222223 0.70625 0.03194444444444444 0.01796875
0 0.12222222222222222 0.70234375 0.030555555555555555 0.01796875
0 0.46944444444444444 0.6953125 0.09166666666666666 0.04765625
0 0.5763888888888888 0.61640625 0.05138888888888889 0.02265625
0 0.5513888888888889 0.5578125 0.125 0.05078125
0 0.49027777777777776 0.55625 0.044444444444444446 0.03203125
0 0.0625 0.55390625 0.08055555555555556 0.01953125
0 0.001388888888888889 0.51171875 0.0763888888888889 0.04296875
