0 0.08333333333333333 0.90078125 0.04722222222222222 0.01484375
0 0.7638888888888888 0.734375 0.05 0.0265625
0 0.41944444444444445 0.73046875 0.07361111111111111 0.0546875
0 0.5152777777777777 0.72578125 0.027777777777777776 0.0203125
0 0.41944444444444445 0.6609375 0.0763888888888889 0.0421875
0 0.7625 0.575 0.05416666666666667 0.0234375
0 0.9722222222222222 0.57265625 0.027777777777777776 0.0265625
0 0.7222222222222222 0.559375 0.043055555555555555 0.01953125
0 0.9138888888888889 0.484375 0.08611111111111111 0.09375
0 0.9083333333333333 0.47890625 0.043055555555555555 0.02890625
0 0.6222222222222222 0.475 0.07916666666666666 0.0375
0 0.3 0.453125 0.06805555555555555 0.03984375
0 0.12916666666666668 0.446875 0.06111111111111111 0.0265625
0 0.6902777777777778 0.44296875 0.10555555555555556 0.0515625
0 0.9638888888888889 0.42890625 0.03611111111111111 0.0328125
0 0.6833333333333333 0.40546875 0.04861111111111111 0.0328125
0 0.7694444444444445 0.38828125 0.015277777777777777 0.0125
0 0.9763888888888889 0.38671875 0.02361111111111111 0.01953125
0 0.7319444444444444 0.37890625 0.029166666666666667 0.01171875
0 0.8944444444444445 0.36640625 0.03194444444444444 0.02578125
0 0.7833333333333333 0.36328125 0.02638888888888889 0.02109375
0 0.9319444444444445 0.3625 0.04583333333333333 0.01953125
0 0.8916666666666667 0.309375 0.10138888888888889 0.03203125
0 0.0763888888888889 0.30078125 0.03611111111111111 0.021875
0 0.9722222222222222 0.29140625 0.02638888888888889 0.0140625
0 0.8305555555555556 0.28984375 0.05694444444444444 0.02578125
0 0.30833333333333335 0.2875 0.04583333333333333 0.02265625
0 0.18611111111111112 0.2546875 0.05138888888888889 0.02109375
0 0.7958333333333333 0.23671875 0.0375 0.0234375
0 0.9013888888888889 0.22734375 0.09861111111111111 0.0328125
0 0.725 0.2078125 0.03194444444444444 0.0234375
0 0.7958333333333333 0.19375 0.05555555555555555 0.03203125
0 0.8680555555555556 0.1875 0.044444444444444446 0.0453125
0 0.14444444444444443 0.16015625 0.0375 0.0203125
0 0.0763888888888889 0.0671875 0.11944444444444445 0.0875
