0 0.8069444444444445 0.80546875 0.03888888888888889 0.02265625
0 0.9652777777777778 0.7625 0.034722222222222224 0.0328125
0 0.23333333333333334 0.72421875 0.1125 0.034375
0 0.2 0.6953125 0.05138888888888889 0.03125
0 0.3486111111111111 0.6609375 0.04583333333333333 0.025
0 0.6138888888888889 0.65703125 0.022222222222222223 0.01640625
0 0.7736111111111111 0.621875 0.03333333333333333 0.0140625
0 0.3 0.5703125 0.03888888888888889 0.02265625
0 0.6819444444444445 0.56328125 0.030555555555555555 0.015625
0 0.2611111111111111 0.5625 0.0375 0.028125
0 0.6625 0.5484375 0.009722222222222222 0.01171875
0 0.5791666666666667 0.54765625 0.06944444444444445 0.02578125
0 0.6486111111111111 0.52421875 0.04583333333333333 0.0234375
0 0.5902777777777778 0.4953125 0.05138888888888889 0.05078125
0 0.375 0.4953125 0.034722222222222224 0.01640625
0 0.5319444444444444 0.484375 0.029166666666666667 0.01796875
0 0.4013888888888889 0.46171875 0.044444444444444446 0.02578125
0 0.6347222222222222 0.45859375 0.06111111111111111 0.03203125
0 0.39444444444444443 0.44140625 0.029166666666666667 0.0109375
0 0.44166666666666665 0.4359375 0.05 0.02890625
0 0.65 0.415625 0.04861111111111111 0.028125
0 0.5625 0.41171875 0.043055555555555555 0.02109375
0 0.25416666666666665 0.39921875 0.034722222222222224 0.0265625
0 0.7097222222222223 0.3953125 0.015277777777777777 0.0203125
0 0.6736111111111112 0.37265625 0.034722222222222224 0.0265625
0 0.3972222222222222 0.334375 0.034722222222222224 0.0265625
0 0.6055555555555555 0.32734375 0.06527777777777778 0.07421875
0 0.45 0.3265625 0.03611111111111111 0.02421875
0 0.3680555555555556 0.31875 0.034722222222222224 0.0078125
0 0.4166666666666667 0.31640625 0.02361111111111111 0.00859375
0 0.48333333333333334 0.309375 0.05138888888888889 0.03203125
0 0.4527777777777778 0.29453125 0.06666666666666667 0.01875
0 0.7 0.26484375 0.04027777777777778 0.028125
0 0.6138888888888889 0.21875 0.0375 0.02421875
0 0.44583333333333336 0.21875 0.0875 0.071875
0 0.5902777777777778 0.19453125 0.027777777777777776 0.0140625
0 0.5222222222222223 0.10859375 0.05138888888888889 0.03125
0 0.4930555555555556 0.05390625 0.04861111111111111 0.0203125
