0 0.46944444444444444 0.7234375 0.04583333333333333 0.0109375
0 0.7777777777777778 0.6671875 0.030555555555555555 0.025
0 0.2916666666666667 0.66640625 0.041666666666666664 0.0265625
0 0.48333333333333334 0.6390625 0.10277777777777777 0.08046875
0 0.35 0.55546875 0.05277777777777778 0.0296875
0 0.3236111111111111 0.53828125 0.03888888888888889 0.01640625
0 0.6097222222222223 0.52734375 0.04861111111111111 0.0265625
0 0.525 0.496875 0.09027777777777778 0.05078125
0 0.6958333333333333 0.4921875 0.03611111111111111 0.021875
0 0.7222222222222222 0.4859375 0.025 0.0125
0 0.5958333333333333 0.46875 0.041666666666666664 0.025
0 0.7708333333333334 0.4234375 0.02361111111111111 0.0140625
0 0.5388888888888889 0.4203125 0.027777777777777776 0.02265625
0 0.6763888888888889 0.41875 0.075 0.03046875
0 0.4777777777777778 0.4125 0.041666666666666664 0.02109375
0 0.6194444444444445 0.34609375 0.043055555555555555 0.02578125
0 0.8055555555555556 0.29765625 0.03611111111111111 0.015625
0 0.5319444444444444 0.29765625 0.08611111111111111 0.03203125
0 0.6291666666666667 0.2859375 0.03888888888888889 0.02109375
0 0.4388888888888889 0.26953125 0.0375 0.0171875
0 0.5847222222222223 0.26875 0.03611111111111111 0.01953125
0 0.41388888888888886 0.246875 0.034722222222222224 0.034375
