0 0.9486111111111111 0.684375 0.020833333333333332 0.0140625
0 0.9833333333333333 0.6796875 0.016666666666666666 0.0125
0 0.8930555555555556 0.67421875 0.05694444444444444 0.0171875
0 0.13333333333333333 0.64609375 0.02638888888888889 0.0109375
0 0.4305555555555556 0.63515625 0.027777777777777776 0.02734375
0 0.8611111111111112 0.6328125 0.05555555555555555 0.01875
0 0.9291666666666667 0.62734375 0.020833333333333332 0.015625
0 0.21944444444444444 0.62578125 0.013888888888888888 0.01640625
0 0.6097222222222223 0.6171875 0.03888888888888889 0.02734375
0 0.5236111111111111 0.61640625 0.043055555555555555 0.01953125
0 0.12916666666666668 0.6109375 0.03611111111111111 0.03203125
0 0.4527777777777778 0.61015625 0.02638888888888889 0.01796875
0 0.2902777777777778 0.60390625 0.020833333333333332 0.01484375
0 0.8652777777777778 0.603125 0.0763888888888889 0.02265625
0 0.39444444444444443 0.58828125 0.020833333333333332 0.01796875
0 0.6777777777777778 0.57734375 0.013888888888888888 0.0078125
0 0.6 0.575 0.05416666666666667 0.03046875
0 0.2638888888888889 0.5578125 0.030555555555555555 0.015625
0 0.8583333333333333 0.5484375 0.030555555555555555 0.015625
0 0.3194444444444444 0.546875 0.029166666666666667 0.0109375
0 0.9847222222222223 0.5421875 0.015277777777777777 0.015625
0 0.5375 0.53515625 0.03888888888888889 0.0421875
0 0.8 0.5296875 0.03611111111111111 0.021875
0 0.5680555555555555 0.51875 0.034722222222222224 0.0171875
0 0.8819444444444444 0.51796875 0.04027777777777778 0.021875
0 0.3375 0.5046875 0.025 0.01015625
0 0.5611111111111111 0.50078125 0.034722222222222224 0.0171875
0 0.5916666666666667 0.496875 0.02361111111111111 0.009375
0 0.6569444444444444 0.471875 0.018055555555555554 0.0078125
0 0.5486111111111112 0.4640625 0.05 0.0234375
0 0.6819444444444445 0.4515625 0.018055555555555554 0.0125
0 0.001388888888888889 0.44140625 0.03611111111111111 0.02890625
0 0.0 0.415625 0.006944444444444444 0.01484375
0 0.7027777777777777 0.403125 0.0375 0.01875
0 0.6222222222222222 0.39765625 0.022222222222222223 0.01640625
0 0.7541666666666667 0.34921875 0.04722222222222222 0.0359375
0 0.5819444444444445 0.3484375 0.034722222222222224 0.021875
0 0.7027777777777777 0.34609375 0.027777777777777776 0.01875
0 0.8472222222222222 0.33828125 0.03194444444444444 0.015625
0 0.975 0.33359375 0.019444444444444445 0.015625
0 0.6972222222222222 0.3328125 0.016666666666666666 0.0078125
0 0.49444444444444446 0.31953125 0.03194444444444444 0.01640625
0 0.4583333333333333 0.31484375 0.05555555555555555 0.03671875
0 0.6027777777777777 0.30859375 0.03611111111111111 0.0140625
0 0.6708333333333333 0.30703125 0.030555555555555555 0.01171875
0 0.7833333333333333 0.26328125 0.015277777777777777 0.01640625
0 0.8125 0.24609375 0.018055555555555554 0.01484375
0 0.8777777777777778 0.23125 0.06111111111111111 0.01796875
0 0.925 0.2140625 0.03611111111111111 0.01640625
0 0.9708333333333333 0.21328125 0.008333333333333333 0.009375
0 0.8569444444444444 0.2125 0.027777777777777776 0.02109375
0 0.675 0.2109375 0.06111111111111111 0.02109375
0 0.8930555555555556 0.20234375 0.030555555555555555 0.0203125
0 0.7944444444444444 0.2015625 0.03333333333333333 0.015625
0 0.7 0.19765625 0.013888888888888888 0.01484375
0 0.7541666666666667 0.19296875 0.034722222222222224 0.04609375
0 0.8736111111111111 0.175 0.03333333333333333 0.02109375
0 0.7875 0.16328125 0.02638888888888889 0.0203125
0 0.8166666666666667 0.1578125 0.016666666666666666 0.01328125
0 0.7472222222222222 0.14296875 0.03194444444444444 0.01328125
