0 0.3458333333333333 0.7515625 0.034722222222222224 0.03359375
0 0.26666666666666666 0.696875 0.05416666666666667 0.0265625
0 0.3138888888888889 0.66875 0.07361111111111111 0.04921875
0 0.12777777777777777 0.62109375 0.043055555555555555 0.01875
0 0.8902777777777777 0.61796875 0.03611111111111111 0.0125
0 0.8625 0.61015625 0.02638888888888889 0.01328125
0 0.9777777777777777 0.60546875 0.019444444444444445 0.015625
0 0.44027777777777777 0.54921875 0.04027777777777778 0.01796875
0 0.9138888888888889 0.4140625 0.03333333333333333 0.0234375
0 0.34305555555555556 0.29765625 0.025 0.01328125
