0 0.13194444444444445 0.6703125 0.04027777777777778 0.01953125
0 0.15694444444444444 0.63359375 0.018055555555555554 0.01796875
0 0.19583333333333333 0.63046875 0.05 0.028125
0 0.03888888888888889 0.61640625 0.03333333333333333 0.02109375
0 0.5319444444444444 0.590625 0.0625 0.0296875
0 0.9111111111111111 0.58515625 0.05277777777777778 0.02890625
0 0.004166666666666667 0.58203125 0.034722222222222224 0.02421875
0 0.7861111111111111 0.57734375 0.0375 0.01953125
0 0.48194444444444445 0.565625 0.04722222222222222 0.028125
0 0.7555555555555555 0.5609375 0.04722222222222222 0.03046875
0 0.6486111111111111 0.5609375 0.07916666666666666 0.03828125
0 0.9569444444444445 0.56015625 0.034722222222222224 0.0203125
0 0.001388888888888889 0.546875 0.018055555555555554 0.015625
0 0.44305555555555554 0.534375 0.06111111111111111 0.028125
0 0.775 0.525 0.044444444444444446 0.01953125
0 0.0 0.51171875 0.04027777777777778 0.02734375
0 0.2708333333333333 0.49609375 0.03333333333333333 0.01015625
0 0.05138888888888889 0.48359375 0.030555555555555555 0.0125
0 0.24583333333333332 0.471875 0.029166666666666667 0.015625
0 0.5833333333333334 0.47109375 0.041666666666666664 0.01640625
0 0.5055555555555555 0.45625 0.03194444444444444 0.01640625
0 0.7388888888888889 0.45234375 0.03333333333333333 0.01015625
0 0.004166666666666667 0.446875 0.03888888888888889 0.0234375
0 0.425 0.44453125 0.025 0.028125
0 0.28888888888888886 0.43125 0.03888888888888889 0.0203125
0 0.6777777777777778 0.43046875 0.058333333333333334 0.03515625
0 0.3333333333333333 0.43046875 0.03333333333333333 0.01796875
0 0.19166666666666668 0.4171875 0.03888888888888889 0.03046875
0 0.16111111111111112 0.4015625 0.03611111111111111 0.01796875
0 0.6847222222222222 0.3828125 0.03888888888888889 0.021875
0 0.6291666666666667 0.3828125 0.04861111111111111 0.02109375
0 0.1736111111111111 0.378125 0.08888888888888889 0.03203125
0 0.7902777777777777 0.36875 0.027777777777777776 0.0203125
0 0.36666666666666664 0.34921875 0.05138888888888889 0.03671875
0 0.3402777777777778 0.34609375 0.027777777777777776 0.0171875
0 0.25833333333333336 0.34375 0.0375 0.0140625
0 0.18194444444444444 0.34140625 0.043055555555555555 0.01953125
0 0.3611111111111111 0.31875 0.02638888888888889 0.01953125
0 0.40555555555555556 0.31640625 0.0375 0.02109375
0 0.12916666666666668 0.2765625 0.018055555555555554 0.015625
0 0.09305555555555556 0.26015625 0.043055555555555555 0.01796875
0 0.2125 0.24296875 0.025 0.02265625
0 0.4375 0.2375 0.058333333333333334 0.0265625
0 0.044444444444444446 0.22890625 0.03888888888888889 0.02109375
0 0.0875 0.22109375 0.034722222222222224 0.0171875
0 0.3861111111111111 0.2171875 0.034722222222222224 0.02109375
0 0.41805555555555557 0.2125 0.04722222222222222 0.025
0 0.10416666666666667 0.20078125 0.027777777777777776 0.0140625
0 0.2152777777777778 0.19921875 0.03333333333333333 0.02109375
0 0.4375 0.1984375 0.025 0.0125
0 0.37916666666666665 0.1921875 0.044444444444444446 0.021875
0 0.3 0.18046875 0.04027777777777778 0.02421875
0 0.08055555555555556 0.1734375 0.04722222222222222 0.0265625
0 0.3527777777777778 0.17265625 0.03333333333333333 0.01640625
0 0.2222222222222222 0.171875 0.022222222222222223 0.0171875
0 0.25972222222222224 0.17109375 0.041666666666666664 0.02421875
0 0.17916666666666667 0.16953125 0.041666666666666664 0.025
0 0.39861111111111114 0.16640625 0.0375 0.021875
0 0.3125 0.16484375 0.025 0.01640625
0 0.1527777777777778 0.1640625 0.034722222222222224 0.021875
0 0.08055555555555556 0.14765625 0.0375 0.02421875
0 0.12361111111111112 0.14609375 0.030555555555555555 0.01796875
0 0.28194444444444444 0.1390625 0.03611111111111111 0.0171875
0 0.14583333333333334 0.1375 0.03194444444444444 0.0203125
0 0.06805555555555555 0.115625 0.05555555555555555 0.0203125
0 0.11527777777777778 0.08828125 0.043055555555555555 0.0234375
