0 0.7027777777777777 0.59765625 0.04027777777777778 0.028125
0 0.6763888888888889 0.57890625 0.029166666666666667 0.02265625
0 0.4583333333333333 0.54609375 0.03194444444444444 0.028125
0 0.4097222222222222 0.5421875 0.027777777777777776 0.02734375
0 0.6611111111111111 0.52734375 0.043055555555555555 0.03046875
0 0.7666666666666667 0.51640625 0.04861111111111111 0.0234375
0 0.35555555555555557 0.46171875 0.027777777777777776 0.01484375
0 0.5736111111111111 0.43828125 0.02638888888888889 0.0109375
0 0.8513888888888889 0.42265625 0.04583333333333333 0.01875
0 0.1527777777777778 0.40625 0.029166666666666667 0.015625
0 0.2777777777777778 0.4015625 0.04027777777777778 0.01796875
0 0.31805555555555554 0.39609375 0.03194444444444444 0.01171875
0 0.4 0.3875 0.0375 0.01875
0 0.9555555555555556 0.37890625 0.044444444444444446 0.02578125
0 0.36944444444444446 0.37734375 0.02361111111111111 0.01015625
0 0.26805555555555555 0.37265625 0.03888888888888889 0.01328125
0 0.5986111111111111 0.371875 0.022222222222222223 0.0171875
0 0.85 0.36953125 0.04027777777777778 0.01953125
0 0.04861111111111111 0.36875 0.011111111111111112 0.0140625
0 0.7819444444444444 0.36640625 0.03194444444444444 0.0171875
0 0.034722222222222224 0.35234375 0.02638888888888889 0.01640625
0 0.9611111111111111 0.3515625 0.03888888888888889 0.02578125
0 0.85 0.3515625 0.041666666666666664 0.01328125
0 0.2986111111111111 0.35 0.043055555555555555 0.01640625
0 0.12222222222222222 0.3484375 0.020833333333333332 0.01484375
0 0.6694444444444444 0.34765625 0.025 0.01953125
0 0.9041666666666667 0.34609375 0.0375 0.03671875
0 0.8013888888888889 0.34609375 0.034722222222222224 0.01953125
0 0.6930555555555555 0.34375 0.03194444444444444 0.01953125
0 0.47638888888888886 0.3328125 0.02638888888888889 0.0203125
0 0.11388888888888889 0.3296875 0.03194444444444444 0.01484375
0 0.20416666666666666 0.328125 0.03333333333333333 0.01796875
0 0.7736111111111111 0.3265625 0.0375 0.02421875
0 0.8972222222222223 0.32109375 0.04722222222222222 0.021875
0 0.058333333333333334 0.3109375 0.029166666666666667 0.0140625
0 0.9666666666666667 0.30546875 0.03333333333333333 0.0203125
0 0.8305555555555556 0.29921875 0.0375 0.01640625
0 0.6055555555555555 0.26640625 0.08055555555555556 0.046875
0 0.6916666666666667 0.26171875 0.041666666666666664 0.02109375
0 0.7277777777777777 0.18671875 0.025 0.01640625
0 0.6333333333333333 0.15390625 0.0375 0.01796875
0 0.5888888888888889 0.1484375 0.03333333333333333 0.0234375
