0 0.5791666666666667 0.6359375 0.022222222222222223 0.02265625
0 0.6083333333333333 0.62421875 0.043055555555555555 0.021875
0 0.5222222222222223 0.596875 0.025 0.009375
0 0.6069444444444444 0.58671875 0.04027777777777778 0.02578125
0 0.3486111111111111 0.53046875 0.03194444444444444 0.0203125
0 0.3486111111111111 0.51953125 0.022222222222222223 0.01015625
0 0.7375 0.5171875 0.020833333333333332 0.00703125
0 0.7819444444444444 0.50859375 0.02638888888888889 0.01171875
0 0.7222222222222222 0.49609375 0.03194444444444444 0.02109375
0 0.7541666666666667 0.4953125 0.02361111111111111 0.01328125
0 0.5805555555555556 0.48203125 0.03194444444444444 0.01484375
0 0.2916666666666667 0.48203125 0.03333333333333333 0.01796875
0 0.3597222222222222 0.48125 0.034722222222222224 0.015625
0 0.5013888888888889 0.46953125 0.018055555555555554 0.01171875
0 0.1361111111111111 0.465625 0.03194444444444444 0.01796875
0 0.36527777777777776 0.4609375 0.029166666666666667 0.01484375
0 0.001388888888888889 0.4578125 0.04722222222222222 0.0234375
0 0.6736111111111112 0.45703125 0.016666666666666666 0.0125
0 0.4111111111111111 0.4453125 0.0763888888888889 0.02421875
0 0.9763888888888889 0.4296875 0.02361111111111111 0.02578125
0 0.4597222222222222 0.4234375 0.030555555555555555 0.0125
0 0.5138888888888888 0.41953125 0.015277777777777777 0.01484375
0 0.7736111111111111 0.41796875 0.041666666666666664 0.01953125
0 0.49166666666666664 0.40390625 0.030555555555555555 0.01484375
0 0.6333333333333333 0.40078125 0.020833333333333332 0.0125
0 0.8166666666666667 0.39375 0.030555555555555555 0.01796875
0 0.15416666666666667 0.38984375 0.015277777777777777 0.009375
0 0.11805555555555555 0.38203125 0.025 0.01015625
0 0.7180555555555556 0.37265625 0.034722222222222224 0.01953125
0 0.29444444444444445 0.36171875 0.02361111111111111 0.0109375
0 0.0625 0.3609375 0.022222222222222223 0.01328125
0 0.5041666666666667 0.35625 0.05416666666666667 0.01796875
0 0.15555555555555556 0.34140625 0.027777777777777776 0.009375
0 0.10277777777777777 0.32734375 0.020833333333333332 0.0125
0 0.25972222222222224 0.3125 0.020833333333333332 0.01484375
0 0.14166666666666666 0.3046875 0.030555555555555555 0.01953125
0 0.2152777777777778 0.2921875 0.02638888888888889 0.02109375
0 0.5319444444444444 0.2734375 0.02638888888888889 0.01875
0 0.20972222222222223 0.2625 0.022222222222222223 0.0125
0 0.1 0.25546875 0.0375 0.01328125
0 0.041666666666666664 0.2453125 0.020833333333333332 0.01171875
0 0.11944444444444445 0.22890625 0.03333333333333333 0.01796875
0 0.13194444444444445 0.2109375 0.029166666666666667 0.0171875
0 0.001388888888888889 0.20546875 0.018055555555555554 0.01015625
0 0.001388888888888889 0.178125 0.022222222222222223 0.01875
