0 0.5555555555555556 0.5640625 0.041666666666666664 0.02578125
0 0.5291666666666667 0.56171875 0.030555555555555555 0.01796875
0 0.48055555555555557 0.559375 0.04027777777777778 0.02421875
0 0.5916666666666667 0.53515625 0.03888888888888889 0.01875
0 0.9180555555555555 0.51640625 0.05416666666666667 0.02890625
0 0.43472222222222223 0.51484375 0.025 0.01484375
0 0.6791666666666667 0.509375 0.041666666666666664 0.0234375
0 0.22916666666666666 0.490625 0.03194444444444444 0.01953125
0 0.44027777777777777 0.4859375 0.03333333333333333 0.01953125
0 0.7166666666666667 0.47421875 0.016666666666666666 0.01171875
0 0.20694444444444443 0.47421875 0.02638888888888889 0.01875
0 0.6027777777777777 0.4703125 0.027777777777777776 0.01640625
0 0.04583333333333333 0.46796875 0.027777777777777776 0.0125
0 0.6805555555555556 0.46640625 0.027777777777777776 0.0171875
0 0.1625 0.46484375 0.0375 0.02109375
0 0.2652777777777778 0.4578125 0.0375 0.015625
0 0.3486111111111111 0.45390625 0.03194444444444444 0.02109375
0 0.6444444444444445 0.44375 0.034722222222222224 0.01875
0 0.07777777777777778 0.44296875 0.029166666666666667 0.0171875
0 0.7013888888888888 0.43359375 0.05 0.034375
0 0.002777777777777778 0.43359375 0.029166666666666667 0.01796875
0 0.15138888888888888 0.41640625 0.041666666666666664 0.02421875
0 0.7680555555555556 0.4 0.025 0.01796875
0 0.6930555555555555 0.38203125 0.04861111111111111 0.028125
0 0.6027777777777777 0.36875 0.027777777777777776 0.02109375
0 0.6180555555555556 0.35859375 0.027777777777777776 0.01171875
0 0.7625 0.3515625 0.043055555555555555 0.0296875
0 0.9055555555555556 0.33828125 0.030555555555555555 0.02890625
0 0.9583333333333334 0.3359375 0.034722222222222224 0.009375
0 0.475 0.32421875 0.03888888888888889 0.01796875
0 0.7486111111111111 0.3203125 0.016666666666666666 0.01328125
0 0.05 0.31875 0.029166666666666667 0.01484375
0 0.6430555555555556 0.31171875 0.044444444444444446 0.02734375
0 0.015277777777777777 0.31171875 0.016666666666666666 0.01015625
0 0.28888888888888886 0.30703125 0.11944444444444445 0.028125
0 0.8722222222222222 0.290625 0.0375 0.02890625
0 0.6125 0.2859375 0.020833333333333332 0.01640625
0 0.8236111111111111 0.27265625 0.03194444444444444 0.01015625
0 0.6125 0.265625 0.025 0.0140625
0 0.38472222222222224 0.2625 0.034722222222222224 0.01953125
0 0.6444444444444445 0.24453125 0.03888888888888889 0.01953125
0 0.8583333333333333 0.23984375 0.03194444444444444 0.01796875
0 0.6013888888888889 0.23828125 0.029166666666666667 0.01875
0 0.4666666666666667 0.23203125 0.041666666666666664 0.01796875
0 0.9083333333333333 0.23046875 0.041666666666666664 0.01796875
0 0.425 0.228125 0.027777777777777776 0.01953125
0 0.525 0.2234375 0.03611111111111111 0.0234375
0 0.5722222222222222 0.22265625 0.03194444444444444 0.0234375
0 0.7875 0.21484375 0.06944444444444445 0.0328125
0 0.25277777777777777 0.21484375 0.03611111111111111 0.02109375
0 0.4930555555555556 0.2125 0.030555555555555555 0.02265625
0 0.6375 0.2078125 0.05138888888888889 0.03828125
0 0.5833333333333334 0.20078125 0.04027777777777778 0.025
0 0.3763888888888889 0.19609375 0.0375 0.01484375
0 0.4444444444444444 0.190625 0.07083333333333333 0.040625
0 0.7888888888888889 0.1890625 0.034722222222222224 0.02109375
0 0.6541666666666667 0.18515625 0.043055555555555555 0.0234375
0 0.5152777777777777 0.18359375 0.0763888888888889 0.02265625
0 0.40694444444444444 0.17421875 0.04027777777777778 0.02578125
0 0.725 0.171875 0.02638888888888889 0.01953125
0 0.46805555555555556 0.17109375 0.03194444444444444 0.01953125
0 0.7583333333333333 0.16171875 0.034722222222222224 0.021875
0 0.6291666666666667 0.15625 0.034722222222222224 0.0265625
0 0.55 0.146875 0.025 0.015625
0 0.575 0.1375 0.04027777777777778 0.02109375
0 0.4527777777777778 0.13515625 0.03888888888888889 0.0234375
0 0.575 0.11953125 0.0375 0.01640625
