0 0.9222222222222223 0.89375 0.05555555555555555 0.0421875
0 0.5819444444444445 0.85625 0.02361111111111111 0.021875
0 0.5111111111111111 0.80546875 0.11388888888888889 0.0375
0 0.10277777777777777 0.80390625 0.15555555555555556 0.08203125
0 0.7361111111111112 0.7921875 0.05277777777777778 0.02421875
0 0.4388888888888889 0.78359375 0.05138888888888889 0.0328125
0 0.5791666666666667 0.7765625 0.027777777777777776 0.01875
0 0.06944444444444445 0.75703125 0.043055555555555555 0.034375
0 0.7597222222222222 0.72421875 0.14305555555555555 0.0953125
0 0.13472222222222222 0.7234375 0.058333333333333334 0.02265625
0 0.31805555555555554 0.6890625 0.0375 0.034375
0 0.8111111111111111 0.66796875 0.06111111111111111 0.028125
0 0.38472222222222224 0.659375 0.07222222222222222 0.040625
0 0.05555555555555555 0.61796875 0.0875 0.04453125
0 0.46805555555555556 0.61328125 0.03611111111111111 0.01953125
0 0.6097222222222223 0.603125 0.041666666666666664 0.0203125
0 0.11666666666666667 0.60078125 0.027777777777777776 0.0109375
0 0.9513888888888888 0.59609375 0.0375 0.03203125
0 0.3638888888888889 0.55859375 0.027777777777777776 0.02109375
0 0.775 0.55078125 0.029166666666666667 0.01484375
0 0.011111111111111112 0.5421875 0.059722222222222225 0.0296875
0 0.1111111111111111 0.51796875 0.03333333333333333 0.0171875
0 0.002777777777777778 0.45078125 0.02638888888888889 0.01640625
0 0.2625 0.446875 0.04722222222222222 0.02890625
0 0.18333333333333332 0.40234375 0.05138888888888889 0.02265625
0 0.3472222222222222 0.38125 0.019444444444444445 0.0171875
0 0.08888888888888889 0.37265625 0.03888888888888889 0.0265625
0 0.04027777777777778 0.3390625 0.059722222222222225 0.03046875
0 0.001388888888888889 0.3375 0.043055555555555555 0.0125
0 0.7875 0.33671875 0.06944444444444445 0.025
0 0.05694444444444444 0.30859375 0.12361111111111112 0.03359375
0 0.6777777777777778 0.3046875 0.041666666666666664 0.0265625
0 0.7430555555555556 0.30234375 0.05 0.02578125
0 0.37083333333333335 0.2765625 0.0375 0.0265625
0 0.6194444444444445 0.2734375 0.030555555555555555 0.0234375
0 0.7597222222222222 0.2640625 0.05555555555555555 0.028125
0 0.5402777777777777 0.2625 0.034722222222222224 0.01875
0 0.6972222222222222 0.25234375 0.05416666666666667 0.02890625
0 0.001388888888888889 0.24921875 0.0125 0.02109375
0 0.8930555555555556 0.2421875 0.05694444444444444 0.03359375
0 0.3972222222222222 0.240625 0.04583333333333333 0.04375
0 0.23194444444444445 0.23828125 0.10416666666666667 0.03203125
0 0.6736111111111112 0.225 0.04027777777777778 0.0109375
0 0.3736111111111111 0.22421875 0.025 0.0125
0 0.4736111111111111 0.22265625 0.059722222222222225 0.0390625
0 0.7736111111111111 0.2171875 0.05555555555555555 0.03125
0 0.6361111111111111 0.20703125 0.04027777777777778 0.025
0 0.059722222222222225 0.203125 0.03611111111111111 0.01328125
0 0.058333333333333334 0.18359375 0.025 0.01640625
0 0.002777777777777778 0.18046875 0.027777777777777776 0.01875
0 0.9625 0.17734375 0.0375 0.03125
0 0.4527777777777778 0.1734375 0.041666666666666664 0.021875
0 0.18055555555555555 0.16484375 0.10277777777777777 0.02265625
0 0.5930555555555556 0.1609375 0.044444444444444446 0.02421875
0 0.7347222222222223 0.16015625 0.043055555555555555 0.01953125
0 0.3013888888888889 0.1578125 0.03888888888888889 0.04296875
0 0.40555555555555556 0.15625 0.04027777777777778 0.01484375
0 0.9 0.14921875 0.05555555555555555 0.03515625
0 0.4888888888888889 0.1421875 0.027777777777777776 0.03203125
0 0.4027777777777778 0.1171875 0.03194444444444444 0.0140625
0 0.4930555555555556 0.10625 0.04861111111111111 0.03203125
0 0.1527777777777778 0.10546875 0.030555555555555555 0.01640625
0 0.18333333333333332 0.10234375 0.034722222222222224 0.01640625
0 0.32083333333333336 0.096875 0.020833333333333332 0.015625
0 0.09722222222222222 0.09609375 0.0375 0.0234375
0 0.7444444444444445 0.078125 0.14583333333333334 0.04765625
0 0.5583333333333333 0.071875 0.044444444444444446 0.02265625
0 0.8125 0.059375 0.0375 0.01875
0 0.7388888888888889 0.059375 0.04722222222222222 0.03359375
0 0.6916666666666667 0.059375 0.044444444444444446 0.01640625
0 0.6638888888888889 0.05546875 0.02638888888888889 0.021875
0 0.7888888888888889 0.009375 0.1361111111111111 0.053125
0 0.9486111111111111 0.0015625 0.04861111111111111 0.0171875
0 0.6152777777777778 0.00078125 0.05416666666666667 0.0171875
