0 0.7236111111111111 0.68828125 0.02361111111111111 0.01875
0 0.7875 0.66484375 0.029166666666666667 0.01875
0 0.7277777777777777 0.66328125 0.015277777777777777 0.01328125
0 0.29583333333333334 0.6375 0.041666666666666664 0.021875
0 0.013888888888888888 0.63515625 0.04722222222222222 0.0234375
0 0.7388888888888889 0.615625 0.041666666666666664 0.02578125
0 0.8111111111111111 0.61484375 0.03194444444444444 0.015625
0 0.7083333333333334 0.61328125 0.016666666666666666 0.015625
0 0.8611111111111112 0.61171875 0.03888888888888889 0.02109375
0 0.5763888888888888 0.60859375 0.030555555555555555 0.01796875
0 0.6333333333333333 0.6046875 0.029166666666666667 0.01796875
0 0.14444444444444443 0.5984375 0.0763888888888889 0.0578125
0 0.9222222222222223 0.59296875 0.03888888888888889 0.0203125
0 0.9625 0.5890625 0.0375 0.02265625
0 0.08888888888888889 0.5875 0.03888888888888889 0.03515625
0 0.001388888888888889 0.57265625 0.034722222222222224 0.0234375
0 0.5777777777777777 0.565625 0.041666666666666664 0.0234375
0 0.08194444444444444 0.55859375 0.05555555555555555 0.02265625
0 0.1986111111111111 0.54375 0.04583333333333333 0.021875
0 0.6430555555555556 0.53984375 0.03194444444444444 0.01171875
0 0.9513888888888888 0.528125 0.04722222222222222 0.0296875
0 0.1486111111111111 0.521875 0.05138888888888889 0.025
0 0.7319444444444444 0.5125 0.05 0.025
0 0.20972222222222223 0.50703125 0.0375 0.0296875
0 0.24444444444444444 0.5046875 0.02638888888888889 0.02109375
0 0.10416666666666667 0.48046875 0.02361111111111111 0.02578125
0 0.7847222222222222 0.46953125 0.03611111111111111 0.02890625
0 0.7208333333333333 0.4328125 0.07083333333333333 0.07265625
0 0.043055555555555555 0.42578125 0.06111111111111111 0.03515625
0 0.6388888888888888 0.425 0.07361111111111111 0.06015625
0 0.18055555555555555 0.41796875 0.03333333333333333 0.0265625
0 0.13194444444444445 0.4171875 0.020833333333333332 0.0125
0 0.7861111111111111 0.41484375 0.05694444444444444 0.03046875
0 0.775 0.40703125 0.02638888888888889 0.00703125
0 0.9333333333333333 0.37109375 0.05138888888888889 0.0265625
0 0.9416666666666667 0.334375 0.058333333333333334 0.03359375
0 0.7944444444444444 0.2984375 0.05694444444444444 0.046875
0 0.9805555555555555 0.29453125 0.019444444444444445 0.0125
0 0.7875 0.25 0.03888888888888889 0.02734375
0 0.7916666666666666 0.221875 0.04861111111111111 0.028125
0 0.8819444444444444 0.15 0.05277777777777778 0.03359375
0 0.9680555555555556 0.14609375 0.030555555555555555 0.03515625
0 0.8375 0.13984375 0.03888888888888889 0.01953125
0 0.9541666666666667 0.11171875 0.04583333333333333 0.03046875
0 0.8625 0.10234375 0.08055555555555556 0.03046875
0 0.7777777777777778 0.08203125 0.043055555555555555 0.02890625
0 0.9583333333333334 0.08125 0.03194444444444444 0.02265625
0 0.8847222222222222 0.02734375 0.05 0.03046875
0 0.7722222222222223 0.021875 0.03333333333333333 0.015625
