0 0.8805555555555555 0.71796875 0.029166666666666667 0.02265625
0 0.3472222222222222 0.70234375 0.08055555555555556 0.040625
0 0.12222222222222222 0.6921875 0.043055555555555555 0.025
0 0.9486111111111111 0.6734375 0.03611111111111111 0.02109375
0 0.6652777777777777 0.6703125 0.02638888888888889 0.01640625
0 0.04722222222222222 0.64765625 0.05 0.0328125
0 0.7791666666666667 0.6421875 0.0375 0.01953125
0 0.6319444444444444 0.640625 0.0375 0.01796875
0 0.8611111111111112 0.634375 0.041666666666666664 0.01875
0 0.9777777777777777 0.62890625 0.022222222222222223 0.025
0 0.9638888888888889 0.6 0.034722222222222224 0.028125
0 0.7861111111111111 0.57890625 0.02361111111111111 0.02109375
0 0.2125 0.5765625 0.03611111111111111 0.0125
0 0.5569444444444445 0.57421875 0.06111111111111111 0.02890625
0 0.3541666666666667 0.56640625 0.07777777777777778 0.034375
0 0.47638888888888886 0.565625 0.04722222222222222 0.02734375
0 0.9763888888888889 0.54609375 0.02361111111111111 0.0296875
0 0.9486111111111111 0.540625 0.0375 0.0265625
0 0.2569444444444444 0.5234375 0.06527777777777778 0.0265625
0 0.2708333333333333 0.45625 0.07083333333333333 0.03671875
0 0.8722222222222222 0.44140625 0.029166666666666667 0.01015625
0 0.9375 0.4296875 0.06111111111111111 0.02421875
0 0.9291666666666667 0.40625 0.04027777777777778 0.0265625
0 0.6875 0.40625 0.03888888888888889 0.021875
0 0.39305555555555555 0.4 0.11805555555555555 0.05234375
0 0.6138888888888889 0.390625 0.04861111111111111 0.03515625
0 0.8555555555555555 0.3859375 0.0375 0.01796875
0 0.24305555555555555 0.3609375 0.041666666666666664 0.0234375
0 0.6222222222222222 0.35546875 0.08194444444444444 0.03046875
0 0.5986111111111111 0.32890625 0.05138888888888889 0.02578125
0 0.8166666666666667 0.32578125 0.07777777777777778 0.040625
0 0.1388888888888889 0.321875 0.0875 0.046875
0 0.6819444444444445 0.3140625 0.04027777777777778 0.015625
0 0.9361111111111111 0.30859375 0.04583333333333333 0.02109375
0 0.20416666666666666 0.284375 0.04583333333333333 0.03203125
0 0.48333333333333334 0.28359375 0.02361111111111111 0.015625
0 0.001388888888888889 0.27890625 0.029166666666666667 0.01796875
0 0.2722222222222222 0.278125 0.04722222222222222 0.025
0 0.8166666666666667 0.2609375 0.020833333333333332 0.009375
0 0.7236111111111111 0.25703125 0.06111111111111111 0.03671875
0 0.8652777777777778 0.25 0.043055555555555555 0.0171875
0 0.3277777777777778 0.2421875 0.05416666666666667 0.0296875
0 0.9041666666666667 0.23984375 0.03194444444444444 0.0171875
0 0.41388888888888886 0.23203125 0.02638888888888889 0.01875
0 0.015277777777777777 0.22578125 0.034722222222222224 0.021875
0 0.20694444444444443 0.221875 0.05416666666666667 0.028125
0 0.8319444444444445 0.2203125 0.08194444444444444 0.0265625
0 0.3458333333333333 0.21328125 0.05138888888888889 0.02734375
0 0.44027777777777777 0.20546875 0.03888888888888889 0.021875
0 0.5638888888888889 0.2046875 0.04583333333333333 0.0234375
0 0.18333333333333332 0.2015625 0.05138888888888889 0.0171875
0 0.7111111111111111 0.19453125 0.05555555555555555 0.0359375
0 0.06111111111111111 0.19375 0.044444444444444446 0.0203125
0 0.17777777777777778 0.184375 0.03333333333333333 0.0140625
0 0.8916666666666667 0.18125 0.02638888888888889 0.02109375
0 0.21805555555555556 0.175 0.029166666666666667 0.01640625
0 0.38472222222222224 0.1734375 0.03333333333333333 0.01875
0 0.8277777777777777 0.16640625 0.019444444444444445 0.01328125
0 0.4791666666666667 0.165625 0.06666666666666667 0.03125
0 0.3388888888888889 0.15546875 0.034722222222222224 0.02265625
0 0.04861111111111111 0.12578125 0.044444444444444446 0.0234375
0 0.3458333333333333 0.12421875 0.04027777777777778 0.02421875
0 0.24444444444444444 0.1234375 0.025 0.0203125
0 0.4152777777777778 0.1078125 0.02638888888888889 0.0203125
0 0.38333333333333336 0.0953125 0.03888888888888889 0.01953125
0 0.4263888888888889 0.090625 0.029166666666666667 0.0109375
0 0.6388888888888888 0.08828125 0.059722222222222225 0.06015625
0 0.5083333333333333 0.0875 0.08194444444444444 0.03515625
0 0.44305555555555554 0.084375 0.06527777777777778 0.0515625
0 0.14722222222222223 0.0765625 0.09027777777777778 0.06953125
0 0.32222222222222224 0.0640625 0.03888888888888889 0.02265625
0 0.029166666666666667 0.0625 0.07777777777777778 0.05
0 0.5875 0.05390625 0.030555555555555555 0.0171875
0 0.2916666666666667 0.05390625 0.03194444444444444 0.021875
0 0.4777777777777778 0.05 0.09583333333333334 0.034375
0 0.1527777777777778 0.04296875 0.04583333333333333 0.04375
0 0.1111111111111111 0.0421875 0.04027777777777778 0.02578125
0 0.5277777777777778 0.0203125 0.029166666666666667 0.028125
