0 0.8375 0.68671875 0.075 0.02890625
0 0.8333333333333334 0.64296875 0.07083333333333333 0.03359375
0 0.001388888888888889 0.60625 0.034722222222222224 0.01953125
0 0.02638888888888889 0.58828125 0.034722222222222224 0.01796875
0 0.8277777777777777 0.56953125 0.06666666666666667 0.03671875
0 0.8791666666666667 0.56171875 0.11527777777777778 0.08203125
0 0.6236111111111111 0.53515625 0.04722222222222222 0.0203125
0 0.8597222222222223 0.52109375 0.075 0.040625
0 0.7138888888888889 0.51796875 0.019444444444444445 0.01171875
0 0.006944444444444444 0.50703125 0.05416666666666667 0.03203125
0 0.3680555555555556 0.49921875 0.0375 0.02265625
0 0.7736111111111111 0.46953125 0.029166666666666667 0.00859375
0 0.1638888888888889 0.465625 0.05 0.0265625
0 0.9472222222222222 0.45625 0.030555555555555555 0.01484375
0 0.29583333333333334 0.45078125 0.034722222222222224 0.01328125
0 0.7847222222222222 0.4421875 0.034722222222222224 0.01953125
0 0.7291666666666666 0.43671875 0.04861111111111111 0.0265625
0 0.9111111111111111 0.428125 0.025 0.015625
0 0.8583333333333333 0.421875 0.03194444444444444 0.0125
0 0.8194444444444444 0.39921875 0.0375 0.0140625
0 0.8930555555555556 0.39609375 0.034722222222222224 0.02265625
0 0.6888888888888889 0.39609375 0.03611111111111111 0.01953125
0 0.9263888888888889 0.3921875 0.03611111111111111 0.021875
0 0.5083333333333333 0.3875 0.025 0.01171875
0 0.21805555555555556 0.384375 0.029166666666666667 0.01796875
0 0.30416666666666664 0.38046875 0.04027777777777778 0.0390625
0 0.16666666666666666 0.36875 0.034722222222222224 0.01875
0 0.23472222222222222 0.3484375 0.0375 0.0203125
0 0.12222222222222222 0.3234375 0.009722222222222222 0.0140625
0 0.001388888888888889 0.3234375 0.022222222222222223 0.0171875
0 0.4 0.321875 0.034722222222222224 0.01875
0 0.16805555555555557 0.29609375 0.08888888888888889 0.05078125
0 0.24861111111111112 0.26796875 0.03611111111111111 0.01875
0 0.19166666666666668 0.26484375 0.04861111111111111 0.021875
0 0.1486111111111111 0.25625 0.03611111111111111 0.021875
0 0.09444444444444444 0.23984375 0.027777777777777776 0.01640625
0 0.1361111111111111 0.21640625 0.03888888888888889 0.02109375
0 0.005555555555555556 0.19921875 0.05555555555555555 0.03046875
0 0.043055555555555555 0.18828125 0.022222222222222223 0.0203125
0 0.08472222222222223 0.17734375 0.043055555555555555 0.021875
0 0.027777777777777776 0.14140625 0.029166666666666667 0.02265625
0 0.0 0.1375 0.016666666666666666 0.025
0 0.07083333333333333 0.13046875 0.030555555555555555 0.0203125
0 0.009722222222222222 0.09375 0.0763888888888889 0.02734375
