0 0.35 0.690625 0.03611111111111111 0.02578125
0 0.09583333333333334 0.67265625 0.04583333333333333 0.02734375
0 0.03611111111111111 0.653125 0.04583333333333333 0.03046875
0 0.38472222222222224 0.63984375 0.02638888888888889 0.01484375
0 0.8666666666666667 0.62578125 0.029166666666666667 0.01171875
0 0.5625 0.6171875 0.0763888888888889 0.05234375
0 0.2902777777777778 0.615625 0.043055555555555555 0.01875
0 0.48333333333333334 0.6125 0.04583333333333333 0.0234375
0 0.6166666666666667 0.60546875 0.05 0.01875
0 0.8708333333333333 0.5921875 0.05555555555555555 0.0375
0 0.41805555555555557 0.5890625 0.05416666666666667 0.02578125
0 0.9347222222222222 0.5765625 0.041666666666666664 0.0234375
0 0.35 0.56484375 0.0625 0.025
0 0.5027777777777778 0.559375 0.05555555555555555 0.02734375
0 0.3541666666666667 0.509375 0.020833333333333332 0.01328125
0 0.43333333333333335 0.48203125 0.0763888888888889 0.0359375
0 0.4444444444444444 0.45390625 0.043055555555555555 0.025
0 0.38333333333333336 0.44765625 0.041666666666666664 0.01796875
0 0.32222222222222224 0.44140625 0.027777777777777776 0.021875
0 0.34305555555555556 0.421875 0.05277777777777778 0.02734375
0 0.4444444444444444 0.41171875 0.05 0.025
0 0.4 0.39296875 0.025 0.02109375
0 0.37916666666666665 0.3703125 0.02638888888888889 0.01796875
0 0.40694444444444444 0.3671875 0.0375 0.01953125
