0 0.9416666666666667 0.96015625 0.05138888888888889 0.02578125
0 0.07361111111111111 0.87421875 0.075 0.0421875
0 0.48055555555555557 0.8640625 0.06805555555555555 0.06796875
0 0.7138888888888889 0.82578125 0.05277777777777778 0.0265625
0 0.20972222222222223 0.80234375 0.05277777777777778 0.02734375
0 0.6986111111111111 0.8015625 0.04722222222222222 0.028125
0 0.7777777777777778 0.796875 0.03194444444444444 0.02421875
0 0.6486111111111111 0.796875 0.04583333333333333 0.028125
0 0.30833333333333335 0.78828125 0.04722222222222222 0.025
0 0.5013888888888889 0.7625 0.0625 0.0296875
0 0.6361111111111111 0.75625 0.06944444444444445 0.02578125
0 0.10694444444444444 0.7390625 0.06111111111111111 0.02890625
0 0.9555555555555556 0.72109375 0.03611111111111111 0.01796875
0 0.15694444444444444 0.71875 0.04583333333333333 0.02890625
0 0.3125 0.696875 0.058333333333333334 0.034375
0 0.19444444444444445 0.64453125 0.08888888888888889 0.0625
0 0.4486111111111111 0.6125 0.0625 0.03515625
0 0.6388888888888888 0.60546875 0.02638888888888889 0.01484375
0 0.5638888888888889 0.59765625 0.03888888888888889 0.02109375
0 0.6472222222222223 0.57421875 0.0375 0.02421875
0 0.1638888888888889 0.5734375 0.058333333333333334 0.04375
0 0.6972222222222222 0.56484375 0.05 0.02890625
0 0.2777777777777778 0.54765625 0.02361111111111111 0.0234375
0 0.6263888888888889 0.54453125 0.04722222222222222 0.02421875
0 0.5861111111111111 0.53046875 0.05138888888888889 0.015625
0 0.5458333333333333 0.50078125 0.06111111111111111 0.03359375
0 0.3972222222222222 0.496875 0.04722222222222222 0.02109375
0 0.4861111111111111 0.49609375 0.05694444444444444 0.0375
0 0.31805555555555554 0.46640625 0.04722222222222222 0.028125
0 0.40555555555555556 0.44375 0.03611111111111111 0.01953125
0 0.5097222222222222 0.43828125 0.05 0.0296875
0 0.4041666666666667 0.35390625 0.03611111111111111 0.01875
0 0.3472222222222222 0.340625 0.05138888888888889 0.0265625
0 0.2611111111111111 0.33984375 0.04583333333333333 0.02890625
0 0.2777777777777778 0.296875 0.07083333333333333 0.03125
0 0.3861111111111111 0.2609375 0.030555555555555555 0.02421875
0 0.34305555555555556 0.22734375 0.044444444444444446 0.02578125
0 0.32083333333333336 0.184375 0.029166666666666667 0.0125
