0 0.3763888888888889 0.70234375 0.06111111111111111 0.03203125
0 0.12083333333333333 0.70078125 0.03194444444444444 0.02265625
0 0.4361111111111111 0.65703125 0.05 0.025
0 0.7916666666666666 0.61015625 0.059722222222222225 0.0328125
0 0.9291666666666667 0.59375 0.06388888888888888 0.02890625
0 0.5583333333333333 0.5421875 0.03333333333333333 0.01953125
0 0.4638888888888889 0.52734375 0.05277777777777778 0.0265625
0 0.33194444444444443 0.4953125 0.044444444444444446 0.02421875
0 0.5972222222222222 0.4875 0.043055555555555555 0.0234375
0 0.001388888888888889 0.4828125 0.05277777777777778 0.0265625
0 0.3111111111111111 0.46953125 0.04027777777777778 0.01796875
0 0.6902777777777778 0.45703125 0.06527777777777778 0.0296875
0 0.03194444444444444 0.45625 0.0375 0.02421875
0 0.32222222222222224 0.4375 0.03333333333333333 0.01640625
0 0.6902777777777778 0.425 0.03194444444444444 0.01796875
0 0.20972222222222223 0.40234375 0.04027777777777778 0.02265625
0 0.1486111111111111 0.36015625 0.025 0.01640625
0 0.49166666666666664 0.346875 0.041666666666666664 0.025
0 0.12638888888888888 0.34609375 0.0375 0.015625
0 0.06388888888888888 0.3265625 0.03611111111111111 0.01953125
0 0.2375 0.31171875 0.05277777777777778 0.02578125
0 0.1638888888888889 0.3046875 0.06944444444444445 0.03046875
0 0.7277777777777777 0.30390625 0.05416666666666667 0.02265625
0 0.12777777777777777 0.2875 0.0375 0.0265625
0 0.24583333333333332 0.27734375 0.05 0.03046875
0 0.20694444444444443 0.271875 0.034722222222222224 0.02890625
0 0.6111111111111112 0.2703125 0.058333333333333334 0.02734375
0 0.8333333333333334 0.25703125 0.05277777777777778 0.021875
0 0.28888888888888886 0.25078125 0.029166666666666667 0.02421875
0 0.0875 0.2484375 0.0375 0.0234375
0 0.1375 0.23984375 0.04722222222222222 0.01953125
0 0.3347222222222222 0.21640625 0.125 0.065625
0 0.11666666666666667 0.2078125 0.06111111111111111 0.03046875
0 0.030555555555555555 0.20625 0.04027777777777778 0.02265625
0 0.49444444444444446 0.2 0.05694444444444444 0.0375
0 0.6708333333333333 0.19296875 0.05138888888888889 0.0328125
0 0.5777777777777777 0.18984375 0.05555555555555555 0.03125
0 0.04861111111111111 0.17734375 0.034722222222222224 0.03671875
0 0.1486111111111111 0.16640625 0.03194444444444444 0.01484375
0 0.4222222222222222 0.16171875 0.05416666666666667 0.025
0 0.08888888888888889 0.16015625 0.030555555555555555 0.01484375
0 0.14027777777777778 0.14609375 0.034722222222222224 0.01875
0 0.2902777777777778 0.12421875 0.044444444444444446 0.0421875
0 0.18888888888888888 0.12421875 0.04583333333333333 0.0359375
0 0.6763888888888889 0.12265625 0.04027777777777778 0.03359375
0 0.034722222222222224 0.12109375 0.06527777777777778 0.04140625
0 0.2375 0.11796875 0.025 0.01328125
0 0.001388888888888889 0.1109375 0.025 0.01875
0 0.7486111111111111 0.10390625 0.12361111111111112 0.08359375
0 0.18194444444444444 0.09921875 0.044444444444444446 0.02734375
0 0.04722222222222222 0.09453125 0.03333333333333333 0.01875
0 0.8819444444444444 0.09375 0.06388888888888888 0.03984375
0 0.4875 0.0921875 0.13472222222222222 0.08828125
0 0.39166666666666666 0.08359375 0.03888888888888889 0.01796875
0 0.45555555555555555 0.08046875 0.05 0.02890625
0 0.08888888888888889 0.07421875 0.06805555555555555 0.0296875
0 0.22361111111111112 0.06953125 0.05416666666666667 0.03046875
0 0.6416666666666667 0.04765625 0.14722222222222223 0.07578125
0 0.9138888888888889 0.03671875 0.06666666666666667 0.03984375
0 0.001388888888888889 0.03671875 0.0763888888888889 0.05625
0 0.1625 0.0328125 0.06111111111111111 0.028125
0 0.3680555555555556 0.02109375 0.12083333333333333 0.04921875
0 0.7611111111111111 0.00390625 0.05 0.03359375
0 0.6486111111111111 0.00078125 0.058333333333333334 0.01640625
