0 0.9111111111111111 0.6796875 0.05694444444444444 0.02890625
0 0.7486111111111111 0.62265625 0.025 0.0140625
0 0.5722222222222222 0.621875 0.0375 0.0171875
0 0.3458333333333333 0.6203125 0.027777777777777776 0.015625
0 0.8680555555555556 0.61796875 0.0625 0.03203125
0 0.5694444444444444 0.6015625 0.034722222222222224 0.01875
0 0.9527777777777777 0.5984375 0.03611111111111111 0.0234375
0 0.4444444444444444 0.59765625 0.030555555555555555 0.0140625
0 0.425 0.59375 0.019444444444444445 0.01484375
0 0.30694444444444446 0.59296875 0.027777777777777776 0.015625
0 0.8875 0.5921875 0.044444444444444446 0.025
0 0.7875 0.58046875 0.030555555555555555 0.01875
0 0.8513888888888889 0.5796875 0.029166666666666667 0.0140625
0 0.525 0.5765625 0.03333333333333333 0.01953125
0 0.5861111111111111 0.5671875 0.05138888888888889 0.0265625
0 0.6902777777777778 0.56171875 0.05138888888888889 0.028125
0 0.5138888888888888 0.55234375 0.034722222222222224 0.021875
0 0.9291666666666667 0.5421875 0.06111111111111111 0.0375
0 0.41944444444444445 0.53515625 0.016666666666666666 0.01953125
0 0.7763888888888889 0.5328125 0.05694444444444444 0.02890625
0 0.12222222222222222 0.52578125 0.04722222222222222 0.025
0 0.04722222222222222 0.51875 0.03333333333333333 0.0203125
0 0.5305555555555556 0.50546875 0.05 0.025
0 0.5125 0.4984375 0.030555555555555555 0.021875
0 0.7041666666666667 0.4765625 0.025 0.01640625
0 0.8541666666666666 0.471875 0.05 0.02265625
0 0.7930555555555555 0.4671875 0.044444444444444446 0.021875
0 0.005555555555555556 0.44609375 0.030555555555555555 0.01796875
0 0.7069444444444445 0.41953125 0.030555555555555555 0.01875
0 0.7861111111111111 0.415625 0.030555555555555555 0.01640625
0 0.9180555555555555 0.41484375 0.030555555555555555 0.01015625
0 0.6388888888888888 0.40546875 0.029166666666666667 0.01640625
0 0.5402777777777777 0.403125 0.02361111111111111 0.01328125
0 0.6666666666666666 0.39921875 0.029166666666666667 0.01796875
0 0.8902777777777777 0.39609375 0.02361111111111111 0.015625
0 0.6944444444444444 0.3921875 0.02638888888888889 0.015625
0 0.9486111111111111 0.39140625 0.019444444444444445 0.0125
0 0.6444444444444445 0.3890625 0.030555555555555555 0.015625
0 0.2361111111111111 0.38515625 0.03194444444444444 0.02421875
0 0.6277777777777778 0.37890625 0.02361111111111111 0.0109375
0 0.7777777777777778 0.378125 0.029166666666666667 0.01328125
0 0.0763888888888889 0.3765625 0.025 0.0203125
0 0.2638888888888889 0.375 0.04027777777777778 0.0234375
0 0.001388888888888889 0.36640625 0.0375 0.02421875
0 0.5125 0.36015625 0.030555555555555555 0.01640625
0 0.10833333333333334 0.36015625 0.08194444444444444 0.04609375
0 0.7069444444444445 0.3578125 0.029166666666666667 0.02421875
0 0.30833333333333335 0.35 0.04027777777777778 0.01796875
0 0.5708333333333333 0.346875 0.027777777777777776 0.01171875
0 0.20277777777777778 0.33203125 0.029166666666666667 0.01875
0 0.16944444444444445 0.33046875 0.041666666666666664 0.02578125
0 0.44722222222222224 0.32734375 0.03194444444444444 0.0140625
0 0.9430555555555555 0.325 0.02638888888888889 0.0140625
0 0.8805555555555555 0.30859375 0.02638888888888889 0.01796875
0 0.4027777777777778 0.3046875 0.05277777777777778 0.02890625
0 0.24444444444444444 0.290625 0.05416666666666667 0.01484375
0 0.5638888888888889 0.2875 0.034722222222222224 0.02109375
0 0.8958333333333334 0.28515625 0.05416666666666667 0.02421875
0 0.4527777777777778 0.259375 0.019444444444444445 0.0140625
0 0.2986111111111111 0.24296875 0.05277777777777778 0.0265625
0 0.44305555555555554 0.2375 0.03194444444444444 0.02109375
0 0.5013888888888889 0.23359375 0.029166666666666667 0.01875
0 0.6444444444444445 0.23203125 0.02638888888888889 0.015625
0 0.5388888888888889 0.2234375 0.025 0.01484375
0 0.8041666666666667 0.21875 0.034722222222222224 0.01875
0 0.6263888888888889 0.21796875 0.0375 0.01953125
0 0.7166666666666667 0.2140625 0.034722222222222224 0.01328125
0 0.4166666666666667 0.21171875 0.03333333333333333 0.02265625
0 0.23472222222222222 0.20859375 0.03611111111111111 0.02109375
0 0.0763888888888889 0.20546875 0.03194444444444444 0.015625
0 0.38472222222222224 0.2046875 0.03333333333333333 0.015625
0 0.46944444444444444 0.20390625 0.07222222222222222 0.02734375
0 0.36944444444444446 0.2 0.022222222222222223 0.0109375
0 0.8472222222222222 0.19765625 0.03333333333333333 0.02265625
0 0.2125 0.18671875 0.044444444444444446 0.01953125
0 0.9069444444444444 0.1859375 0.029166666666666667 0.0234375
0 0.05277777777777778 0.1859375 0.018055555555555554 0.015625
0 0.825 0.18359375 0.034722222222222224 0.0203125
0 0.28055555555555556 0.18359375 0.05416666666666667 0.0328125
0 0.7763888888888889 0.18046875 0.04027777777777778 0.02109375
0 0.10833333333333334 0.1796875 0.034722222222222224 0.0171875
0 0.6694444444444444 0.175 0.027777777777777776 0.01171875
0 0.8611111111111112 0.1703125 0.03333333333333333 0.02421875
0 0.5319444444444444 0.16640625 0.02361111111111111 0.01875
0 0.006944444444444444 0.16640625 0.04027777777777778 0.01484375
0 0.9236111111111112 0.16171875 0.04722222222222222 0.02421875
0 0.8333333333333334 0.159375 0.041666666666666664 0.02578125
0 0.7444444444444445 0.159375 0.041666666666666664 0.0234375
0 0.1486111111111111 0.15234375 0.02638888888888889 0.0171875
0 0.9736111111111111 0.1484375 0.02638888888888889 0.0375
0 0.06805555555555555 0.14765625 0.02638888888888889 0.015625
0 0.6347222222222222 0.14140625 0.03888888888888889 0.0203125
0 0.975 0.1359375 0.025 0.0125
0 0.019444444444444445 0.1296875 0.03333333333333333 0.01640625
0 0.7333333333333333 0.121875 0.043055555555555555 0.0265625
0 0.12083333333333333 0.109375 0.030555555555555555 0.021875
0 0.28055555555555556 0.10703125 0.04027777777777778 0.0265625
0 0.044444444444444446 0.1 0.02638888888888889 0.01640625
0 0.075 0.08984375 0.04027777777777778 0.0234375
0 0.10694444444444444 0.07734375 0.06805555555555555 0.0265625
0 0.24722222222222223 0.075 0.05277777777777778 0.0359375
0 0.2763888888888889 0.06328125 0.016666666666666666 0.01875
0 0.20972222222222223 0.0625 0.025 0.0140625
0 0.19027777777777777 0.0484375 0.027777777777777776 0.01796875
0 0.11944444444444445 0.04140625 0.043055555555555555 0.02578125
0 0.016666666666666666 0.03984375 0.03611111111111111 0.02109375
0 0.0 0.028125 0.022222222222222223 0.01484375
