0 0.875 0.68515625 0.05694444444444444 0.0265625
0 0.5083333333333333 0.66875 0.02638888888888889 0.01484375
0 0.9569444444444445 0.64140625 0.022222222222222223 0.0234375
0 0.5625 0.6265625 0.0375 0.0171875
0 0.8333333333333334 0.625 0.05694444444444444 0.03203125
0 0.3388888888888889 0.62109375 0.027777777777777776 0.01796875
0 0.5555555555555556 0.6125 0.0375 0.01484375
0 0.9180555555555555 0.60390625 0.04027777777777778 0.02421875
0 0.5097222222222222 0.59921875 0.029166666666666667 0.009375
0 0.42083333333333334 0.59921875 0.041666666666666664 0.0171875
0 0.85 0.596875 0.044444444444444446 0.025
0 0.2986111111111111 0.59453125 0.027777777777777776 0.0171875
0 0.7541666666666667 0.58515625 0.03194444444444444 0.01484375
0 0.8138888888888889 0.584375 0.029166666666666667 0.01484375
0 0.5027777777777778 0.58125 0.03194444444444444 0.01796875
0 0.5625 0.5703125 0.04722222222222222 0.02578125
0 0.6597222222222222 0.56484375 0.05694444444444444 0.028125
0 0.4861111111111111 0.5546875 0.04027777777777778 0.025
0 0.8986111111111111 0.55 0.059722222222222225 0.034375
0 0.5319444444444444 0.5484375 0.0375 0.0140625
0 0.40694444444444444 0.5390625 0.019444444444444445 0.01875
0 0.7569444444444444 0.53828125 0.041666666666666664 0.02734375
0 0.9583333333333334 0.53046875 0.041666666666666664 0.02109375
0 0.09722222222222222 0.52421875 0.05277777777777778 0.02734375
0 0.020833333333333332 0.5203125 0.03611111111111111 0.0203125
0 0.49166666666666664 0.50234375 0.06388888888888888 0.0296875
0 0.9208333333333333 0.4890625 0.02361111111111111 0.01171875
0 0.6986111111111111 0.4828125 0.02361111111111111 0.009375
0 0.8333333333333334 0.47890625 0.04722222222222222 0.02109375
0 0.9 0.47421875 0.027777777777777776 0.0125
0 0.7666666666666667 0.46875 0.04722222222222222 0.0234375
0 0.7055555555555556 0.42890625 0.03333333333333333 0.015625
0 0.9097222222222222 0.4234375 0.03611111111111111 0.0078125
0 0.6347222222222222 0.41171875 0.030555555555555555 0.01484375
0 0.6694444444444444 0.41015625 0.03194444444444444 0.01484375
0 0.5305555555555556 0.40859375 0.025 0.015625
0 0.9611111111111111 0.40390625 0.013888888888888888 0.01015625
0 0.8847222222222222 0.40390625 0.02638888888888889 0.0140625
0 0.6958333333333333 0.4 0.025 0.01796875
0 0.6444444444444445 0.39375 0.016666666666666666 0.01328125
0 0.775 0.38671875 0.029166666666666667 0.01171875
0 0.625 0.384375 0.02361111111111111 0.0140625
0 0.7125 0.3796875 0.025 0.009375
0 0.05555555555555555 0.37890625 0.02361111111111111 0.01953125
0 0.20972222222222223 0.37265625 0.07083333333333333 0.03984375
0 0.7194444444444444 0.36953125 0.018055555555555554 0.009375
0 0.5027777777777778 0.3640625 0.030555555555555555 0.01796875
0 0.10833333333333334 0.36328125 0.05277777777777778 0.03125
0 0.2902777777777778 0.35234375 0.04583333333333333 0.0203125
0 0.5694444444444444 0.3515625 0.02638888888888889 0.0125
0 0.5416666666666666 0.346875 0.018055555555555554 0.01328125
0 0.9402777777777778 0.3359375 0.02638888888888889 0.0140625
0 0.4263888888888889 0.3328125 0.030555555555555555 0.0109375
0 0.1388888888888889 0.3328125 0.07083333333333333 0.02421875
0 0.8847222222222222 0.3203125 0.02638888888888889 0.01640625
0 0.37916666666666665 0.30859375 0.05555555555555555 0.02890625
0 0.55 0.2953125 0.03333333333333333 0.02109375
0 0.22361111111111112 0.29453125 0.04722222222222222 0.0125
0 0.8958333333333334 0.29375 0.04722222222222222 0.025
0 0.9694444444444444 0.2796875 0.02638888888888889 0.01796875
0 0.275 0.2484375 0.05555555555555555 0.02578125
0 0.43472222222222223 0.24609375 0.029166666666666667 0.03359375
0 0.6375 0.2390625 0.02361111111111111 0.0171875
0 0.4861111111111111 0.23671875 0.03333333333333333 0.02265625
0 0.5263888888888889 0.2265625 0.022222222222222223 0.01796875
0 0.7916666666666666 0.22578125 0.034722222222222224 0.015625
0 0.6125 0.221875 0.04027777777777778 0.0234375
0 0.7111111111111111 0.2203125 0.03194444444444444 0.01484375
0 0.4041666666666667 0.21796875 0.03611111111111111 0.0203125
0 0.4930555555555556 0.2125 0.034722222222222224 0.02265625
0 0.45416666666666666 0.21015625 0.0375 0.02421875
0 0.07222222222222222 0.209375 0.030555555555555555 0.0171875
0 0.8402777777777778 0.20703125 0.05 0.02265625
0 0.3597222222222222 0.20546875 0.044444444444444446 0.0203125
0 0.8958333333333334 0.196875 0.034722222222222224 0.021875
0 0.044444444444444446 0.19453125 0.019444444444444445 0.01328125
0 0.7652777777777777 0.1890625 0.03333333333333333 0.0203125
0 0.2611111111111111 0.18828125 0.04722222222222222 0.03125
0 0.1 0.184375 0.03611111111111111 0.01953125
0 0.6527777777777778 0.1765625 0.029166666666666667 0.01640625
0 0.0 0.175 0.027777777777777776 0.0140625
0 0.5194444444444445 0.17421875 0.029166666666666667 0.015625
0 0.9638888888888889 0.1703125 0.03194444444444444 0.021875
0 0.9125 0.16953125 0.05 0.0265625
0 0.8180555555555555 0.16875 0.07083333333333333 0.040625
0 0.725 0.16640625 0.04722222222222222 0.025
0 0.1375 0.15703125 0.025 0.01875
0 0.058333333333333334 0.153125 0.02638888888888889 0.01484375
0 0.9680555555555556 0.14765625 0.029166666666666667 0.021875
0 0.6208333333333333 0.14765625 0.04027777777777778 0.01875
0 0.013888888888888888 0.13359375 0.030555555555555555 0.01875
0 0.7180555555555556 0.12890625 0.04583333333333333 0.025
0 0.029166666666666667 0.10546875 0.0375 0.0171875
0 0.06111111111111111 0.096875 0.03611111111111111 0.02109375
0 0.09305555555555556 0.08046875 0.06527777777777778 0.0546875
0 0.07361111111111111 0.07890625 0.03611111111111111 0.01875
0 0.22083333333333333 0.07578125 0.08888888888888889 0.0640625
0 0.25555555555555554 0.071875 0.02361111111111111 0.01875
0 0.19027777777777777 0.0671875 0.022222222222222223 0.015625
0 0.1736111111111111 0.05390625 0.025 0.0171875
0 0.0125 0.04921875 0.03194444444444444 0.01796875
0 0.09166666666666666 0.04375 0.05138888888888889 0.02890625
