0 0.6125 0.90859375 0.058333333333333334 0.0421875
0 0.6180555555555556 0.825 0.075 0.04453125
0 0.8347222222222223 0.778125 0.03611111111111111 0.0140625
0 0.09583333333333334 0.75390625 0.05138888888888889 0.02890625
0 0.5819444444444445 0.73515625 0.043055555555555555 0.01640625
0 0.027777777777777776 0.73359375 0.043055555555555555 0.0140625
0 0.5736111111111111 0.6796875 0.04583333333333333 0.0265625
0 0.25277777777777777 0.66484375 0.058333333333333334 0.02578125
0 0.19583333333333333 0.62890625 0.04027777777777778 0.0171875
0 0.8236111111111111 0.6234375 0.02361111111111111 0.01796875
0 0.5361111111111111 0.6171875 0.04583333333333333 0.02890625
0 0.4013888888888889 0.59140625 0.03333333333333333 0.01796875
0 0.3527777777777778 0.5515625 0.03611111111111111 0.01953125
0 0.2263888888888889 0.54140625 0.029166666666666667 0.015625
0 0.9319444444444445 0.5296875 0.043055555555555555 0.0265625
0 0.5972222222222222 0.525 0.03611111111111111 0.01796875
0 0.4861111111111111 0.521875 0.03611111111111111 0.0140625
0 0.7222222222222222 0.5125 0.025 0.01484375
0 0.44166666666666665 0.50859375 0.034722222222222224 0.0234375
0 0.10138888888888889 0.50625 0.04027777777777778 0.02265625
0 0.9722222222222222 0.503125 0.025 0.02734375
0 0.6805555555555556 0.5015625 0.027777777777777776 0.01953125
0 0.3013888888888889 0.5 0.02638888888888889 0.02421875
0 0.2263888888888889 0.49921875 0.019444444444444445 0.015625
0 0.24583333333333332 0.48046875 0.04583333333333333 0.01875
0 0.5513888888888889 0.4734375 0.018055555555555554 0.0265625
0 0.30416666666666664 0.45859375 0.04861111111111111 0.02421875
0 0.3402777777777778 0.4421875 0.06111111111111111 0.0328125
0 0.25972222222222224 0.44140625 0.043055555555555555 0.02109375
0 0.6513888888888889 0.43671875 0.05694444444444444 0.02421875
0 0.2722222222222222 0.4140625 0.04583333333333333 0.01875
0 0.3333333333333333 0.36328125 0.041666666666666664 0.02734375
0 0.5694444444444444 0.35859375 0.03333333333333333 0.0203125
0 0.43333333333333335 0.35625 0.03611111111111111 0.0203125
0 0.4736111111111111 0.34921875 0.07777777777777778 0.04296875
0 0.4041666666666667 0.34609375 0.044444444444444446 0.01328125
0 0.46805555555555556 0.31796875 0.041666666666666664 0.0234375
0 0.6416666666666667 0.31484375 0.05 0.0234375
0 0.4513888888888889 0.2953125 0.029166666666666667 0.01796875
0 0.5555555555555556 0.284375 0.041666666666666664 0.02265625
0 0.6055555555555555 0.28046875 0.05 0.0265625
0 0.3527777777777778 0.27578125 0.05 0.025
0 0.33194444444444443 0.25703125 0.034722222222222224 0.0203125
0 0.4097222222222222 0.253125 0.03333333333333333 0.01875
0 0.4986111111111111 0.2515625 0.05694444444444444 0.05078125
0 0.49722222222222223 0.21953125 0.029166666666666667 0.01796875
0 0.39166666666666666 0.21796875 0.06527777777777778 0.015625
0 0.45 0.19453125 0.02361111111111111 0.02890625
0 0.3541666666666667 0.1921875 0.03888888888888889 0.021875
0 0.39444444444444443 0.18828125 0.03611111111111111 0.01953125
0 0.425 0.1671875 0.04027777777777778 0.0203125
0 0.5569444444444445 0.1625 0.0375 0.02265625
0 0.375 0.15625 0.044444444444444446 0.025
0 0.4652777777777778 0.1328125 0.041666666666666664 0.021875
0 0.45555555555555555 0.0828125 0.041666666666666664 0.02109375
0 0.5111111111111111 0.0578125 0.04583333333333333 0.0296875
