0 0.9319444444444445 0.76171875 0.027777777777777776 0.02578125
0 0.7263888888888889 0.74765625 0.07916666666666666 0.04609375
0 0.9666666666666667 0.73359375 0.027777777777777776 0.0203125
0 0.14583333333333334 0.63046875 0.04583333333333333 0.034375
0 0.9541666666666667 0.62109375 0.041666666666666664 0.02578125
0 0.05416666666666667 0.61328125 0.03194444444444444 0.02265625
0 0.47638888888888886 0.60390625 0.0375 0.01171875
0 0.059722222222222225 0.58828125 0.03888888888888889 0.0171875
0 0.3138888888888889 0.57578125 0.030555555555555555 0.01875
0 0.75 0.56484375 0.04861111111111111 0.03046875
0 0.6611111111111111 0.54140625 0.016666666666666666 0.02265625
0 0.5583333333333333 0.53125 0.06388888888888888 0.046875
0 0.3819444444444444 0.4953125 0.0375 0.01875
0 0.2625 0.48359375 0.043055555555555555 0.021875
0 0.6819444444444445 0.45859375 0.04583333333333333 0.01875
0 0.24027777777777778 0.45 0.041666666666666664 0.02109375
0 0.6416666666666667 0.4453125 0.013888888888888888 0.02421875
0 0.28888888888888886 0.44375 0.03194444444444444 0.01796875
0 0.8680555555555556 0.44296875 0.044444444444444446 0.02890625
0 0.8222222222222222 0.4421875 0.04583333333333333 0.03125
0 0.24444444444444444 0.42578125 0.022222222222222223 0.015625
0 0.3 0.39453125 0.043055555555555555 0.0265625
0 0.8236111111111111 0.378125 0.02638888888888889 0.03125
0 0.2111111111111111 0.36171875 0.04583333333333333 0.02734375
0 0.2638888888888889 0.3359375 0.020833333333333332 0.01953125
0 0.14583333333333334 0.31640625 0.030555555555555555 0.0234375
0 0.23472222222222222 0.2609375 0.03194444444444444 0.01484375
0 0.025 0.2453125 0.018055555555555554 0.0234375
0 0.1638888888888889 0.23671875 0.041666666666666664 0.0234375
0 0.0625 0.23515625 0.05694444444444444 0.040625
0 0.6875 0.21640625 0.05138888888888889 0.046875
0 0.0875 0.215625 0.03888888888888889 0.01640625
0 0.12361111111111112 0.15 0.0763888888888889 0.02578125
0 0.675 0.11640625 0.03888888888888889 0.034375
0 0.6013888888888889 0.0625 0.05694444444444444 0.053125
0 0.5180555555555556 0.05234375 0.05416666666666667 0.0421875
0 0.004166666666666667 0.04453125 0.075 0.02734375
0 0.058333333333333334 0.0125 0.06944444444444445 0.04609375
0 0.004166666666666667 0.00078125 0.04861111111111111 0.028125
