0 0.8013888888888889 0.5046875 0.06944444444444445 0.0484375
0 0.39166666666666666 0.49609375 0.04027777777777778 0.01796875
0 0.001388888888888889 0.49609375 0.03194444444444444 0.021875
0 0.3 0.48828125 0.058333333333333334 0.025
0 0.8805555555555555 0.4859375 0.05138888888888889 0.021875
0 0.6111111111111112 0.475 0.04583333333333333 0.02421875
0 0.38055555555555554 0.47421875 0.022222222222222223 0.0125
0 0.1597222222222222 0.47421875 0.05138888888888889 0.03125
0 0.22916666666666666 0.471875 0.044444444444444446 0.02421875
0 0.4125 0.47109375 0.029166666666666667 0.01796875
0 0.44583333333333336 0.46328125 0.03888888888888889 0.02109375
0 0.6513888888888889 0.459375 0.034722222222222224 0.01484375
0 0.275 0.44296875 0.04027777777777778 0.01640625
0 0.23333333333333334 0.40546875 0.034722222222222224 0.02265625
0 0.38333333333333336 0.390625 0.02638888888888889 0.0109375
0 0.40555555555555556 0.3890625 0.03194444444444444 0.0125
0 0.2263888888888889 0.38125 0.0375 0.0171875
0 0.3861111111111111 0.3703125 0.019444444444444445 0.0171875
0 0.2125 0.3640625 0.030555555555555555 0.0140625
0 0.2375 0.32890625 0.027777777777777776 0.0140625
0 0.1736111111111111 0.325 0.04027777777777778 0.0171875
0 0.37916666666666665 0.3140625 0.0375 0.015625
0 0.058333333333333334 0.31015625 0.05277777777777778 0.02890625
0 0.3416666666666667 0.30390625 0.02638888888888889 0.01484375
0 0.9263888888888889 0.29453125 0.07361111111111111 0.034375
0 0.8277777777777777 0.28359375 0.07083333333333333 0.040625
0 0.025 0.27421875 0.019444444444444445 0.0171875
0 0.06111111111111111 0.2671875 0.03333333333333333 0.01875
0 0.04722222222222222 0.20078125 0.025 0.0171875
0 0.7652777777777777 0.18046875 0.04027777777777778 0.01875
0 0.0 0.17890625 0.041666666666666664 0.04296875
0 0.8083333333333333 0.175 0.04861111111111111 0.028125
0 0.03194444444444444 0.1703125 0.0125 0.01015625
0 0.018055555555555554 0.140625 0.03333333333333333 0.0140625
