0 0.2763888888888889 0.85546875 0.05555555555555555 0.0359375
0 0.5638888888888889 0.853125 0.04722222222222222 0.02265625
0 0.5027777777777778 0.8515625 0.043055555555555555 0.01875
0 0.5833333333333334 0.8328125 0.02638888888888889 0.015625
0 0.36944444444444446 0.7890625 0.0375 0.02265625
0 0.001388888888888889 0.77265625 0.027777777777777776 0.03828125
0 0.6472222222222223 0.7390625 0.06805555555555555 0.021875
0 0.5069444444444444 0.7140625 0.03333333333333333 0.01484375
0 0.3486111111111111 0.7046875 0.05138888888888889 0.03125
0 0.7958333333333333 0.69765625 0.04861111111111111 0.01640625
0 0.38333333333333336 0.6609375 0.058333333333333334 0.02265625
0 0.0 0.62890625 0.029166666666666667 0.021875
0 0.14444444444444443 0.57890625 0.030555555555555555 0.015625
0 0.3875 0.56328125 0.05555555555555555 0.0296875
0 0.20972222222222223 0.55625 0.0375 0.02734375
0 0.7055555555555556 0.5546875 0.03888888888888889 0.021875
0 0.14166666666666666 0.5203125 0.041666666666666664 0.0203125
0 0.7430555555555556 0.4765625 0.05416666666666667 0.01796875
0 0.37916666666666665 0.46484375 0.04027777777777778 0.02421875
0 0.4375 0.353125 0.034722222222222224 0.0234375
0 0.37777777777777777 0.07109375 0.059722222222222225 0.04765625
