0 0.6736111111111112 0.73671875 0.03611111111111111 0.01171875
0 0.6694444444444444 0.71640625 0.025 0.01875
0 0.7277777777777777 0.70390625 0.029166666666666667 0.01796875
0 0.8611111111111112 0.6578125 0.019444444444444445 0.00703125
0 0.5972222222222222 0.6375 0.018055555555555554 0.01484375
0 0.7847222222222222 0.6140625 0.043055555555555555 0.021875
0 0.5041666666666667 0.61328125 0.015277777777777777 0.015625
0 0.9902777777777778 0.6 0.009722222222222222 0.015625
0 0.14027777777777778 0.5984375 0.019444444444444445 0.0140625
0 0.4861111111111111 0.59609375 0.030555555555555555 0.015625
0 0.6152777777777778 0.590625 0.02361111111111111 0.015625
0 0.9277777777777778 0.575 0.03194444444444444 0.01796875
0 0.625 0.56640625 0.044444444444444446 0.01953125
0 0.175 0.5390625 0.030555555555555555 0.01640625
0 0.7166666666666667 0.534375 0.041666666666666664 0.02734375
0 0.6055555555555555 0.53359375 0.04027777777777778 0.0234375
0 0.059722222222222225 0.52578125 0.02638888888888889 0.0140625
0 0.9013888888888889 0.5234375 0.02361111111111111 0.01953125
0 0.28055555555555556 0.5234375 0.03888888888888889 0.02265625
0 0.7 0.52265625 0.03611111111111111 0.021875
0 0.13194444444444445 0.51875 0.03194444444444444 0.01796875
0 0.1 0.509375 0.030555555555555555 0.01796875
0 0.4736111111111111 0.50625 0.04583333333333333 0.02734375
0 0.02361111111111111 0.50390625 0.04722222222222222 0.0234375
0 0.5486111111111112 0.5015625 0.05 0.02578125
0 0.7291666666666666 0.4984375 0.044444444444444446 0.0234375
0 0.43333333333333335 0.49140625 0.029166666666666667 0.01796875
0 0.3638888888888889 0.4890625 0.04583333333333333 0.02421875
0 0.0 0.48125 0.027777777777777776 0.02890625
0 0.6444444444444445 0.45 0.029166666666666667 0.01171875
0 0.175 0.446875 0.07777777777777778 0.0296875
0 0.7361111111111112 0.4453125 0.030555555555555555 0.01953125
0 0.25972222222222224 0.43125 0.043055555555555555 0.02890625
0 0.13194444444444445 0.42734375 0.034722222222222224 0.02265625
0 0.5541666666666667 0.4265625 0.03194444444444444 0.0171875
0 0.4152777777777778 0.415625 0.05555555555555555 0.03125
0 0.04722222222222222 0.415625 0.041666666666666664 0.02421875
0 0.6277777777777778 0.4140625 0.027777777777777776 0.0140625
0 0.09444444444444444 0.3984375 0.029166666666666667 0.02109375
0 0.001388888888888889 0.39453125 0.03333333333333333 0.028125
0 0.2986111111111111 0.39140625 0.03333333333333333 0.0296875
0 0.1736111111111111 0.3890625 0.05694444444444444 0.03046875
0 0.3541666666666667 0.38671875 0.07222222222222222 0.03203125
0 0.1638888888888889 0.37421875 0.03194444444444444 0.01640625
0 0.22916666666666666 0.36328125 0.027777777777777776 0.01875
0 0.8736111111111111 0.35390625 0.034722222222222224 0.01640625
0 0.03333333333333333 0.3515625 0.02361111111111111 0.01796875
0 0.925 0.3390625 0.034722222222222224 0.01796875
0 0.1388888888888889 0.33671875 0.03194444444444444 0.01875
0 0.8444444444444444 0.31953125 0.044444444444444446 0.0296875
0 0.07083333333333333 0.31953125 0.02361111111111111 0.0078125
0 0.5625 0.30234375 0.04027777777777778 0.02265625
0 0.7402777777777778 0.3015625 0.058333333333333334 0.040625
0 0.0 0.2953125 0.0125 0.0140625
0 0.38055555555555554 0.28671875 0.043055555555555555 0.034375
0 0.5277777777777778 0.28359375 0.03888888888888889 0.02109375
0 0.2916666666666667 0.2734375 0.027777777777777776 0.02109375
0 0.4513888888888889 0.2578125 0.07222222222222222 0.0390625
0 0.3263888888888889 0.2546875 0.0375 0.03203125
0 0.775 0.25390625 0.05138888888888889 0.02890625
0 0.2152777777777778 0.25 0.07916666666666666 0.0375
0 0.8472222222222222 0.24140625 0.04861111111111111 0.02578125
0 0.5263888888888889 0.2390625 0.04722222222222222 0.02265625
0 0.48194444444444445 0.22890625 0.043055555555555555 0.02734375
0 0.37916666666666665 0.2234375 0.0875 0.0390625
0 0.8513888888888889 0.21484375 0.041666666666666664 0.02265625
0 0.8958333333333334 0.21171875 0.041666666666666664 0.021875
0 0.47638888888888886 0.1890625 0.04027777777777778 0.025
0 0.6430555555555556 0.18125 0.05555555555555555 0.034375
0 0.5583333333333333 0.17109375 0.03611111111111111 0.0265625
0 0.31666666666666665 0.17109375 0.029166666666666667 0.01796875
0 0.43194444444444446 0.15703125 0.09305555555555556 0.03984375
0 0.34444444444444444 0.1484375 0.0375 0.02109375
0 0.3402777777777778 0.13046875 0.019444444444444445 0.0140625
0 0.3138888888888889 0.12421875 0.030555555555555555 0.01796875
0 0.7597222222222222 0.1234375 0.05138888888888889 0.02109375
0 0.19027777777777777 0.11640625 0.09444444444444444 0.03046875
0 0.2777777777777778 0.109375 0.027777777777777776 0.01796875
0 0.5444444444444444 0.10859375 0.03333333333333333 0.02109375
0 0.30694444444444446 0.10234375 0.030555555555555555 0.021875
0 0.2611111111111111 0.10078125 0.022222222222222223 0.0109375
0 0.6708333333333333 0.0984375 0.030555555555555555 0.0125
0 0.32916666666666666 0.084375 0.0375 0.015625
0 0.6194444444444445 0.07265625 0.06944444444444445 0.03671875
0 0.6125 0.05390625 0.018055555555555554 0.0125
0 0.5236111111111111 0.05 0.02638888888888889 0.0171875
0 0.4652777777777778 0.02890625 0.03194444444444444 0.03359375
