0 0.9041666666666667 0.7828125 0.09583333333333334 0.09140625
0 0.9791666666666666 0.7359375 0.013888888888888888 0.01015625
0 0.9611111111111111 0.68828125 0.03194444444444444 0.0078125
0 0.0875 0.59609375 0.05694444444444444 0.02421875
0 0.0 0.58984375 0.041666666666666664 0.0234375
0 0.5305555555555556 0.57578125 0.04027777777777778 0.01875
0 0.3638888888888889 0.571875 0.043055555555555555 0.02109375
0 0.16805555555555557 0.56328125 0.0375 0.01875
0 0.002777777777777778 0.56171875 0.03888888888888889 0.02265625
0 0.9444444444444444 0.5484375 0.05 0.025
0 0.5486111111111112 0.52890625 0.02638888888888889 0.01328125
0 0.9013888888888889 0.525 0.025 0.0125
0 0.9263888888888889 0.49375 0.04583333333333333 0.025
0 0.39861111111111114 0.49296875 0.043055555555555555 0.02109375
0 0.125 0.48671875 0.05694444444444444 0.02265625
0 0.5083333333333333 0.47109375 0.03611111111111111 0.01640625
0 0.4777777777777778 0.4671875 0.02638888888888889 0.0203125
0 0.5486111111111112 0.4625 0.03888888888888889 0.02109375
0 0.3638888888888889 0.45859375 0.06666666666666667 0.028125
0 0.3055555555555556 0.44140625 0.05416666666666667 0.0296875
0 0.11527777777777778 0.43125 0.05555555555555555 0.021875
0 0.9583333333333334 0.41171875 0.041666666666666664 0.0234375
0 0.001388888888888889 0.403125 0.03611111111111111 0.0140625
0 0.6847222222222222 0.38125 0.05 0.0234375
0 0.9138888888888889 0.375 0.04027777777777778 0.0234375
0 0.425 0.371875 0.06111111111111111 0.02734375
0 0.6222222222222222 0.37109375 0.0375 0.025
0 0.5819444444444445 0.36953125 0.03888888888888889 0.02265625
0 0.7152777777777778 0.36875 0.04027777777777778 0.01640625
0 0.7208333333333333 0.35 0.03888888888888889 0.0171875
0 0.9347222222222222 0.32890625 0.03611111111111111 0.01875
0 0.6666666666666666 0.32421875 0.05694444444444444 0.03046875
0 0.8972222222222223 0.32265625 0.03333333333333333 0.021875
0 0.3333333333333333 0.315625 0.043055555555555555 0.02109375
0 0.0763888888888889 0.30390625 0.06111111111111111 0.0375
0 0.15833333333333333 0.30234375 0.10833333333333334 0.0328125
0 0.775 0.29375 0.09305555555555556 0.03828125
0 0.7013888888888888 0.28515625 0.058333333333333334 0.0328125
0 0.49722222222222223 0.27734375 0.05555555555555555 0.034375
0 0.29305555555555557 0.2734375 0.04722222222222222 0.0296875
0 0.8541666666666666 0.265625 0.03194444444444444 0.01953125
0 0.75 0.259375 0.05555555555555555 0.0359375
0 0.5472222222222223 0.2578125 0.03194444444444444 0.01015625
0 0.9041666666666667 0.25703125 0.05555555555555555 0.0328125
0 0.5583333333333333 0.25234375 0.12361111111111112 0.10234375
0 0.5916666666666667 0.2484375 0.03888888888888889 0.02890625
0 0.23194444444444445 0.24375 0.03194444444444444 0.01328125
0 0.8847222222222222 0.24140625 0.03888888888888889 0.01484375
0 0.3472222222222222 0.23046875 0.08888888888888889 0.04609375
0 0.6569444444444444 0.2203125 0.05416666666666667 0.0328125
0 0.001388888888888889 0.20703125 0.1 0.04765625
0 0.35833333333333334 0.196875 0.1375 0.05390625
0 0.10555555555555556 0.115625 0.07777777777777778 0.078125
0 0.2375 0.10625 0.11527777777777778 0.08046875
0 0.09722222222222222 0.0734375 0.0375 0.021875
0 0.2777777777777778 0.05625 0.09027777777777778 0.05625
0 0.04583333333333333 0.05234375 0.04861111111111111 0.04140625
0 0.10555555555555556 0.0375 0.03888888888888889 0.0234375
0 0.15555555555555556 0.03046875 0.04027777777777778 0.02421875
0 0.04861111111111111 0.028125 0.044444444444444446 0.021875
0 0.09027777777777778 0.003125 0.0375 0.0171875
0 0.20555555555555555 0.0015625 0.03888888888888889 0.0125
0 0.17083333333333334 0.00078125 0.03194444444444444 0.01796875
