0 0.9291666666666667 0.9515625 0.029166666666666667 0.02421875
0 0.8555555555555555 0.94765625 0.05 0.0328125
0 0.05416666666666667 0.92265625 0.058333333333333334 0.0296875
0 0.6194444444444445 0.9046875 0.03333333333333333 0.02109375
0 0.5527777777777778 0.88984375 0.041666666666666664 0.015625
0 0.5069444444444444 0.88203125 0.030555555555555555 0.0171875
0 0.4625 0.846875 0.0375 0.03046875
0 0.2972222222222222 0.8453125 0.022222222222222223 0.01875
0 0.3763888888888889 0.83359375 0.04861111111111111 0.01953125
0 0.09166666666666666 0.8078125 0.07361111111111111 0.03984375
0 0.35138888888888886 0.80546875 0.059722222222222225 0.02734375
0 0.4722222222222222 0.8 0.05555555555555555 0.02734375
0 0.5111111111111111 0.784375 0.022222222222222223 0.0140625
0 0.4263888888888889 0.7828125 0.05 0.03359375
0 0.24861111111111112 0.765625 0.06111111111111111 0.0375
0 0.5319444444444444 0.73125 0.044444444444444446 0.0296875
0 0.5833333333333334 0.72890625 0.04027777777777778 0.02421875
0 0.6486111111111111 0.72734375 0.043055555555555555 0.02421875
0 0.4597222222222222 0.72109375 0.059722222222222225 0.02890625
0 0.3638888888888889 0.7140625 0.059722222222222225 0.02265625
0 0.5277777777777778 0.6984375 0.03333333333333333 0.025
0 0.3263888888888889 0.68671875 0.05694444444444444 0.0296875
0 0.5541666666666667 0.68203125 0.041666666666666664 0.0203125
0 0.4597222222222222 0.66953125 0.0625 0.0265625
0 0.3958333333333333 0.65859375 0.03611111111111111 0.0171875
0 0.35138888888888886 0.64296875 0.0375 0.02109375
0 0.6486111111111111 0.61171875 0.0375 0.0203125
0 0.5902777777777778 0.6109375 0.04861111111111111 0.01640625
0 0.3541666666666667 0.60390625 0.04583333333333333 0.0265625
0 0.5027777777777778 0.60078125 0.05694444444444444 0.03125
0 0.225 0.50234375 0.06111111111111111 0.03359375
0 0.2513888888888889 0.471875 0.020833333333333332 0.021875
0 0.4736111111111111 0.4625 0.04027777777777778 0.02265625
0 0.23472222222222222 0.396875 0.05694444444444444 0.03046875
0 0.3861111111111111 0.3453125 0.05277777777777778 0.02578125
0 0.3277777777777778 0.34296875 0.044444444444444446 0.02421875
0 0.2986111111111111 0.33203125 0.030555555555555555 0.01484375
0 0.33194444444444443 0.31171875 0.05 0.02421875
