0 0.04027777777777778 0.74140625 0.05277777777777778 0.0265625
0 0.12361111111111112 0.703125 0.04722222222222222 0.0203125
0 0.6 0.66171875 0.06805555555555555 0.034375
0 0.20972222222222223 0.66171875 0.10416666666666667 0.0546875
0 0.7236111111111111 0.659375 0.075 0.03046875
0 0.2125 0.65234375 0.03194444444444444 0.01328125
0 0.10138888888888889 0.63828125 0.0763888888888889 0.0421875
0 0.625 0.628125 0.06388888888888888 0.03046875
0 0.4111111111111111 0.621875 0.058333333333333334 0.03125
0 0.05694444444444444 0.6203125 0.034722222222222224 0.025
0 0.7541666666666667 0.61484375 0.03888888888888889 0.0203125
0 0.015277777777777777 0.5984375 0.05138888888888889 0.04453125
0 0.4041666666666667 0.53515625 0.04583333333333333 0.0484375
0 0.4597222222222222 0.50078125 0.04722222222222222 0.0234375
0 0.575 0.4640625 0.05 0.03203125
0 0.5416666666666666 0.43828125 0.04583333333333333 0.01875
0 0.5097222222222222 0.4140625 0.04861111111111111 0.02578125
0 0.6847222222222222 0.4109375 0.04027777777777778 0.015625
0 0.5777777777777777 0.3953125 0.06944444444444445 0.0296875
0 0.4777777777777778 0.38515625 0.05277777777777778 0.02578125
0 0.5194444444444445 0.37109375 0.029166666666666667 0.0203125
0 0.6180555555555556 0.32421875 0.08611111111111111 0.03203125
0 0.5680555555555555 0.31796875 0.044444444444444446 0.025
0 0.6097222222222223 0.30625 0.03888888888888889 0.01875
0 0.4361111111111111 0.30078125 0.044444444444444446 0.0296875
0 0.38055555555555554 0.296875 0.04583333333333333 0.02578125
0 0.5611111111111111 0.28359375 0.04027777777777778 0.02421875
0 0.7083333333333334 0.28203125 0.0375 0.01953125
0 0.6083333333333333 0.275 0.043055555555555555 0.0234375
0 0.7819444444444444 0.2734375 0.03333333333333333 0.02421875
0 0.48333333333333334 0.2375 0.043055555555555555 0.03046875
0 0.37083333333333335 0.23359375 0.05138888888888889 0.03046875
