0 0.3194444444444444 0.73515625 0.05694444444444444 0.034375
0 0.25416666666666665 0.7265625 0.05 0.03359375
0 0.2611111111111111 0.696875 0.05416666666666667 0.028125
0 0.5694444444444444 0.69140625 0.043055555555555555 0.02421875
0 0.10277777777777777 0.6734375 0.05555555555555555 0.0234375
0 0.5888888888888889 0.6484375 0.05416666666666667 0.03125
0 0.36527777777777776 0.6484375 0.11388888888888889 0.07265625
0 0.0 0.63359375 0.02361111111111111 0.0171875
0 0.3 0.6234375 0.059722222222222225 0.03125
0 0.10833333333333334 0.59609375 0.027777777777777776 0.015625
0 0.3013888888888889 0.5859375 0.04583333333333333 0.021875
0 0.7305555555555555 0.5703125 0.041666666666666664 0.021875
0 0.9819444444444444 0.540625 0.018055555555555554 0.009375
0 0.8902777777777777 0.53828125 0.044444444444444446 0.0296875
0 0.07777777777777778 0.53125 0.027777777777777776 0.01953125
0 0.9305555555555556 0.509375 0.06527777777777778 0.02890625
0 0.8194444444444444 0.46328125 0.016666666666666666 0.028125
0 0.7402777777777778 0.4109375 0.03333333333333333 0.015625
0 0.8138888888888889 0.36328125 0.034722222222222224 0.015625
0 0.2263888888888889 0.3359375 0.030555555555555555 0.0125
0 0.6236111111111111 0.328125 0.041666666666666664 0.01875
0 0.7847222222222222 0.3234375 0.029166666666666667 0.02734375
0 0.24722222222222223 0.31796875 0.029166666666666667 0.0125
0 0.7291666666666666 0.30078125 0.05277777777777778 0.02890625
0 0.6486111111111111 0.296875 0.044444444444444446 0.0296875
0 0.7 0.27578125 0.058333333333333334 0.03203125
0 0.3763888888888889 0.27578125 0.03333333333333333 0.0125
0 0.32222222222222224 0.25703125 0.044444444444444446 0.025
0 0.18194444444444444 0.25078125 0.0625 0.03046875
0 0.0125 0.2484375 0.075 0.03359375
0 0.8791666666666667 0.240625 0.03194444444444444 0.01484375
0 0.5916666666666667 0.2375 0.029166666666666667 0.02109375
0 0.001388888888888889 0.2375 0.022222222222222223 0.0109375
0 0.8236111111111111 0.22890625 0.043055555555555555 0.025
0 0.9736111111111111 0.2125 0.025 0.0203125
0 0.23472222222222222 0.209375 0.058333333333333334 0.02890625
0 0.11944444444444445 0.209375 0.018055555555555554 0.0203125
0 0.8625 0.2015625 0.030555555555555555 0.0109375
0 0.8944444444444445 0.1984375 0.020833333333333332 0.02421875
0 0.39305555555555555 0.1984375 0.03333333333333333 0.015625
0 0.06944444444444445 0.196875 0.04861111111111111 0.02734375
0 0.002777777777777778 0.19375 0.022222222222222223 0.01640625
0 0.38055555555555554 0.184375 0.027777777777777776 0.0125
0 0.9083333333333333 0.1828125 0.059722222222222225 0.03046875
0 0.5388888888888889 0.17734375 0.034722222222222224 0.0171875
0 0.2611111111111111 0.16953125 0.0375 0.01640625
0 0.8611111111111112 0.16796875 0.04027777777777778 0.02109375
0 0.6527777777777778 0.16640625 0.04027777777777778 0.015625
0 0.7680555555555556 0.16015625 0.058333333333333334 0.03125
0 0.925 0.153125 0.05277777777777778 0.03359375
0 0.5097222222222222 0.153125 0.05694444444444444 0.0234375
0 0.6083333333333333 0.14375 0.03611111111111111 0.01953125
0 0.044444444444444446 0.1421875 0.030555555555555555 0.01796875
0 0.5708333333333333 0.14140625 0.0375 0.02109375
0 0.43194444444444446 0.1390625 0.0375 0.02265625
0 0.5027777777777778 0.13359375 0.03333333333333333 0.01640625
0 0.15555555555555556 0.1328125 0.05416666666666667 0.0296875
0 0.2777777777777778 0.1234375 0.1 0.04140625
0 0.5888888888888889 0.11875 0.03194444444444444 0.01796875
0 0.8208333333333333 0.1140625 0.02638888888888889 0.01953125
0 0.9472222222222222 0.11328125 0.04027777777777778 0.025
0 0.7638888888888888 0.0953125 0.03333333333333333 0.0203125
0 0.013888888888888888 0.09140625 0.025 0.01484375
0 0.6013888888888889 0.0796875 0.03194444444444444 0.0203125
0 0.3138888888888889 0.0796875 0.06111111111111111 0.03515625
0 0.3638888888888889 0.0734375 0.043055555555555555 0.0171875
0 0.7694444444444445 0.06328125 0.03611111111111111 0.021875
0 0.6375 0.0609375 0.03611111111111111 0.01953125
0 0.49166666666666664 0.0609375 0.034722222222222224 0.015625
0 0.15694444444444444 0.05546875 0.05277777777777778 0.03671875
0 0.8333333333333334 0.04609375 0.025 0.01953125
0 0.9819444444444444 0.03203125 0.018055555555555554 0.021875
0 0.7972222222222223 0.0296875 0.03333333333333333 0.02734375
0 0.0 0.02890625 0.07083333333333333 0.02890625
0 0.8444444444444444 0.0234375 0.022222222222222223 0.015625
0 0.55 0.0234375 0.09444444444444444 0.06328125
0 0.49027777777777776 0.021875 0.019444444444444445 0.01953125
0 0.15416666666666667 0.01328125 0.02638888888888889 0.021875
0 0.42916666666666664 0.0109375 0.058333333333333334 0.0359375
0 0.6138888888888889 0.00859375 0.02638888888888889 0.021875
0 0.4027777777777778 0.00390625 0.034722222222222224 0.01640625
0 0.5736111111111111 0.00078125 0.03888888888888889 0.015625
0 0.7347222222222223 0.0 0.03888888888888889 0.0203125
