0 0.8138888888888889 0.78359375 0.07777777777777778 0.0421875
0 0.07361111111111111 0.73984375 0.04027777777777778 0.02421875
0 0.3388888888888889 0.68515625 0.0375 0.01796875
0 0.002777777777777778 0.67734375 0.03194444444444444 0.02578125
0 0.5361111111111111 0.6734375 0.029166666666666667 0.02421875
0 0.4638888888888889 0.63125 0.06666666666666667 0.0390625
0 0.29305555555555557 0.615625 0.05694444444444444 0.02109375
0 0.5055555555555555 0.59296875 0.0763888888888889 0.05703125
0 0.03194444444444444 0.57734375 0.04027777777777778 0.02421875
0 0.6152777777777778 0.56796875 0.0763888888888889 0.03828125
0 0.075 0.565625 0.05416666666666667 0.0203125
0 0.25416666666666665 0.56015625 0.04722222222222222 0.0265625
0 0.4361111111111111 0.5515625 0.0625 0.03359375
0 0.7138888888888889 0.5375 0.07083333333333333 0.0375
0 0.65 0.51953125 0.05416666666666667 0.0265625
0 0.26666666666666666 0.5078125 0.058333333333333334 0.025
0 0.75 0.48359375 0.043055555555555555 0.01015625
0 0.05416666666666667 0.4640625 0.027777777777777776 0.0328125
0 0.10833333333333334 0.45078125 0.04583333333333333 0.0328125
0 0.08333333333333333 0.43515625 0.04861111111111111 0.015625
0 0.6652777777777777 0.42890625 0.06944444444444445 0.03828125
0 0.5972222222222222 0.41875 0.0375 0.021875
0 0.525 0.3625 0.025 0.0234375
0 0.475 0.28671875 0.03194444444444444 0.0203125
0 0.4013888888888889 0.28125 0.04861111111111111 0.0375
0 0.8458333333333333 0.2703125 0.059722222222222225 0.0296875
0 0.36666666666666664 0.26171875 0.0375 0.0140625
0 0.7736111111111111 0.2546875 0.06527777777777778 0.02734375
0 0.30972222222222223 0.25078125 0.05277777777777778 0.02109375
0 0.46805555555555556 0.20703125 0.041666666666666664 0.03046875
0 0.4791666666666667 0.15625 0.18194444444444444 0.05234375
0 0.425 0.11875 0.06666666666666667 0.03203125
0 0.5666666666666667 0.115625 0.05694444444444444 0.02265625
0 0.5041666666666667 0.1015625 0.06111111111111111 0.0390625
0 0.4736111111111111 0.04765625 0.06388888888888888 0.0328125
0 0.525 0.0140625 0.10555555555555556 0.040625
0 0.5027777777777778 0.00078125 0.05277777777777778 0.0234375
