0 0.25833333333333336 0.9 0.06527777777777778 0.03203125
0 0.18472222222222223 0.8921875 0.04861111111111111 0.02265625
0 0.30972222222222223 0.8734375 0.05277777777777778 0.0265625
0 0.7597222222222222 0.8375 0.043055555555555555 0.02734375
0 0.8069444444444445 0.8265625 0.044444444444444446 0.03203125
0 0.5055555555555555 0.796875 0.0375 0.0234375
0 0.13333333333333333 0.7859375 0.03611111111111111 0.02265625
0 0.4388888888888889 0.78203125 0.05 0.028125
0 0.05694444444444444 0.77421875 0.05416666666666667 0.025
0 0.34305555555555556 0.75234375 0.05277777777777778 0.02890625
0 0.24027777777777778 0.7515625 0.05694444444444444 0.028125
0 0.001388888888888889 0.75 0.06388888888888888 0.03125
0 0.4041666666666667 0.74609375 0.03194444444444444 0.0296875
0 0.5944444444444444 0.740625 0.034722222222222224 0.025
0 0.05138888888888889 0.70234375 0.10555555555555556 0.05390625
0 0.022222222222222223 0.6921875 0.04027777777777778 0.01484375
0 0.7597222222222222 0.68046875 0.04861111111111111 0.02109375
0 0.13055555555555556 0.6671875 0.059722222222222225 0.0296875
0 0.49444444444444446 0.66015625 0.04861111111111111 0.02421875
0 0.7208333333333333 0.60546875 0.059722222222222225 0.03046875
0 0.4722222222222222 0.59453125 0.04861111111111111 0.02578125
0 0.8416666666666667 0.590625 0.059722222222222225 0.02421875
0 0.6430555555555556 0.58984375 0.06527777777777778 0.02578125
0 0.8097222222222222 0.54296875 0.06111111111111111 0.03203125
0 0.8722222222222222 0.51875 0.041666666666666664 0.021875
0 0.9638888888888889 0.509375 0.03611111111111111 0.01015625
0 0.6958333333333333 0.5 0.07083333333333333 0.0328125
0 0.5361111111111111 0.490625 0.04027777777777778 0.0265625
0 0.02361111111111111 0.48515625 0.06944444444444445 0.03828125
0 0.7625 0.45703125 0.1125 0.04921875
0 0.8708333333333333 0.446875 0.043055555555555555 0.025
0 0.9416666666666667 0.44453125 0.05555555555555555 0.028125
0 0.3972222222222222 0.34296875 0.06111111111111111 0.02890625
0 0.7958333333333333 0.33828125 0.12361111111111112 0.0640625
0 0.7347222222222223 0.3234375 0.04027777777777778 0.01875
0 0.4708333333333333 0.32265625 0.06388888888888888 0.03125
0 0.8930555555555556 0.31015625 0.07777777777777778 0.0609375
0 0.8027777777777778 0.290625 0.06111111111111111 0.02578125
0 0.7319444444444444 0.28125 0.025 0.02109375
0 0.7583333333333333 0.2578125 0.03888888888888889 0.02578125
0 0.6458333333333334 0.23046875 0.10833333333333334 0.0578125
0 0.7861111111111111 0.21328125 0.09166666666666666 0.0328125
0 0.6625 0.18671875 0.059722222222222225 0.03984375
0 0.7611111111111111 0.15390625 0.06111111111111111 0.034375
0 0.6638888888888889 0.14765625 0.058333333333333334 0.03203125
0 0.7305555555555555 0.08984375 0.06944444444444445 0.059375
