0 0.9861111111111112 0.72265625 0.013888888888888888 0.021875
0 0.8763888888888889 0.7078125 0.03333333333333333 0.0171875
0 0.018055555555555554 0.6890625 0.03333333333333333 0.0234375
0 0.6625 0.62578125 0.04027777777777778 0.0171875
0 0.8013888888888889 0.55234375 0.03888888888888889 0.02421875
0 0.7819444444444444 0.50390625 0.027777777777777776 0.01640625
0 0.8333333333333334 0.49296875 0.025 0.01796875
0 0.24166666666666667 0.46953125 0.04861111111111111 0.01640625
0 0.7847222222222222 0.4671875 0.04722222222222222 0.01875
0 0.9694444444444444 0.4640625 0.029166666666666667 0.02421875
0 0.8319444444444445 0.45625 0.058333333333333334 0.03359375
0 0.8 0.40859375 0.041666666666666664 0.01484375
0 0.7222222222222222 0.40703125 0.025 0.01328125
0 0.8736111111111111 0.40234375 0.030555555555555555 0.01640625
0 0.8138888888888889 0.390625 0.03194444444444444 0.01796875
0 0.8430555555555556 0.33671875 0.044444444444444446 0.02734375
0 0.7736111111111111 0.3171875 0.05277777777777778 0.0296875
0 0.9347222222222222 0.29921875 0.05138888888888889 0.0203125
0 0.8013888888888889 0.23828125 0.10694444444444444 0.0625
0 0.2638888888888889 0.23203125 0.07222222222222222 0.03046875
0 0.8888888888888888 0.22890625 0.09444444444444444 0.034375
0 0.7694444444444445 0.196875 0.04722222222222222 0.02578125
0 0.24027777777777778 0.16328125 0.027777777777777776 0.01953125
0 0.8444444444444444 0.15234375 0.06527777777777778 0.02734375
0 0.8819444444444444 0.146875 0.025 0.00703125
0 0.03611111111111111 0.14453125 0.043055555555555555 0.02421875
0 0.001388888888888889 0.1140625 0.043055555555555555 0.02265625
0 0.041666666666666664 0.09375 0.05555555555555555 0.0375
0 0.002777777777777778 0.08671875 0.027777777777777776 0.01875
0 0.9361111111111111 0.03828125 0.05 0.03203125
