0 0.03888888888888889 0.6890625 0.025 0.0171875
0 0.31666666666666665 0.66640625 0.020833333333333332 0.01328125
0 0.9944444444444445 0.65234375 0.005555555555555556 0.00625
0 0.46111111111111114 0.65 0.015277777777777777 0.009375
0 0.9652777777777778 0.64296875 0.02638888888888889 0.01640625
0 0.24305555555555555 0.63828125 0.018055555555555554 0.00703125
0 0.5319444444444444 0.6375 0.030555555555555555 0.0203125
0 0.7041666666666667 0.63125 0.02638888888888889 0.01953125
0 0.2388888888888889 0.62421875 0.034722222222222224 0.01171875
0 0.11388888888888889 0.6203125 0.018055555555555554 0.0171875
0 0.625 0.61875 0.03194444444444444 0.01796875
0 0.9694444444444444 0.61640625 0.02361111111111111 0.015625
0 0.5583333333333333 0.61015625 0.020833333333333332 0.01484375
0 0.24027777777777778 0.60390625 0.013888888888888888 0.01015625
0 0.7347222222222223 0.5890625 0.025 0.01875
0 0.5041666666666667 0.5875 0.0125 0.01640625
0 0.02638888888888889 0.5828125 0.03333333333333333 0.021875
0 0.7875 0.58125 0.016666666666666666 0.0078125
0 0.7138888888888889 0.5796875 0.018055555555555554 0.015625
0 0.6444444444444445 0.56015625 0.029166666666666667 0.01640625
0 0.9791666666666666 0.5578125 0.015277777777777777 0.0171875
0 0.36527777777777776 0.55625 0.02638888888888889 0.01484375
0 0.6541666666666667 0.54921875 0.019444444444444445 0.0125
0 0.425 0.54375 0.022222222222222223 0.01015625
0 0.5152777777777777 0.540625 0.015277777777777777 0.0078125
0 0.9083333333333333 0.5390625 0.041666666666666664 0.0296875
0 0.8847222222222222 0.53671875 0.015277777777777777 0.01640625
0 0.675 0.52421875 0.027777777777777776 0.0140625
0 0.7041666666666667 0.50390625 0.0125 0.00546875
0 0.6652777777777777 0.50390625 0.027777777777777776 0.0125
0 0.7625 0.47421875 0.020833333333333332 0.0109375
0 0.6708333333333333 0.47265625 0.027777777777777776 0.015625
0 0.7916666666666666 0.45859375 0.016666666666666666 0.01171875
0 0.12083333333333333 0.43359375 0.03194444444444444 0.02421875
0 0.08333333333333333 0.42109375 0.025 0.0171875
0 0.7847222222222222 0.41328125 0.019444444444444445 0.02265625
0 0.001388888888888889 0.4125 0.02638888888888889 0.01484375
0 0.043055555555555555 0.4078125 0.02638888888888889 0.01953125
0 0.8222222222222222 0.4046875 0.03333333333333333 0.0203125
0 0.7208333333333333 0.4046875 0.020833333333333332 0.0140625
0 0.09583333333333334 0.40390625 0.030555555555555555 0.0171875
0 0.9875 0.39375 0.011111111111111112 0.00625
0 0.5180555555555556 0.3828125 0.011111111111111112 0.01484375
0 0.8722222222222222 0.35703125 0.044444444444444446 0.040625
0 0.8180555555555555 0.353125 0.019444444444444445 0.0171875
0 0.6972222222222222 0.3515625 0.02638888888888889 0.01796875
0 0.9694444444444444 0.3453125 0.027777777777777776 0.01640625
0 0.5958333333333333 0.33671875 0.029166666666666667 0.01328125
0 0.8083333333333333 0.334375 0.018055555555555554 0.0078125
0 0.5736111111111111 0.3296875 0.019444444444444445 0.0140625
0 0.6152777777777778 0.31953125 0.025 0.015625
0 0.7791666666666667 0.3109375 0.03611111111111111 0.015625
0 0.7166666666666667 0.31015625 0.02638888888888889 0.0125
0 0.5583333333333333 0.3046875 0.011111111111111112 0.0140625
0 0.9291666666666667 0.25078125 0.022222222222222223 0.01328125
0 0.8777777777777778 0.2265625 0.02361111111111111 0.015625
0 0.9791666666666666 0.22109375 0.020833333333333332 0.015625
0 0.7958333333333333 0.21328125 0.05694444444444444 0.021875
0 0.8847222222222222 0.21171875 0.02638888888888889 0.01328125
0 0.9166666666666666 0.20625 0.030555555555555555 0.015625
0 0.8166666666666667 0.203125 0.015277777777777777 0.00859375
0 0.8805555555555555 0.19609375 0.029166666666666667 0.0125
0 0.9111111111111111 0.1703125 0.022222222222222223 0.01796875
0 0.9444444444444444 0.16328125 0.0125 0.01171875
0 0.875 0.14609375 0.02638888888888889 0.0125
