0 0.3138888888888889 0.57265625 0.02361111111111111 0.015625
0 0.1527777777777778 0.5109375 0.05138888888888889 0.0328125
0 0.09305555555555556 0.471875 0.027777777777777776 0.021875
0 0.4861111111111111 0.46875 0.02638888888888889 0.0109375
0 0.16944444444444445 0.4546875 0.05277777777777778 0.04921875
0 0.5763888888888888 0.4515625 0.027777777777777776 0.009375
0 0.6166666666666667 0.44296875 0.03194444444444444 0.02421875
0 0.2875 0.3859375 0.025 0.0125
0 0.6444444444444445 0.38515625 0.02361111111111111 0.015625
0 0.6208333333333333 0.3828125 0.018055555555555554 0.01328125
0 0.5138888888888888 0.359375 0.025 0.01484375
0 0.03611111111111111 0.359375 0.03194444444444444 0.01875
0 0.07777777777777778 0.35703125 0.02638888888888889 0.0125
0 0.40555555555555556 0.3515625 0.029166666666666667 0.0203125
0 0.35 0.34609375 0.03611111111111111 0.01484375
0 0.002777777777777778 0.334375 0.034722222222222224 0.0171875
0 0.3625 0.328125 0.03194444444444444 0.01796875
0 0.4125 0.3265625 0.03611111111111111 0.02109375
0 0.2638888888888889 0.3265625 0.029166666666666667 0.01484375
0 0.0125 0.31484375 0.03333333333333333 0.01796875
0 0.31805555555555554 0.31328125 0.019444444444444445 0.01875
0 0.3333333333333333 0.3046875 0.034722222222222224 0.015625
0 0.39444444444444443 0.28984375 0.029166666666666667 0.01328125
0 0.1111111111111111 0.2796875 0.030555555555555555 0.01875
0 0.08611111111111111 0.27890625 0.02361111111111111 0.01640625
0 0.08472222222222223 0.2625 0.034722222222222224 0.01953125
0 0.25833333333333336 0.259375 0.016666666666666666 0.009375
0 0.001388888888888889 0.25859375 0.018055555555555554 0.015625
0 0.2986111111111111 0.221875 0.029166666666666667 0.0140625
0 0.18194444444444444 0.20078125 0.03611111111111111 0.01953125
0 0.05555555555555555 0.1765625 0.03333333333333333 0.01640625
0 0.030555555555555555 0.17109375 0.027777777777777776 0.01484375
