0 0.1125 0.97109375 0.04027777777777778 0.0234375
0 0.7625 0.95859375 0.06388888888888888 0.03828125
0 0.11527777777777778 0.921875 0.03888888888888889 0.028125
0 0.7180555555555556 0.89609375 0.058333333333333334 0.03671875
0 0.03194444444444444 0.8953125 0.04722222222222222 0.02109375
0 0.030555555555555555 0.86796875 0.03611111111111111 0.02890625
0 0.11944444444444445 0.82578125 0.018055555555555554 0.01484375
0 0.025 0.815625 0.03888888888888889 0.02734375
0 0.3736111111111111 0.80859375 0.05555555555555555 0.028125
0 0.1375 0.7890625 0.03333333333333333 0.02109375
0 0.5777777777777777 0.75703125 0.12222222222222222 0.0546875
0 0.0 0.75234375 0.030555555555555555 0.02578125
0 0.4597222222222222 0.72109375 0.05694444444444444 0.0453125
0 0.6319444444444444 0.70859375 0.03611111111111111 0.0109375
0 0.001388888888888889 0.69921875 0.029166666666666667 0.02578125
0 0.725 0.684375 0.020833333333333332 0.0171875
0 0.5097222222222222 0.68203125 0.05555555555555555 0.03046875
0 0.6583333333333333 0.678125 0.041666666666666664 0.0234375
0 0.49444444444444446 0.63203125 0.016666666666666666 0.015625
0 0.26666666666666666 0.63046875 0.05694444444444444 0.01875
0 0.6763888888888889 0.62421875 0.09722222222222222 0.0453125
0 0.3888888888888889 0.6234375 0.09305555555555556 0.03125
0 0.5652777777777778 0.6 0.07777777777777778 0.0578125
0 0.46805555555555556 0.5984375 0.016666666666666666 0.02265625
0 0.3277777777777778 0.5984375 0.04027777777777778 0.015625
0 0.4125 0.58984375 0.03611111111111111 0.02734375
0 0.3541666666666667 0.546875 0.07777777777777778 0.0421875
0 0.5708333333333333 0.53828125 0.09305555555555556 0.02890625
0 0.7111111111111111 0.42421875 0.09305555555555556 0.0375
0 0.5805555555555556 0.40546875 0.05555555555555555 0.025
0 0.475 0.384375 0.059722222222222225 0.028125
0 0.5305555555555556 0.35703125 0.0375 0.03203125
0 0.42777777777777776 0.3515625 0.058333333333333334 0.025
0 0.6694444444444444 0.32578125 0.05 0.0265625
0 0.5097222222222222 0.31953125 0.05277777777777778 0.0359375
0 0.4875 0.29140625 0.05277777777777778 0.028125
0 0.6277777777777778 0.253125 0.04861111111111111 0.03515625
0 0.6305555555555555 0.2265625 0.10555555555555556 0.0578125
