0 0.8291666666666667 0.85 0.059722222222222225 0.03515625
0 0.8902777777777777 0.84609375 0.05694444444444444 0.02421875
0 0.7402777777777778 0.784375 0.05 0.02265625
0 0.001388888888888889 0.74453125 0.05277777777777778 0.02890625
0 0.8777777777777778 0.73984375 0.03333333333333333 0.0171875
0 0.5930555555555556 0.72421875 0.044444444444444446 0.02265625
0 0.4583333333333333 0.715625 0.05 0.02890625
0 0.6333333333333333 0.709375 0.05 0.02265625
0 0.09861111111111111 0.70703125 0.08333333333333333 0.0296875
0 0.7861111111111111 0.67578125 0.04722222222222222 0.0234375
0 0.10138888888888889 0.67578125 0.043055555555555555 0.02578125
0 0.5972222222222222 0.66328125 0.03888888888888889 0.02421875
0 0.6888888888888889 0.6625 0.03333333333333333 0.04765625
0 0.5319444444444444 0.64609375 0.06944444444444445 0.0296875
0 0.11388888888888889 0.64609375 0.041666666666666664 0.028125
0 0.25972222222222224 0.6421875 0.029166666666666667 0.01171875
0 0.37222222222222223 0.634375 0.027777777777777776 0.01796875
0 0.6722222222222223 0.5640625 0.05416666666666667 0.021875
0 0.6402777777777777 0.5046875 0.125 0.04921875
0 0.5791666666666667 0.49765625 0.03888888888888889 0.0375
0 0.2152777777777778 0.4921875 0.044444444444444446 0.02109375
0 0.17916666666666667 0.49140625 0.0375 0.0171875
0 0.041666666666666664 0.4765625 0.06388888888888888 0.06484375
0 0.1125 0.45234375 0.06944444444444445 0.03828125
0 0.06527777777777778 0.43203125 0.044444444444444446 0.025
