0 0.9847222222222223 0.59921875 0.015277777777777777 0.009375
0 0.9819444444444444 0.5515625 0.018055555555555554 0.01484375
0 0.8305555555555556 0.53125 0.02361111111111111 0.009375
0 0.3638888888888889 0.52265625 0.04583333333333333 0.02734375
0 0.3375 0.52109375 0.030555555555555555 0.021875
0 0.2902777777777778 0.52109375 0.044444444444444446 0.025
0 0.7722222222222223 0.5140625 0.04861111111111111 0.0265625
0 0.4097222222222222 0.4953125 0.04027777777777778 0.02421875
0 0.28055555555555556 0.48359375 0.02638888888888889 0.01484375
0 0.5041666666666667 0.475 0.058333333333333334 0.02109375
0 0.08194444444444444 0.46328125 0.03333333333333333 0.01875
0 0.2847222222222222 0.45390625 0.03333333333333333 0.021875
0 0.05694444444444444 0.45 0.020833333333333332 0.01640625
0 0.44305555555555554 0.43828125 0.025 0.01796875
0 0.001388888888888889 0.43828125 0.03888888888888889 0.0234375
0 0.5208333333333334 0.43515625 0.030555555555555555 0.01796875
0 0.5916666666666667 0.43203125 0.022222222222222223 0.0140625
0 0.11527777777777778 0.42890625 0.034722222222222224 0.0171875
0 0.1875 0.428125 0.030555555555555555 0.0109375
0 0.8236111111111111 0.42734375 0.034722222222222224 0.01328125
0 0.49027777777777776 0.39921875 0.04583333333333333 0.0296875
0 0.0 0.3890625 0.015277777777777777 0.02265625
0 0.5555555555555556 0.365625 0.02638888888888889 0.02109375
0 0.8111111111111111 0.36015625 0.043055555555555555 0.02109375
0 0.47638888888888886 0.35078125 0.044444444444444446 0.025
0 0.4361111111111111 0.3484375 0.029166666666666667 0.01640625
0 0.6027777777777777 0.34609375 0.030555555555555555 0.0171875
0 0.5416666666666666 0.32421875 0.03888888888888889 0.02265625
0 0.7597222222222222 0.3234375 0.013888888888888888 0.0125
0 0.7236111111111111 0.31171875 0.016666666666666666 0.02421875
0 0.8 0.31015625 0.044444444444444446 0.03203125
0 0.9083333333333333 0.309375 0.03888888888888889 0.0234375
0 0.325 0.30234375 0.03611111111111111 0.01796875
0 0.22083333333333333 0.29375 0.030555555555555555 0.0203125
0 0.13472222222222222 0.29140625 0.0375 0.01484375
0 0.45416666666666666 0.290625 0.027777777777777776 0.021875
0 0.1875 0.2875 0.03194444444444444 0.0203125
0 0.6055555555555555 0.27109375 0.022222222222222223 0.021875
0 0.8652777777777778 0.2703125 0.027777777777777776 0.01953125
0 0.6541666666666667 0.26328125 0.043055555555555555 0.025
0 0.625 0.2453125 0.025 0.00859375
0 0.21388888888888888 0.240625 0.030555555555555555 0.01484375
0 0.4861111111111111 0.221875 0.03333333333333333 0.02109375
0 0.44305555555555554 0.21328125 0.029166666666666667 0.02109375
0 0.30277777777777776 0.2109375 0.03194444444444444 0.01875
0 0.7152777777777778 0.20703125 0.025 0.015625
0 0.2513888888888889 0.20703125 0.03333333333333333 0.02109375
0 0.3402777777777778 0.203125 0.03194444444444444 0.0171875
0 0.6083333333333333 0.19609375 0.0875 0.0328125
0 0.08055555555555556 0.1953125 0.05 0.02109375
0 0.36666666666666664 0.18984375 0.05555555555555555 0.0296875
0 0.2791666666666667 0.1875 0.0625 0.01875
0 0.3972222222222222 0.178125 0.034722222222222224 0.01953125
0 0.20972222222222223 0.1734375 0.034722222222222224 0.015625
0 0.31805555555555554 0.16875 0.034722222222222224 0.0171875
0 0.46805555555555556 0.16484375 0.058333333333333334 0.05390625
0 0.3611111111111111 0.1640625 0.03888888888888889 0.01640625
0 0.6041666666666666 0.16328125 0.03888888888888889 0.021875
0 0.23472222222222222 0.15390625 0.03611111111111111 0.025
0 0.29444444444444445 0.15078125 0.03194444444444444 0.01796875
0 0.5388888888888889 0.1421875 0.06805555555555555 0.0421875
0 0.45 0.1375 0.02361111111111111 0.0234375
0 0.28888888888888886 0.11796875 0.03611111111111111 0.0203125
0 0.37777777777777777 0.1015625 0.06944444444444445 0.0390625
