0 0.3458333333333333 0.6984375 0.04861111111111111 0.028125
0 0.5041666666666667 0.66484375 0.04583333333333333 0.02421875
0 0.14722222222222223 0.5828125 0.02361111111111111 0.02578125
0 0.1361111111111111 0.56875 0.041666666666666664 0.0125
0 0.22777777777777777 0.47734375 0.03333333333333333 0.02421875
0 0.15 0.46328125 0.04583333333333333 0.01328125
0 0.16527777777777777 0.4375 0.04583333333333333 0.02578125
0 0.7819444444444444 0.42578125 0.05416666666666667 0.0265625
0 0.1 0.415625 0.058333333333333334 0.04765625
0 0.001388888888888889 0.3578125 0.0125 0.0265625
0 0.15416666666666667 0.334375 0.034722222222222224 0.02578125
0 0.09027777777777778 0.33046875 0.04583333333333333 0.021875
0 0.18888888888888888 0.29375 0.09861111111111111 0.0546875
0 0.1375 0.26484375 0.05416666666666667 0.02109375
0 0.15694444444444444 0.24296875 0.03611111111111111 0.02109375
0 0.0 0.21953125 0.027777777777777776 0.0421875
0 0.23194444444444445 0.18125 0.043055555555555555 0.0265625
0 0.7513888888888889 0.1796875 0.09305555555555556 0.0390625
0 0.0 0.178125 0.03333333333333333 0.03203125
0 0.13333333333333333 0.1390625 0.04583333333333333 0.0203125
0 0.001388888888888889 0.13515625 0.03888888888888889 0.03125
0 0.7569444444444444 0.10859375 0.0375 0.02265625
0 0.5625 0.025 0.13055555555555556 0.05078125
0 0.03888888888888889 0.02265625 0.04722222222222222 0.03828125
0 0.5708333333333333 0.02109375 0.05138888888888889 0.0265625
