0 0.45694444444444443 0.83046875 0.10694444444444444 0.04609375
0 0.001388888888888889 0.784375 0.11944444444444445 0.0515625
0 0.16527777777777777 0.75859375 0.058333333333333334 0.03515625
0 0.4097222222222222 0.6390625 0.05694444444444444 0.0390625
0 0.46944444444444444 0.63828125 0.04861111111111111 0.0296875
0 0.6694444444444444 0.58359375 0.034722222222222224 0.0234375
0 0.3611111111111111 0.5734375 0.05694444444444444 0.02578125
0 0.8 0.53671875 0.044444444444444446 0.02421875
0 0.425 0.5203125 0.04722222222222222 0.021875
0 0.04861111111111111 0.5171875 0.04722222222222222 0.025
0 0.8527777777777777 0.515625 0.09583333333333334 0.0359375
0 0.6402777777777777 0.5140625 0.0763888888888889 0.04921875
0 0.7402777777777778 0.50703125 0.03194444444444444 0.0234375
0 0.49444444444444446 0.50234375 0.06666666666666667 0.0375
0 0.6111111111111112 0.46171875 0.058333333333333334 0.03203125
0 0.5333333333333333 0.46015625 0.034722222222222224 0.0109375
0 0.8013888888888889 0.44609375 0.06805555555555555 0.03515625
0 0.6125 0.421875 0.0625 0.028125
0 0.3902777777777778 0.41640625 0.044444444444444446 0.01953125
0 0.7027777777777777 0.384375 0.06666666666666667 0.0421875
0 0.6763888888888889 0.3390625 0.07777777777777778 0.046875
0 0.9166666666666666 0.3203125 0.08333333333333333 0.03125
0 0.5277777777777778 0.3078125 0.12638888888888888 0.09453125
0 0.7694444444444445 0.30546875 0.058333333333333334 0.01953125
0 0.16666666666666666 0.2921875 0.044444444444444446 0.02890625
0 0.8458333333333333 0.275 0.09027777777777778 0.0515625
0 0.2388888888888889 0.27109375 0.05 0.03203125
0 0.12638888888888888 0.25859375 0.03611111111111111 0.02265625
0 0.4152777777777778 0.25078125 0.17916666666666667 0.0671875
0 0.3013888888888889 0.22265625 0.06805555555555555 0.03984375
0 0.02638888888888889 0.2171875 0.1111111111111111 0.0453125
0 0.7833333333333333 0.215625 0.0375 0.028125
0 0.3875 0.2140625 0.075 0.03671875
0 0.23333333333333334 0.20703125 0.025 0.01953125
0 0.6513888888888889 0.196875 0.03888888888888889 0.0171875
0 0.15833333333333333 0.1953125 0.07083333333333333 0.07109375
0 0.7222222222222222 0.19453125 0.0375 0.0265625
0 0.005555555555555556 0.16953125 0.05555555555555555 0.03515625
0 0.25555555555555554 0.13984375 0.15416666666666667 0.04921875
0 0.018055555555555554 0.12421875 0.03611111111111111 0.0203125
0 0.3013888888888889 0.1140625 0.041666666666666664 0.02421875
0 0.12638888888888888 0.10546875 0.019444444444444445 0.01640625
0 0.5958333333333333 0.09921875 0.058333333333333334 0.0390625
0 0.06388888888888888 0.08359375 0.04722222222222222 0.025
0 0.2013888888888889 0.0765625 0.05277777777777778 0.0328125
0 0.0 0.071875 0.058333333333333334 0.04296875
0 0.3347222222222222 0.0703125 0.08611111111111111 0.03359375
0 0.5361111111111111 0.06171875 0.09722222222222222 0.0578125
0 0.17222222222222222 0.06171875 0.03333333333333333 0.015625
0 0.2763888888888889 0.0515625 0.041666666666666664 0.015625
0 0.42083333333333334 0.0421875 0.0625 0.0546875
0 0.7805555555555556 0.034375 0.17916666666666667 0.0765625
0 0.20555555555555555 0.03359375 0.05416666666666667 0.034375
0 0.6597222222222222 0.0234375 0.04583333333333333 0.02421875
0 0.5305555555555556 0.00078125 0.059722222222222225 0.0375
0 0.3736111111111111 0.00078125 0.07083333333333333 0.03203125
0 0.6194444444444445 0.0 0.034722222222222224 0.0109375
