0 0.7902777777777777 0.6265625 0.075 0.02734375
0 0.06805555555555555 0.57734375 0.03611111111111111 0.02421875
0 0.475 0.5390625 0.059722222222222225 0.040625
0 0.32916666666666666 0.52734375 0.03611111111111111 0.0171875
0 0.6263888888888889 0.515625 0.020833333333333332 0.0234375
0 0.2361111111111111 0.5109375 0.03888888888888889 0.0171875
0 0.5444444444444444 0.47890625 0.05694444444444444 0.03671875
0 0.6194444444444445 0.475 0.041666666666666664 0.02109375
0 0.5152777777777777 0.46875 0.03333333333333333 0.0140625
0 0.32222222222222224 0.4640625 0.022222222222222223 0.015625
0 0.575 0.4390625 0.08333333333333333 0.03515625
0 0.6666666666666666 0.4203125 0.09166666666666666 0.03046875
0 0.001388888888888889 0.41953125 0.03333333333333333 0.025
0 0.2833333333333333 0.409375 0.05416666666666667 0.02265625
0 0.39305555555555555 0.40703125 0.03888888888888889 0.025
0 0.5 0.403125 0.07222222222222222 0.03671875
0 0.0375 0.403125 0.05277777777777778 0.0265625
0 0.7722222222222223 0.38828125 0.058333333333333334 0.03203125
0 0.7194444444444444 0.371875 0.034722222222222224 0.03046875
0 0.2861111111111111 0.3546875 0.07916666666666666 0.0265625
0 0.37777777777777777 0.353125 0.018055555555555554 0.01953125
0 0.0 0.32265625 0.04027777777777778 0.02421875
0 0.09583333333333334 0.30703125 0.044444444444444446 0.03828125
0 0.15 0.2953125 0.05 0.02890625
0 0.7083333333333334 0.2828125 0.025 0.03046875
0 0.12222222222222222 0.278125 0.041666666666666664 0.01328125
0 0.31527777777777777 0.1921875 0.030555555555555555 0.01796875
0 0.8513888888888889 0.1296875 0.05277777777777778 0.02890625
0 0.4097222222222222 0.1234375 0.04583333333333333 0.02734375
0 0.45 0.11953125 0.04583333333333333 0.01875
0 0.7847222222222222 0.10703125 0.059722222222222225 0.02734375
0 0.4083333333333333 0.08203125 0.03333333333333333 0.03203125
0 0.3347222222222222 0.07734375 0.058333333333333334 0.0296875
0 0.4652777777777778 0.0328125 0.06805555555555555 0.0515625
0 0.5458333333333333 0.0 0.15833333333333333 0.04921875
