0 0.27361111111111114 0.88984375 0.05 0.03125
0 0.19305555555555556 0.88984375 0.05694444444444444 0.04296875
0 0.6222222222222222 0.82578125 0.08055555555555556 0.03359375
0 0.13055555555555556 0.79609375 0.07777777777777778 0.053125
0 0.21388888888888888 0.76328125 0.04027777777777778 0.01953125
0 0.1125 0.76171875 0.05416666666666667 0.0375
0 0.2513888888888889 0.7484375 0.04027777777777778 0.0265625
0 0.10833333333333334 0.7234375 0.05694444444444444 0.02890625
0 0.19583333333333333 0.66640625 0.041666666666666664 0.02734375
0 0.12361111111111112 0.659375 0.0763888888888889 0.05390625
0 0.09166666666666666 0.6296875 0.027777777777777776 0.01484375
0 0.0 0.62265625 0.0375 0.0265625
0 0.15694444444444444 0.59921875 0.05416666666666667 0.0265625
0 0.041666666666666664 0.58671875 0.03194444444444444 0.0234375
0 0.08194444444444444 0.584375 0.03611111111111111 0.01171875
0 0.7833333333333333 0.57734375 0.07916666666666666 0.040625
0 0.17777777777777778 0.56953125 0.05416666666666667 0.0296875
0 0.25555555555555554 0.5578125 0.03194444444444444 0.01640625
0 0.0875 0.55234375 0.02361111111111111 0.015625
0 0.7069444444444445 0.52109375 0.05277777777777778 0.03671875
0 0.7638888888888888 0.51953125 0.05555555555555555 0.03515625
0 0.15416666666666667 0.51015625 0.0763888888888889 0.04765625
0 0.025 0.46484375 0.04861111111111111 0.0234375
0 0.26944444444444443 0.44375 0.13194444444444445 0.05390625
0 0.2125 0.41484375 0.05138888888888889 0.0234375
0 0.08888888888888889 0.39296875 0.06111111111111111 0.02890625
0 0.8888888888888888 0.38515625 0.03888888888888889 0.02578125
0 0.14444444444444443 0.3515625 0.06805555555555555 0.03359375
0 0.3416666666666667 0.33828125 0.059722222222222225 0.040625
0 0.16805555555555557 0.33125 0.05694444444444444 0.02578125
0 0.001388888888888889 0.31640625 0.011111111111111112 0.003125
0 0.2652777777777778 0.30703125 0.05 0.028125
0 0.0 0.2953125 0.025 0.01953125
0 0.15 0.2640625 0.05138888888888889 0.03125
0 0.03888888888888889 0.25234375 0.030555555555555555 0.02578125
0 0.18055555555555555 0.2390625 0.0375 0.0234375
0 0.015277777777777777 0.19296875 0.05416666666666667 0.03515625
0 0.08194444444444444 0.1890625 0.11944444444444445 0.0703125
0 0.08888888888888889 0.17734375 0.044444444444444446 0.03046875
0 0.9736111111111111 0.171875 0.02638888888888889 0.05859375
0 0.08194444444444444 0.14140625 0.09583333333333334 0.040625
0 0.04027777777777778 0.11875 0.04861111111111111 0.0515625
0 0.08194444444444444 0.0640625 0.10972222222222222 0.065625
