0 0.7166666666666667 0.8171875 0.04027777777777778 0.0265625
0 0.4888888888888889 0.79765625 0.02638888888888889 0.0203125
0 0.5361111111111111 0.78671875 0.043055555555555555 0.01640625
0 0.41388888888888886 0.7296875 0.043055555555555555 0.02421875
0 0.16944444444444445 0.675 0.043055555555555555 0.025
0 0.31805555555555554 0.66484375 0.04722222222222222 0.0203125
0 0.9722222222222222 0.64375 0.027777777777777776 0.0265625
0 0.45694444444444443 0.628125 0.03888888888888889 0.02109375
0 0.8819444444444444 0.62109375 0.04583333333333333 0.025
0 0.9708333333333333 0.6203125 0.02638888888888889 0.0140625
0 0.2833333333333333 0.61953125 0.041666666666666664 0.01953125
0 0.3680555555555556 0.6171875 0.03333333333333333 0.0453125
0 0.004166666666666667 0.61015625 0.030555555555555555 0.01484375
0 0.12638888888888888 0.60390625 0.018055555555555554 0.01796875
0 0.2263888888888889 0.6015625 0.0625 0.034375
0 0.9875 0.58828125 0.0125 0.01953125
0 0.35694444444444445 0.52421875 0.04861111111111111 0.02265625
0 0.3055555555555556 0.46484375 0.10416666666666667 0.046875
0 0.25833333333333336 0.46328125 0.03333333333333333 0.0296875
