0 0.40555555555555556 0.89609375 0.02361111111111111 0.0265625
0 0.23194444444444445 0.88203125 0.08888888888888889 0.05078125
0 0.6194444444444445 0.85 0.06527777777777778 0.03125
0 0.8930555555555556 0.82734375 0.0763888888888889 0.04140625
0 0.375 0.80546875 0.04027777777777778 0.01640625
0 0.28888888888888886 0.79609375 0.05277777777777778 0.0109375
0 0.24305555555555555 0.784375 0.015277777777777777 0.0140625
0 0.9638888888888889 0.7546875 0.03611111111111111 0.028125
0 0.10138888888888889 0.73984375 0.03333333333333333 0.02265625
0 0.4361111111111111 0.69375 0.04722222222222222 0.02265625
0 0.20416666666666666 0.690625 0.09027777777777778 0.053125
0 0.8416666666666667 0.67578125 0.08472222222222223 0.04453125
0 0.03333333333333333 0.67265625 0.05277777777777778 0.0359375
0 0.4263888888888889 0.63828125 0.02638888888888889 0.028125
0 0.275 0.63828125 0.04722222222222222 0.03203125
0 0.3388888888888889 0.6359375 0.034722222222222224 0.0234375
0 0.3416666666666667 0.6125 0.03611111111111111 0.01640625
0 0.9125 0.59453125 0.08611111111111111 0.07109375
0 0.14722222222222223 0.59453125 0.08472222222222223 0.0515625
0 0.22777777777777777 0.57421875 0.05416666666666667 0.03125
0 0.18333333333333332 0.5546875 0.034722222222222224 0.021875
0 0.85 0.5421875 0.06666666666666667 0.03125
0 0.39305555555555555 0.53515625 0.016666666666666666 0.01640625
0 0.9027777777777778 0.52578125 0.05416666666666667 0.028125
0 0.43333333333333335 0.50859375 0.05694444444444444 0.02890625
0 0.9694444444444444 0.50390625 0.027777777777777776 0.02421875
0 0.2625 0.503125 0.06944444444444445 0.03828125
0 0.04583333333333333 0.41171875 0.03888888888888889 0.0328125
0 0.1 0.40859375 0.03194444444444444 0.028125
0 0.27361111111111114 0.3578125 0.06388888888888888 0.0359375
0 0.009722222222222222 0.29921875 0.0625 0.03125
0 0.9583333333333334 0.28515625 0.04027777777777778 0.0328125
0 0.18472222222222223 0.24375 0.05416666666666667 0.02890625
0 0.12638888888888888 0.2390625 0.044444444444444446 0.03125
0 0.13472222222222222 0.20546875 0.05416666666666667 0.028125
