0 0.022222222222222223 0.84453125 0.09027777777777778 0.05
0 0.46111111111111114 0.81875 0.05416666666666667 0.03203125
0 0.525 0.809375 0.058333333333333334 0.03515625
0 0.16666666666666666 0.76796875 0.07222222222222222 0.02265625
0 0.2375 0.715625 0.04861111111111111 0.02890625
0 0.8777777777777778 0.66875 0.04861111111111111 0.02578125
0 0.44583333333333336 0.66171875 0.044444444444444446 0.0203125
0 0.18472222222222223 0.634375 0.05416666666666667 0.025
0 0.6305555555555555 0.62421875 0.02638888888888889 0.025
0 0.46944444444444444 0.5828125 0.041666666666666664 0.0234375
0 0.1763888888888889 0.57578125 0.05277777777777778 0.02421875
0 0.3541666666666667 0.57109375 0.04583333333333333 0.034375
0 0.5916666666666667 0.56640625 0.05138888888888889 0.01875
0 0.6680555555555555 0.4953125 0.05277777777777778 0.021875
0 0.7861111111111111 0.48359375 0.03611111111111111 0.01484375
0 0.39861111111111114 0.475 0.08888888888888889 0.03515625
0 0.45555555555555555 0.45703125 0.025 0.01796875
0 0.5013888888888889 0.43359375 0.07777777777777778 0.05
0 0.6305555555555555 0.42734375 0.05277777777777778 0.025
0 0.5777777777777777 0.421875 0.05277777777777778 0.0296875
0 0.6958333333333333 0.4203125 0.05694444444444444 0.02734375
0 0.14166666666666666 0.3203125 0.059722222222222225 0.02890625
0 0.6402777777777777 0.31328125 0.09166666666666666 0.02890625
0 0.5291666666666667 0.309375 0.13472222222222222 0.06640625
0 0.20555555555555555 0.3 0.06111111111111111 0.03203125
0 0.6513888888888889 0.28046875 0.06666666666666667 0.0328125
0 0.5 0.2546875 0.09722222222222222 0.0328125
0 0.5013888888888889 0.22578125 0.04027777777777778 0.0234375
0 0.39305555555555555 0.21640625 0.10138888888888889 0.0390625
0 0.43194444444444446 0.20234375 0.030555555555555555 0.01875
0 0.5486111111111112 0.18203125 0.08194444444444444 0.03359375
0 0.4041666666666667 0.15625 0.058333333333333334 0.0375
0 0.4875 0.11796875 0.09027777777777778 0.0375
0 0.4361111111111111 0.11484375 0.05277777777777778 0.0296875
0 0.49166666666666664 0.05234375 0.0625 0.065625
