0 0.16111111111111112 0.6421875 0.02361111111111111 0.015625
0 0.5958333333333333 0.62265625 0.02361111111111111 0.0125
0 0.034722222222222224 0.59765625 0.029166666666666667 0.01484375
0 0.44166666666666665 0.58203125 0.030555555555555555 0.0171875
0 0.11944444444444445 0.58125 0.03194444444444444 0.01875
0 0.7152777777777778 0.56796875 0.03333333333333333 0.01796875
0 0.8694444444444445 0.55546875 0.04027777777777778 0.021875
0 0.41805555555555557 0.5484375 0.029166666666666667 0.015625
0 0.5486111111111112 0.54453125 0.03333333333333333 0.01875
0 0.001388888888888889 0.5359375 0.034722222222222224 0.02265625
0 0.6388888888888888 0.53515625 0.07083333333333333 0.02734375
0 0.18333333333333332 0.528125 0.03611111111111111 0.02421875
0 0.8458333333333333 0.521875 0.030555555555555555 0.01875
0 0.3055555555555556 0.521875 0.08333333333333333 0.02578125
0 0.4388888888888889 0.51796875 0.029166666666666667 0.015625
0 0.41388888888888886 0.51796875 0.02638888888888889 0.01640625
0 0.5944444444444444 0.509375 0.059722222222222225 0.0328125
0 0.10277777777777777 0.50078125 0.019444444444444445 0.0125
0 0.1597222222222222 0.49921875 0.02361111111111111 0.009375
0 0.04722222222222222 0.49921875 0.04722222222222222 0.0234375
0 0.20833333333333334 0.4796875 0.027777777777777776 0.01328125
0 0.8513888888888889 0.47890625 0.05138888888888889 0.0296875
0 0.2972222222222222 0.47890625 0.018055555555555554 0.0109375
0 0.9013888888888889 0.47265625 0.05277777777777778 0.025
0 0.019444444444444445 0.4703125 0.02638888888888889 0.02421875
0 0.22083333333333333 0.46171875 0.04027777777777778 0.01953125
0 0.9652777777777778 0.45390625 0.034722222222222224 0.0359375
0 0.7638888888888888 0.446875 0.04583333333333333 0.02890625
0 0.675 0.43671875 0.05555555555555555 0.025
0 0.5444444444444444 0.4296875 0.058333333333333334 0.03984375
0 0.5152777777777777 0.4203125 0.03611111111111111 0.015625
0 0.3236111111111111 0.4140625 0.022222222222222223 0.0203125
0 0.3458333333333333 0.41328125 0.02361111111111111 0.0109375
0 0.8180555555555555 0.4125 0.06666666666666667 0.0171875
0 0.5833333333333334 0.409375 0.075 0.03671875
0 0.7791666666666667 0.39765625 0.041666666666666664 0.021875
0 0.6305555555555555 0.3890625 0.030555555555555555 0.0109375
0 0.7444444444444445 0.384375 0.04583333333333333 0.02265625
0 0.7152777777777778 0.38203125 0.030555555555555555 0.0171875
0 0.23333333333333334 0.375 0.022222222222222223 0.009375
0 0.8319444444444445 0.371875 0.044444444444444446 0.02109375
0 0.5125 0.3671875 0.030555555555555555 0.00859375
0 0.6444444444444445 0.36015625 0.03333333333333333 0.00859375
0 0.3138888888888889 0.36015625 0.022222222222222223 0.01171875
0 0.2972222222222222 0.35859375 0.016666666666666666 0.009375
0 0.3388888888888889 0.35234375 0.06111111111111111 0.0359375
0 0.21805555555555556 0.346875 0.027777777777777776 0.01328125
0 0.7194444444444444 0.340625 0.044444444444444446 0.021875
0 0.1986111111111111 0.33671875 0.02361111111111111 0.015625
0 0.08333333333333333 0.3296875 0.013888888888888888 0.0109375
0 0.5222222222222223 0.32734375 0.027777777777777776 0.009375
0 0.4708333333333333 0.31875 0.03888888888888889 0.01953125
0 0.35694444444444445 0.31796875 0.015277777777777777 0.01484375
0 0.1125 0.3171875 0.03194444444444444 0.028125
0 0.14722222222222223 0.31015625 0.025 0.01328125
0 0.9763888888888889 0.30078125 0.022222222222222223 0.01953125
0 0.49722222222222223 0.3 0.05277777777777778 0.01796875
0 0.4 0.29375 0.025 0.02265625
0 0.9888888888888889 0.28125 0.009722222222222222 0.01796875
0 0.013888888888888888 0.2734375 0.029166666666666667 0.01640625
0 0.24444444444444444 0.271875 0.07916666666666666 0.0625
0 0.8361111111111111 0.2640625 0.06805555555555555 0.025
0 0.04722222222222222 0.2578125 0.05277777777777778 0.01953125
0 0.9208333333333333 0.24453125 0.05277777777777778 0.03671875
0 0.2125 0.24296875 0.05694444444444444 0.03671875
0 0.7722222222222223 0.234375 0.09722222222222222 0.05078125
0 0.07916666666666666 0.2296875 0.02361111111111111 0.01171875
0 0.022222222222222223 0.22734375 0.05694444444444444 0.03984375
0 0.14444444444444443 0.22421875 0.03333333333333333 0.0109375
0 0.12222222222222222 0.2125 0.025 0.0171875
0 0.875 0.1546875 0.034722222222222224 0.01875
0 0.9819444444444444 0.14765625 0.018055555555555554 0.0140625
0 0.9125 0.12734375 0.043055555555555555 0.02578125
0 0.725 0.096875 0.10972222222222222 0.03359375
0 0.9611111111111111 0.0875 0.0375 0.03515625
0 0.8263888888888888 0.084375 0.0375 0.02109375
0 0.7972222222222223 0.08125 0.022222222222222223 0.0125
0 0.8652777777777778 0.07734375 0.06527777777777778 0.04609375
0 0.9388888888888889 0.07578125 0.029166666666666667 0.01484375
0 0.9875 0.07109375 0.011111111111111112 0.01796875
0 0.8861111111111111 0.05 0.03611111111111111 0.02265625
