0 0.3958333333333333 0.9296875 0.04861111111111111 0.0390625
0 0.2152777777777778 0.89609375 0.05 0.03203125
0 0.39305555555555555 0.87109375 0.059722222222222225 0.03828125
0 0.3527777777777778 0.86796875 0.03194444444444444 0.0375
0 0.1111111111111111 0.8609375 0.05277777777777778 0.03046875
0 0.5388888888888889 0.840625 0.020833333333333332 0.0203125
0 0.7277777777777777 0.81484375 0.03611111111111111 0.015625
0 0.5347222222222222 0.809375 0.043055555555555555 0.01953125
0 0.33194444444444443 0.7421875 0.06111111111111111 0.0359375
0 0.43472222222222223 0.6609375 0.0625 0.0265625
0 0.6722222222222223 0.65703125 0.059722222222222225 0.034375
0 0.3402777777777778 0.65546875 0.1111111111111111 0.0609375
0 0.2986111111111111 0.64140625 0.030555555555555555 0.01875
0 0.6097222222222223 0.60625 0.02638888888888889 0.01171875
0 0.4638888888888889 0.57421875 0.03194444444444444 0.01875
0 0.8291666666666667 0.5546875 0.05694444444444444 0.03125
0 0.36527777777777776 0.5328125 0.058333333333333334 0.059375
0 0.28888888888888886 0.49453125 0.07777777777777778 0.10234375
0 0.37777777777777777 0.46640625 0.05 0.021875
0 0.6277777777777778 0.46015625 0.08888888888888889 0.0421875
0 0.7125 0.4515625 0.04027777777777778 0.01796875
0 0.55 0.446875 0.09027777777777778 0.046875
0 0.5541666666666667 0.4234375 0.025 0.0109375
0 0.5319444444444444 0.3734375 0.05555555555555555 0.03671875
0 0.38055555555555554 0.346875 0.06111111111111111 0.02578125
0 0.5902777777777778 0.34609375 0.06388888888888888 0.03203125
0 0.40694444444444444 0.30625 0.06111111111111111 0.02578125
0 0.48194444444444445 0.19765625 0.0875 0.04453125
0 0.5138888888888888 0.10390625 0.09027777777777778 0.04765625
