0 0.9222222222222223 0.80390625 0.05694444444444444 0.034375
0 0.7444444444444445 0.74296875 0.05555555555555555 0.04140625
0 0.1375 0.68046875 0.044444444444444446 0.02265625
0 0.002777777777777778 0.678125 0.022222222222222223 0.01640625
0 0.34444444444444444 0.6375 0.0375 0.01875
0 0.044444444444444446 0.61796875 0.04722222222222222 0.021875
0 0.3875 0.58203125 0.05694444444444444 0.0359375
0 0.30277777777777776 0.58046875 0.043055555555555555 0.02109375
0 0.7541666666666667 0.57734375 0.0375 0.0171875
0 0.027777777777777776 0.57109375 0.043055555555555555 0.0171875
0 0.43333333333333335 0.546875 0.058333333333333334 0.05078125
0 0.7111111111111111 0.54296875 0.04027777777777778 0.01953125
0 0.5388888888888889 0.5328125 0.044444444444444446 0.025
0 0.1638888888888889 0.5328125 0.05 0.01796875
0 0.375 0.5125 0.05694444444444444 0.0328125
0 0.5680555555555555 0.50078125 0.09861111111111111 0.028125
0 0.7583333333333333 0.49453125 0.04583333333333333 0.01640625
0 0.25416666666666665 0.4734375 0.044444444444444446 0.02421875
0 0.06388888888888888 0.45546875 0.03611111111111111 0.02109375
0 0.08333333333333333 0.40859375 0.075 0.04921875
0 0.2875 0.4046875 0.03194444444444444 0.015625
0 0.6375 0.3984375 0.041666666666666664 0.0328125
0 0.48055555555555557 0.34140625 0.044444444444444446 0.02578125
0 0.4166666666666667 0.275 0.0375 0.02421875
0 0.46944444444444444 0.26875 0.04722222222222222 0.04140625
0 0.8097222222222222 0.24609375 0.04722222222222222 0.02421875
0 0.3194444444444444 0.23984375 0.03194444444444444 0.00859375
0 0.7416666666666667 0.22734375 0.06111111111111111 0.02890625
0 0.45555555555555555 0.19453125 0.043055555555555555 0.0234375
0 0.45 0.16171875 0.09444444444444444 0.0296875
0 0.5611111111111111 0.14375 0.0625 0.04921875
0 0.5152777777777777 0.14140625 0.04027777777777778 0.034375
0 0.5180555555555556 0.103125 0.05 0.02734375
0 0.43194444444444446 0.0953125 0.08055555555555556 0.03515625
0 0.575 0.08828125 0.041666666666666664 0.0296875
0 0.4513888888888889 0.0078125 0.10833333333333334 0.06640625
0 0.4527777777777778 0.0 0.043055555555555555 0.0171875
