0 0.9027777777777778 0.784375 0.027777777777777776 0.01796875
0 0.825 0.740625 0.05138888888888889 0.0203125
0 0.48194444444444445 0.73359375 0.03333333333333333 0.01640625
0 0.6611111111111111 0.72109375 0.034722222222222224 0.0203125
0 0.8263888888888888 0.71171875 0.041666666666666664 0.0203125
0 0.8833333333333333 0.696875 0.07083333333333333 0.03828125
0 0.6986111111111111 0.68984375 0.04583333333333333 0.025
0 0.5069444444444444 0.68046875 0.0375 0.01953125
0 0.8222222222222222 0.67890625 0.022222222222222223 0.01796875
0 0.34305555555555556 0.66953125 0.029166666666666667 0.02265625
0 0.7861111111111111 0.6671875 0.03611111111111111 0.01640625
0 0.29583333333333334 0.6640625 0.02638888888888889 0.01796875
0 0.9138888888888889 0.66328125 0.03611111111111111 0.01953125
0 0.39166666666666666 0.66328125 0.04861111111111111 0.02734375
0 0.9472222222222222 0.65625 0.0375 0.01953125
0 0.30972222222222223 0.64140625 0.02638888888888889 0.01015625
0 0.23333333333333334 0.64140625 0.03333333333333333 0.0234375
0 0.9875 0.63125 0.0125 0.009375
0 0.375 0.625 0.05416666666666667 0.028125
0 0.31805555555555554 0.6125 0.044444444444444446 0.0171875
0 0.8291666666666667 0.60859375 0.11388888888888889 0.03359375
0 0.8666666666666667 0.5828125 0.05555555555555555 0.025
0 0.475 0.571875 0.03333333333333333 0.01484375
0 0.8597222222222223 0.56015625 0.044444444444444446 0.025
0 0.34305555555555556 0.553125 0.027777777777777776 0.00859375
0 0.3736111111111111 0.51875 0.07222222222222222 0.0234375
0 0.4125 0.49453125 0.018055555555555554 0.0125
0 0.3680555555555556 0.49140625 0.030555555555555555 0.02265625
0 0.8305555555555556 0.28515625 0.06388888888888888 0.02734375
0 0.8944444444444445 0.26015625 0.05138888888888889 0.03046875
