0 0.5777777777777777 0.87109375 0.05277777777777778 0.03046875
0 0.7625 0.84140625 0.0625 0.034375
0 0.8708333333333333 0.83203125 0.03611111111111111 0.021875
0 0.5805555555555556 0.784375 0.034722222222222224 0.03125
0 0.49166666666666664 0.75625 0.05277777777777778 0.01953125
0 0.8875 0.7375 0.016666666666666666 0.0078125
0 0.5138888888888888 0.73515625 0.04027777777777778 0.0234375
0 0.0763888888888889 0.7046875 0.06666666666666667 0.03828125
0 0.10416666666666667 0.67734375 0.025 0.0265625
0 0.9430555555555555 0.63203125 0.025 0.01796875
0 0.001388888888888889 0.625 0.03333333333333333 0.03046875
0 0.10555555555555556 0.59609375 0.0375 0.01953125
0 0.6625 0.5703125 0.02361111111111111 0.01953125
0 0.5847222222222223 0.56953125 0.04861111111111111 0.0375
0 0.8416666666666667 0.53515625 0.04027777777777778 0.021875
0 0.05416666666666667 0.5296875 0.05416666666666667 0.03125
0 0.6277777777777778 0.5125 0.08333333333333333 0.0296875
0 0.7 0.48515625 0.05 0.0265625
0 0.7541666666666667 0.48359375 0.03888888888888889 0.02890625
0 0.7888888888888889 0.44765625 0.044444444444444446 0.02734375
0 0.8444444444444444 0.42734375 0.05277777777777778 0.03671875
0 0.9611111111111111 0.41953125 0.03888888888888889 0.0171875
0 0.8722222222222222 0.37890625 0.034722222222222224 0.02421875
0 0.8027777777777778 0.37265625 0.029166666666666667 0.015625
0 0.9305555555555556 0.36640625 0.059722222222222225 0.0359375
0 0.9805555555555555 0.3515625 0.019444444444444445 0.025
0 0.7319444444444444 0.35078125 0.03194444444444444 0.0109375
0 0.6875 0.34453125 0.03888888888888889 0.02109375
0 0.5833333333333334 0.328125 0.043055555555555555 0.02890625
0 0.8861111111111111 0.321875 0.07916666666666666 0.0375
0 0.7694444444444445 0.2953125 0.025 0.01875
0 0.9472222222222222 0.29453125 0.04861111111111111 0.02890625
0 0.8958333333333334 0.26328125 0.020833333333333332 0.01640625
0 0.9305555555555556 0.259375 0.058333333333333334 0.02578125
0 0.85 0.21015625 0.10277777777777777 0.0484375
0 0.9625 0.11328125 0.0375 0.02890625
