0 0.7708333333333334 0.57734375 0.05555555555555555 0.02578125
0 0.8138888888888889 0.5546875 0.07916666666666666 0.0390625
0 0.7888888888888889 0.4765625 0.125 0.0453125
0 0.8583333333333333 0.4359375 0.07222222222222222 0.0328125
0 0.9236111111111112 0.4 0.06944444444444445 0.04140625
0 0.7861111111111111 0.3796875 0.05138888888888889 0.02421875
0 0.9458333333333333 0.3375 0.05416666666666667 0.03125
0 0.8763888888888889 0.33359375 0.05138888888888889 0.03125
0 0.8777777777777778 0.2921875 0.07777777777777778 0.034375
0 0.5319444444444444 0.27734375 0.06527777777777778 0.0375
