0 0.9611111111111111 0.67421875 0.03888888888888889 0.0234375
0 0.9819444444444444 0.61953125 0.015277777777777777 0.0109375
0 0.15694444444444444 0.525 0.06805555555555555 0.028125
0 0.9069444444444444 0.4859375 0.03194444444444444 0.0234375
0 0.041666666666666664 0.47265625 0.030555555555555555 0.01015625
0 0.06111111111111111 0.42109375 0.04722222222222222 0.01953125
0 0.0 0.3375 0.05416666666666667 0.028125
0 0.4625 0.25703125 0.05694444444444444 0.02265625
0 0.005555555555555556 0.25546875 0.030555555555555555 0.03828125
0 0.5305555555555556 0.23046875 0.04583333333333333 0.0375
0 0.02361111111111111 0.22421875 0.027777777777777776 0.0203125
0 0.7013888888888888 0.18359375 0.0625 0.028125
0 0.5305555555555556 0.1578125 0.0625 0.03203125
0 0.7 0.13828125 0.07083333333333333 0.034375
