0 0.15833333333333333 0.7890625 0.04722222222222222 0.025
0 0.09027777777777778 0.77421875 0.04722222222222222 0.02265625
0 0.20555555555555555 0.7734375 0.03194444444444444 0.02265625
0 0.6680555555555555 0.7421875 0.041666666666666664 0.02421875
0 0.6041666666666666 0.7109375 0.041666666666666664 0.02890625
0 0.9166666666666666 0.6921875 0.04861111111111111 0.02421875
0 0.49166666666666664 0.68515625 0.041666666666666664 0.02421875
0 0.6861111111111111 0.671875 0.0375 0.03125
0 0.5388888888888889 0.64609375 0.05277777777777778 0.0265625
0 0.9791666666666666 0.6203125 0.020833333333333332 0.01171875
0 0.9861111111111112 0.58984375 0.013888888888888888 0.0203125
0 0.24305555555555555 0.5875 0.034722222222222224 0.0296875
0 0.6180555555555556 0.584375 0.019444444444444445 0.0171875
0 0.18333333333333332 0.57734375 0.0375 0.0203125
0 0.9902777777777778 0.571875 0.009722222222222222 0.015625
0 0.5666666666666667 0.56640625 0.041666666666666664 0.01953125
0 0.9861111111111112 0.5546875 0.013888888888888888 0.01328125
0 0.6083333333333333 0.5265625 0.05 0.02109375
0 0.5736111111111111 0.525 0.025 0.02265625
0 0.5083333333333333 0.5234375 0.03888888888888889 0.02421875
0 0.225 0.4921875 0.14027777777777778 0.03671875
0 0.18333333333333332 0.48203125 0.04583333333333333 0.02265625
0 0.3611111111111111 0.46640625 0.05555555555555555 0.02109375
0 0.5722222222222222 0.4484375 0.044444444444444446 0.0265625
0 0.20694444444444443 0.43515625 0.027777777777777776 0.025
0 0.3236111111111111 0.42734375 0.05138888888888889 0.04921875
0 0.24583333333333332 0.425 0.034722222222222224 0.01015625
0 0.6041666666666666 0.409375 0.04027777777777778 0.02109375
0 0.5319444444444444 0.39609375 0.05277777777777778 0.025
0 0.31666666666666665 0.3890625 0.04027777777777778 0.01640625
0 0.2375 0.38125 0.029166666666666667 0.01875
0 0.5319444444444444 0.3515625 0.03888888888888889 0.0125
0 0.3111111111111111 0.3203125 0.03333333333333333 0.01640625
0 0.2875 0.31328125 0.016666666666666666 0.01015625
0 0.24305555555555555 0.29921875 0.04027777777777778 0.0234375
0 0.3125 0.2859375 0.03333333333333333 0.01875
0 0.24583333333333332 0.271875 0.04861111111111111 0.0203125
0 0.4444444444444444 0.23671875 0.0625 0.03125
0 0.325 0.22578125 0.05277777777777778 0.028125
0 0.3486111111111111 0.19609375 0.05277777777777778 0.03125
0 0.43472222222222223 0.1765625 0.08194444444444444 0.01875
0 0.3388888888888889 0.15234375 0.027777777777777776 0.04609375
0 0.38055555555555554 0.15078125 0.030555555555555555 0.01875
0 0.5263888888888889 0.1203125 0.05416666666666667 0.0359375
0 0.3680555555555556 0.11484375 0.04861111111111111 0.03125
0 0.5694444444444444 0.053125 0.058333333333333334 0.0375
0 0.46805555555555556 0.02734375 0.044444444444444446 0.025
