0 0.3763888888888889 0.73984375 0.03611111111111111 0.015625
0 0.36944444444444446 0.72265625 0.025 0.02109375
0 0.425 0.709375 0.027777777777777776 0.01875
0 0.8847222222222222 0.66796875 0.043055555555555555 0.01953125
0 0.55 0.665625 0.018055555555555554 0.0125
0 0.5069444444444444 0.6578125 0.03888888888888889 0.01171875
0 0.3138888888888889 0.6515625 0.018055555555555554 0.01484375
0 0.7305555555555555 0.63515625 0.04583333333333333 0.0125
0 0.21944444444444444 0.62890625 0.016666666666666666 0.01484375
0 0.45694444444444443 0.625 0.041666666666666664 0.0203125
0 0.9222222222222223 0.61171875 0.04027777777777778 0.02109375
0 0.6694444444444444 0.6109375 0.03194444444444444 0.0203125
0 0.1875 0.60859375 0.03333333333333333 0.015625
0 0.6347222222222222 0.60390625 0.011111111111111112 0.01796875
0 0.31805555555555554 0.6015625 0.016666666666666666 0.01953125
0 0.5847222222222223 0.5875 0.027777777777777776 0.0171875
0 0.31666666666666665 0.5796875 0.043055555555555555 0.01953125
0 0.7486111111111111 0.578125 0.034722222222222224 0.015625
0 0.775 0.5609375 0.03333333333333333 0.01796875
0 0.8194444444444444 0.55546875 0.03194444444444444 0.0140625
0 0.28194444444444444 0.54921875 0.04583333333333333 0.0203125
0 0.0 0.53984375 0.0375 0.021875
0 0.36666666666666664 0.5390625 0.06527777777777778 0.034375
0 0.8708333333333333 0.528125 0.02638888888888889 0.00859375
0 0.6694444444444444 0.5265625 0.03611111111111111 0.02265625
0 0.15138888888888888 0.521875 0.05 0.0265625
0 0.23333333333333334 0.51953125 0.04583333333333333 0.02265625
0 0.7569444444444444 0.51796875 0.041666666666666664 0.01953125
0 0.3972222222222222 0.5171875 0.041666666666666664 0.02265625
0 0.11527777777777778 0.51015625 0.03194444444444444 0.01640625
0 0.04722222222222222 0.50703125 0.044444444444444446 0.021875
0 0.7402777777777778 0.496875 0.04583333333333333 0.0234375
0 0.175 0.48359375 0.022222222222222223 0.01328125
0 0.37083333333333335 0.47421875 0.030555555555555555 0.0109375
0 0.24583333333333332 0.44765625 0.03194444444444444 0.021875
0 0.08055555555555556 0.4375 0.05694444444444444 0.02734375
0 0.041666666666666664 0.4109375 0.05138888888888889 0.0234375
0 0.5972222222222222 0.3765625 0.029166666666666667 0.0234375
0 0.2652777777777778 0.36796875 0.03333333333333333 0.0140625
0 0.5125 0.3609375 0.05416666666666667 0.025
0 0.2638888888888889 0.3390625 0.03888888888888889 0.0203125
0 0.4152777777777778 0.3375 0.04722222222222222 0.03984375
0 0.6402777777777777 0.33515625 0.03194444444444444 0.015625
0 0.10277777777777777 0.3203125 0.034722222222222224 0.0171875
0 0.23472222222222222 0.3078125 0.05 0.03203125
0 0.44166666666666665 0.296875 0.04722222222222222 0.02890625
0 0.16944444444444445 0.29609375 0.05694444444444444 0.0375
0 0.8583333333333333 0.2921875 0.06111111111111111 0.0234375
0 0.7875 0.29140625 0.029166666666666667 0.0171875
0 0.0 0.290625 0.09027777777777778 0.03359375
0 0.5125 0.2875 0.041666666666666664 0.02578125
0 0.0 0.28203125 0.015277777777777777 0.025
0 0.8180555555555555 0.278125 0.043055555555555555 0.021875
0 0.1763888888888889 0.271875 0.08194444444444444 0.03203125
0 0.12222222222222222 0.2671875 0.04027777777777778 0.02890625
0 0.5166666666666667 0.265625 0.0375 0.0203125
0 0.5513888888888889 0.2640625 0.04027777777777778 0.0171875
0 0.07777777777777778 0.2640625 0.041666666666666664 0.02578125
0 0.8597222222222223 0.2609375 0.03333333333333333 0.02265625
0 0.12222222222222222 0.234375 0.018055555555555554 0.028125
0 0.3277777777777778 0.23046875 0.05 0.03125
0 0.2513888888888889 0.21875 0.027777777777777776 0.021875
0 0.7083333333333334 0.2140625 0.027777777777777776 0.015625
0 0.058333333333333334 0.2109375 0.03194444444444444 0.01796875
0 0.12916666666666668 0.20703125 0.08611111111111111 0.05078125
0 0.6291666666666667 0.20390625 0.027777777777777776 0.01796875
0 0.08611111111111111 0.18984375 0.03611111111111111 0.01796875
0 0.4708333333333333 0.17734375 0.027777777777777776 0.02109375
0 0.2263888888888889 0.17734375 0.029166666666666667 0.01796875
0 0.13194444444444445 0.17265625 0.04861111111111111 0.021875
0 0.011111111111111112 0.171875 0.02361111111111111 0.0171875
0 0.0 0.16484375 0.0125 0.01484375
0 0.2833333333333333 0.16171875 0.02361111111111111 0.015625
0 0.05416666666666667 0.15234375 0.05138888888888889 0.0375
0 0.23055555555555557 0.14921875 0.03194444444444444 0.01484375
0 0.011111111111111112 0.14453125 0.041666666666666664 0.02578125
0 0.3375 0.1125 0.04861111111111111 0.0515625
0 0.25555555555555554 0.103125 0.030555555555555555 0.0171875
0 0.20694444444444443 0.08359375 0.027777777777777776 0.0296875
