0 0.7833333333333333 0.565625 0.015277777777777777 0.01328125
0 0.8388888888888889 0.559375 0.05555555555555555 0.0390625
0 0.7819444444444444 0.52109375 0.041666666666666664 0.015625
0 0.8513888888888889 0.5171875 0.041666666666666664 0.01875
0 0.18333333333333332 0.50390625 0.043055555555555555 0.02578125
0 0.10833333333333334 0.50234375 0.03888888888888889 0.02109375
0 0.6166666666666667 0.5 0.022222222222222223 0.01328125
0 0.15555555555555556 0.4984375 0.03333333333333333 0.01875
0 0.8527777777777777 0.4875 0.030555555555555555 0.01875
0 0.5430555555555555 0.4875 0.04583333333333333 0.02578125
0 0.9861111111111112 0.484375 0.013888888888888888 0.01875
0 0.9069444444444444 0.478125 0.06666666666666667 0.02890625
0 0.22777777777777777 0.47734375 0.04583333333333333 0.01953125
0 0.32222222222222224 0.4546875 0.04027777777777778 0.0171875
0 0.9833333333333333 0.4515625 0.016666666666666666 0.0125
0 0.2763888888888889 0.421875 0.027777777777777776 0.01484375
0 0.08333333333333333 0.41953125 0.025 0.01953125
0 0.3541666666666667 0.41484375 0.02638888888888889 0.01484375
0 0.02361111111111111 0.409375 0.029166666666666667 0.01875
0 0.6166666666666667 0.40234375 0.03194444444444444 0.01171875
0 0.28055555555555556 0.38203125 0.03888888888888889 0.028125
0 0.40694444444444444 0.36640625 0.03194444444444444 0.0171875
0 0.20833333333333334 0.3515625 0.027777777777777776 0.0203125
0 0.3388888888888889 0.34921875 0.030555555555555555 0.02109375
0 0.6208333333333333 0.3421875 0.034722222222222224 0.01796875
0 0.2708333333333333 0.33515625 0.04027777777777778 0.0234375
0 0.44583333333333336 0.32578125 0.030555555555555555 0.01875
0 0.325 0.309375 0.043055555555555555 0.02421875
0 0.6111111111111112 0.30625 0.03333333333333333 0.0203125
0 0.5652777777777778 0.3015625 0.03333333333333333 0.01796875
0 0.7125 0.29296875 0.02361111111111111 0.01640625
0 0.18194444444444444 0.2890625 0.027777777777777776 0.015625
0 0.5263888888888889 0.2859375 0.020833333333333332 0.0125
0 0.06666666666666667 0.2796875 0.029166666666666667 0.0171875
0 0.03194444444444444 0.27578125 0.03194444444444444 0.01953125
0 0.2763888888888889 0.27265625 0.027777777777777776 0.02265625
0 0.6763888888888889 0.25390625 0.019444444444444445 0.01484375
0 0.45 0.25078125 0.03333333333333333 0.0265625
0 0.5708333333333333 0.24453125 0.029166666666666667 0.01953125
0 0.5263888888888889 0.23203125 0.016666666666666666 0.0171875
0 0.044444444444444446 0.2296875 0.02638888888888889 0.01484375
0 0.5875 0.21796875 0.022222222222222223 0.01953125
0 0.31805555555555554 0.2125 0.03888888888888889 0.0125
0 0.27361111111111114 0.2015625 0.0375 0.0203125
0 0.45 0.19765625 0.05555555555555555 0.02109375
0 0.6027777777777777 0.19609375 0.030555555555555555 0.01953125
0 0.5208333333333334 0.19375 0.030555555555555555 0.025
0 0.0875 0.19375 0.025 0.01953125
0 0.14027777777777778 0.19140625 0.05138888888888889 0.0265625
0 0.3194444444444444 0.190625 0.0375 0.01484375
0 0.1111111111111111 0.18203125 0.030555555555555555 0.0140625
0 0.4263888888888889 0.18046875 0.03611111111111111 0.021875
0 0.3111111111111111 0.175 0.03888888888888889 0.01875
0 0.0375 0.16640625 0.03888888888888889 0.01328125
0 0.15694444444444444 0.16484375 0.029166666666666667 0.0109375
0 0.18472222222222223 0.1578125 0.08194444444444444 0.05234375
0 0.28055555555555556 0.15390625 0.041666666666666664 0.021875
0 0.42083333333333334 0.153125 0.03611111111111111 0.02265625
0 0.18194444444444444 0.15234375 0.022222222222222223 0.009375
0 0.06111111111111111 0.14921875 0.0375 0.02109375
0 0.12361111111111112 0.1421875 0.03194444444444444 0.01640625
0 0.35694444444444445 0.1390625 0.03611111111111111 0.02265625
0 0.39305555555555555 0.1296875 0.03194444444444444 0.0234375
0 0.25833333333333336 0.12890625 0.029166666666666667 0.01796875
0 0.20694444444444443 0.1171875 0.03194444444444444 0.015625
0 0.12083333333333333 0.11015625 0.027777777777777776 0.01953125
0 0.2263888888888889 0.10625 0.027777777777777776 0.015625
0 0.2388888888888889 0.090625 0.025 0.01484375
