0 0.1361111111111111 0.96796875 0.05416666666666667 0.03203125
0 0.001388888888888889 0.95546875 0.018055555555555554 0.02421875
0 0.225 0.9203125 0.05138888888888889 0.02421875
0 0.4486111111111111 0.9125 0.06111111111111111 0.0359375
0 0.08055555555555556 0.89921875 0.1111111111111111 0.0421875
0 0.11527777777777778 0.84140625 0.0625 0.0265625
0 0.38472222222222224 0.79765625 0.041666666666666664 0.028125
0 0.8791666666666667 0.78828125 0.044444444444444446 0.01796875
0 0.07083333333333333 0.78671875 0.05 0.0328125
0 0.5 0.78359375 0.07083333333333333 0.04296875
0 0.14166666666666666 0.78125 0.04583333333333333 0.025
0 0.8541666666666666 0.75625 0.029166666666666667 0.021875
0 0.5944444444444444 0.7359375 0.08194444444444444 0.03125
0 0.5097222222222222 0.72578125 0.044444444444444446 0.03046875
0 0.3055555555555556 0.7 0.044444444444444446 0.0203125
0 0.7902777777777777 0.678125 0.043055555555555555 0.01484375
0 0.12638888888888888 0.671875 0.06111111111111111 0.0359375
0 0.8847222222222222 0.6453125 0.06666666666666667 0.03828125
0 0.07916666666666666 0.64453125 0.027777777777777776 0.02734375
0 0.5083333333333333 0.64140625 0.02361111111111111 0.0140625
0 0.6180555555555556 0.61484375 0.029166666666666667 0.01640625
0 0.41944444444444445 0.5984375 0.06666666666666667 0.0375
0 0.001388888888888889 0.58671875 0.06388888888888888 0.04140625
0 0.1361111111111111 0.578125 0.04722222222222222 0.03046875
0 0.8180555555555555 0.5609375 0.05277777777777778 0.025
0 0.9041666666666667 0.55625 0.03194444444444444 0.021875
0 0.0 0.546875 0.029166666666666667 0.02109375
0 0.5569444444444445 0.53046875 0.10972222222222222 0.04453125
0 0.6930555555555555 0.5203125 0.030555555555555555 0.0171875
0 0.3638888888888889 0.4984375 0.016666666666666666 0.01640625
0 0.5888888888888889 0.49140625 0.059722222222222225 0.03046875
0 0.0 0.48671875 0.030555555555555555 0.02109375
0 0.6847222222222222 0.48046875 0.06388888888888888 0.0375
0 0.8013888888888889 0.4703125 0.044444444444444446 0.01640625
0 0.19305555555555556 0.46484375 0.04722222222222222 0.03515625
0 0.3625 0.46171875 0.13472222222222222 0.03515625
0 0.9361111111111111 0.4453125 0.06388888888888888 0.0359375
0 0.5222222222222223 0.4390625 0.029166666666666667 0.025
0 0.47638888888888886 0.43828125 0.02638888888888889 0.0109375
0 0.8361111111111111 0.434375 0.0375 0.01875
0 0.08055555555555556 0.4328125 0.04583333333333333 0.0296875
0 0.6180555555555556 0.4265625 0.04583333333333333 0.02578125
0 0.17777777777777778 0.42421875 0.04583333333333333 0.03203125
0 0.5625 0.41328125 0.04583333333333333 0.01875
0 0.11527777777777778 0.4015625 0.029166666666666667 0.015625
0 0.37916666666666665 0.39140625 0.034722222222222224 0.0109375
0 0.42777777777777776 0.390625 0.05277777777777778 0.028125
0 0.4888888888888889 0.37265625 0.03888888888888889 0.02265625
0 0.3277777777777778 0.37265625 0.04583333333333333 0.02265625
0 0.4152777777777778 0.359375 0.05555555555555555 0.03125
0 0.6222222222222222 0.34765625 0.07083333333333333 0.03125
0 0.5166666666666667 0.334375 0.05555555555555555 0.03046875
0 0.0 0.30859375 0.03333333333333333 0.01484375
0 0.8347222222222223 0.3 0.09444444444444444 0.07109375
0 0.9208333333333333 0.27890625 0.059722222222222225 0.0296875
0 0.8013888888888889 0.2765625 0.025 0.009375
0 0.7736111111111111 0.259375 0.029166666666666667 0.01796875
0 0.6361111111111111 0.25703125 0.1125 0.08984375
0 0.8291666666666667 0.25390625 0.05277777777777778 0.02421875
0 0.09583333333333334 0.25234375 0.04861111111111111 0.021875
0 0.17083333333333334 0.25078125 0.04722222222222222 0.02421875
0 0.1111111111111111 0.22734375 0.03888888888888889 0.02421875
0 0.7472222222222222 0.2265625 0.05277777777777778 0.03125
0 0.6375 0.21484375 0.043055555555555555 0.03203125
0 0.7138888888888889 0.2109375 0.019444444444444445 0.0265625
0 0.5194444444444445 0.18828125 0.043055555555555555 0.01328125
0 0.7722222222222223 0.18046875 0.034722222222222224 0.01875
0 0.4263888888888889 0.1734375 0.030555555555555555 0.015625
0 0.7819444444444444 0.15390625 0.09861111111111111 0.0328125
0 0.8652777777777778 0.121875 0.05416666666666667 0.02890625
0 0.6472222222222223 0.0875 0.05277777777777778 0.02734375
0 0.8083333333333333 0.08125 0.059722222222222225 0.03203125
0 0.6930555555555555 0.00390625 0.03888888888888889 0.03125
0 0.6291666666666667 0.0 0.05694444444444444 0.03515625
0 0.6055555555555555 0.0 0.030555555555555555 0.00703125
