0 0.31527777777777777 0.88671875 0.05277777777777778 0.03046875
0 0.7875 0.86171875 0.04861111111111111 0.0203125
0 0.45416666666666666 0.853125 0.05555555555555555 0.03984375
0 0.6638888888888889 0.81015625 0.0625 0.034375
0 0.29444444444444445 0.79375 0.04027777777777778 0.034375
0 0.9236111111111112 0.77265625 0.07361111111111111 0.046875
0 0.20555555555555555 0.7484375 0.08333333333333333 0.03671875
0 0.5472222222222223 0.715625 0.019444444444444445 0.0109375
0 0.8611111111111112 0.6671875 0.09027777777777778 0.04296875
0 0.7569444444444444 0.6484375 0.05694444444444444 0.0265625
0 0.8333333333333334 0.59375 0.04027777777777778 0.03203125
0 0.8777777777777778 0.5765625 0.044444444444444446 0.025
0 0.41805555555555557 0.57578125 0.0375 0.0234375
0 0.3333333333333333 0.57109375 0.04583333333333333 0.0453125
0 0.9236111111111112 0.56015625 0.04583333333333333 0.02578125
0 0.6041666666666666 0.5578125 0.029166666666666667 0.02109375
0 0.9638888888888889 0.55078125 0.03611111111111111 0.028125
0 0.825 0.54921875 0.08055555555555556 0.028125
0 0.46944444444444444 0.5171875 0.022222222222222223 0.01328125
0 0.3416666666666667 0.51640625 0.05277777777777778 0.0234375
0 0.4166666666666667 0.5140625 0.05277777777777778 0.03203125
0 0.7527777777777778 0.4984375 0.05138888888888889 0.0328125
0 0.7111111111111111 0.4953125 0.019444444444444445 0.015625
0 0.5055555555555555 0.4875 0.04861111111111111 0.0234375
0 0.45694444444444443 0.48671875 0.041666666666666664 0.03046875
0 0.7708333333333334 0.45234375 0.034722222222222224 0.025
0 0.9055555555555556 0.446875 0.03611111111111111 0.0140625
0 0.5416666666666666 0.42421875 0.09722222222222222 0.04609375
0 0.9375 0.378125 0.034722222222222224 0.03359375
0 0.7361111111111112 0.37734375 0.15555555555555556 0.075
0 0.5930555555555556 0.37578125 0.0375 0.025
0 0.8847222222222222 0.375 0.05277777777777778 0.025
0 0.6666666666666666 0.365625 0.06111111111111111 0.034375
0 0.4847222222222222 0.35546875 0.034722222222222224 0.01953125
0 0.4388888888888889 0.3484375 0.041666666666666664 0.01796875
0 0.3402777777777778 0.33125 0.043055555555555555 0.02421875
0 0.6291666666666667 0.32734375 0.07222222222222222 0.028125
0 0.7694444444444445 0.3125 0.04583333333333333 0.03046875
0 0.6680555555555555 0.3125 0.05555555555555555 0.015625
0 0.5347222222222222 0.29140625 0.025 0.0234375
0 0.7 0.2890625 0.04583333333333333 0.021875
0 0.825 0.26015625 0.10138888888888889 0.06484375
0 0.6666666666666666 0.259375 0.06527777777777778 0.02734375
0 0.8138888888888889 0.24296875 0.030555555555555555 0.02578125
0 0.6111111111111112 0.21484375 0.0875 0.03984375
0 0.8791666666666667 0.2046875 0.0375 0.0234375
0 0.8777777777777778 0.1609375 0.05555555555555555 0.03359375
0 0.8111111111111111 0.13828125 0.04861111111111111 0.03359375
0 0.9625 0.11328125 0.0375 0.02890625
0 0.8611111111111112 0.1125 0.059722222222222225 0.034375
