0 0.034722222222222224 0.72421875 0.044444444444444446 0.0296875
0 0.09444444444444444 0.7234375 0.019444444444444445 0.0109375
0 0.19027777777777777 0.6984375 0.025 0.01875
0 0.001388888888888889 0.65625 0.03888888888888889 0.0125
0 0.8333333333333334 0.653125 0.04027777777777778 0.01484375
0 0.034722222222222224 0.6421875 0.03194444444444444 0.0140625
0 0.9875 0.5828125 0.0125 0.01640625
0 0.9736111111111111 0.52890625 0.02361111111111111 0.01875
0 0.9819444444444444 0.49453125 0.018055555555555554 0.01328125
0 0.5541666666666667 0.4921875 0.013888888888888888 0.01328125
0 0.4361111111111111 0.48125 0.04027777777777778 0.01875
0 0.3597222222222222 0.45390625 0.016666666666666666 0.009375
0 0.4013888888888889 0.44765625 0.009722222222222222 0.0109375
0 0.5430555555555555 0.43515625 0.018055555555555554 0.00625
0 0.9166666666666666 0.4296875 0.030555555555555555 0.01796875
0 0.008333333333333333 0.42109375 0.03611111111111111 0.01484375
0 0.9763888888888889 0.3484375 0.02361111111111111 0.02578125
0 0.0 0.340625 0.041666666666666664 0.05703125
0 0.4986111111111111 0.2625 0.03194444444444444 0.021875
0 0.4625 0.2515625 0.03333333333333333 0.025
0 0.001388888888888889 0.24453125 0.025 0.02421875
0 0.9847222222222223 0.22421875 0.015277777777777777 0.0265625
0 0.44722222222222224 0.18671875 0.027777777777777776 0.01875
0 0.2611111111111111 0.16484375 0.03888888888888889 0.01953125
0 0.22777777777777777 0.13359375 0.04861111111111111 0.025
0 0.275 0.1140625 0.05277777777777778 0.0375
0 0.24166666666666667 0.10859375 0.029166666666666667 0.01796875
