0 0.5680555555555555 0.8765625 0.04722222222222222 0.02890625
0 0.4986111111111111 0.8765625 0.04861111111111111 0.01875
0 0.25416666666666665 0.871875 0.07083333333333333 0.0328125
0 0.3638888888888889 0.7984375 0.043055555555555555 0.03125
0 0.018055555555555554 0.79609375 0.030555555555555555 0.02109375
0 0.005555555555555556 0.76953125 0.03194444444444444 0.01875
0 0.6722222222222223 0.76328125 0.05694444444444444 0.0234375
0 0.5208333333333334 0.7328125 0.043055555555555555 0.01953125
0 0.825 0.72109375 0.04722222222222222 0.021875
0 0.3527777777777778 0.72109375 0.05 0.03359375
0 0.39861111111111114 0.678125 0.05138888888888889 0.02265625
0 0.18888888888888888 0.58828125 0.025 0.01953125
0 0.42916666666666664 0.578125 0.043055555555555555 0.03125
0 0.24444444444444444 0.5671875 0.043055555555555555 0.021875
0 0.175 0.52890625 0.05 0.02109375
0 0.0 0.52265625 0.04583333333333333 0.03828125
0 0.7736111111111111 0.5 0.07777777777777778 0.0140625
0 0.4152777777777778 0.4796875 0.05 0.025
0 0.5125 0.378125 0.030555555555555555 0.01484375
0 0.44305555555555554 0.0890625 0.05694444444444444 0.040625
