0 0.7722222222222223 0.7796875 0.016666666666666666 0.0140625
0 0.7013888888888888 0.76484375 0.019444444444444445 0.01484375
0 0.7111111111111111 0.73671875 0.02361111111111111 0.01953125
0 0.5736111111111111 0.703125 0.03333333333333333 0.01484375
0 0.525 0.70078125 0.022222222222222223 0.01171875
0 0.001388888888888889 0.6984375 0.008333333333333333 0.0140625
0 0.6583333333333333 0.69453125 0.03611111111111111 0.02890625
0 0.5083333333333333 0.6921875 0.018055555555555554 0.01328125
0 0.5583333333333333 0.6890625 0.015277777777777777 0.01171875
0 0.0 0.66953125 0.025 0.015625
0 0.5791666666666667 0.66171875 0.027777777777777776 0.01015625
0 0.5430555555555555 0.66015625 0.02638888888888889 0.02109375
0 0.3333333333333333 0.659375 0.030555555555555555 0.0171875
0 0.17916666666666667 0.64453125 0.030555555555555555 0.0203125
0 0.5375 0.6125 0.02361111111111111 0.028125
0 0.4597222222222222 0.6046875 0.018055555555555554 0.015625
0 0.5875 0.60078125 0.011111111111111112 0.009375
0 0.4388888888888889 0.6 0.009722222222222222 0.01328125
0 0.625 0.596875 0.02361111111111111 0.01484375
0 0.41388888888888886 0.596875 0.025 0.01171875
0 0.3416666666666667 0.58359375 0.02638888888888889 0.02265625
0 0.48055555555555557 0.5734375 0.020833333333333332 0.0109375
0 0.24861111111111112 0.571875 0.019444444444444445 0.009375
0 0.5333333333333333 0.54375 0.04861111111111111 0.01484375
0 0.35833333333333334 0.5328125 0.03888888888888889 0.01953125
0 0.20694444444444443 0.51015625 0.016666666666666666 0.0078125
0 0.8041666666666667 0.45390625 0.020833333333333332 0.00859375
0 0.5444444444444444 0.44296875 0.06388888888888888 0.015625
0 0.7902777777777777 0.43671875 0.013888888888888888 0.00625
0 0.6625 0.43046875 0.018055555555555554 0.01328125
0 0.7958333333333333 0.425 0.022222222222222223 0.01328125
0 0.7708333333333334 0.421875 0.025 0.0125
0 0.5444444444444444 0.421875 0.03611111111111111 0.0171875
0 0.3597222222222222 0.39375 0.0125 0.0109375
0 0.24166666666666667 0.3890625 0.03194444444444444 0.01796875
0 0.4 0.38828125 0.022222222222222223 0.021875
0 0.14166666666666666 0.375 0.027777777777777776 0.01484375
0 0.12083333333333333 0.37265625 0.020833333333333332 0.01328125
0 0.1597222222222222 0.3578125 0.020833333333333332 0.01640625
0 0.225 0.35390625 0.02638888888888889 0.009375
0 0.6375 0.34453125 0.027777777777777776 0.0171875
0 0.3972222222222222 0.34453125 0.0125 0.009375
0 0.6097222222222223 0.325 0.034722222222222224 0.0171875
0 0.5583333333333333 0.30625 0.0125 0.00546875
0 0.5402777777777777 0.3015625 0.0125 0.00859375
0 0.5791666666666667 0.271875 0.025 0.01015625
0 0.5472222222222223 0.26953125 0.027777777777777776 0.01875
0 0.525 0.253125 0.02638888888888889 0.01328125
0 0.39861111111111114 0.24921875 0.025 0.0171875
0 0.3736111111111111 0.2484375 0.025 0.01484375
0 0.6055555555555555 0.2453125 0.016666666666666666 0.01484375
0 0.44722222222222224 0.24296875 0.02361111111111111 0.0140625
0 0.475 0.2375 0.02361111111111111 0.01640625
0 0.5513888888888889 0.23671875 0.0125 0.01640625
0 0.39444444444444443 0.23671875 0.013888888888888888 0.0078125
0 0.4527777777777778 0.228125 0.02361111111111111 0.0109375
0 0.5361111111111111 0.215625 0.020833333333333332 0.0125
0 0.49583333333333335 0.1921875 0.020833333333333332 0.01484375
0 0.5347222222222222 0.1765625 0.020833333333333332 0.0109375
0 0.425 0.1765625 0.02638888888888889 0.01484375
0 0.4930555555555556 0.17421875 0.03611111111111111 0.01171875
0 0.5125 0.15234375 0.022222222222222223 0.01171875
