0 0.8527777777777777 0.6671875 0.04722222222222222 0.028125
0 0.9027777777777778 0.64765625 0.05277777777777778 0.03359375
0 0.8861111111111111 0.60625 0.05416666666666667 0.02734375
0 0.525 0.54296875 0.034722222222222224 0.01953125
0 0.9611111111111111 0.5078125 0.03333333333333333 0.015625
0 0.9347222222222222 0.50078125 0.029166666666666667 0.01640625
0 0.9041666666666667 0.50078125 0.0375 0.02265625
0 0.8736111111111111 0.48984375 0.020833333333333332 0.015625
0 0.5291666666666667 0.48828125 0.04027777777777778 0.0203125
0 0.45555555555555555 0.4859375 0.041666666666666664 0.0234375
0 0.7666666666666667 0.48125 0.03888888888888889 0.02265625
0 0.7902777777777777 0.46796875 0.041666666666666664 0.021875
0 0.32083333333333336 0.46796875 0.020833333333333332 0.01640625
0 0.5291666666666667 0.46328125 0.03194444444444444 0.01796875
0 0.6972222222222222 0.4625 0.03333333333333333 0.01640625
0 0.16944444444444445 0.4625 0.04861111111111111 0.03125
0 0.5833333333333334 0.453125 0.03194444444444444 0.0203125
0 0.6472222222222223 0.4453125 0.03611111111111111 0.0234375
0 0.42777777777777776 0.43671875 0.03333333333333333 0.0140625
0 0.6472222222222223 0.425 0.034722222222222224 0.01640625
0 0.30972222222222223 0.421875 0.03611111111111111 0.0203125
0 0.3277777777777778 0.4046875 0.018055555555555554 0.01015625
0 0.6722222222222223 0.403125 0.05138888888888889 0.03828125
0 0.9888888888888889 0.3734375 0.011111111111111112 0.01875
0 0.8180555555555555 0.3734375 0.075 0.040625
0 0.9430555555555555 0.365625 0.043055555555555555 0.025
0 0.0875 0.36015625 0.03333333333333333 0.0171875
0 0.7166666666666667 0.359375 0.015277777777777777 0.0171875
0 0.4638888888888889 0.35625 0.03194444444444444 0.01875
0 0.6791666666666667 0.3515625 0.041666666666666664 0.02109375
0 0.002777777777777778 0.34765625 0.011111111111111112 0.015625
0 0.41944444444444445 0.34609375 0.030555555555555555 0.01640625
0 0.4527777777777778 0.33984375 0.020833333333333332 0.0125
0 0.30972222222222223 0.334375 0.044444444444444446 0.021875
0 0.013888888888888888 0.32890625 0.0375 0.021875
0 0.08194444444444444 0.31796875 0.027777777777777776 0.01640625
0 0.40694444444444444 0.3078125 0.05 0.0203125
0 0.2916666666666667 0.3 0.0375 0.02265625
0 0.3611111111111111 0.2859375 0.043055555555555555 0.02578125
0 0.25416666666666665 0.2859375 0.02638888888888889 0.01484375
0 0.044444444444444446 0.278125 0.04722222222222222 0.0390625
0 0.09583333333333334 0.25859375 0.05138888888888889 0.0234375
0 0.7611111111111111 0.2578125 0.041666666666666664 0.0265625
0 0.3486111111111111 0.2546875 0.04027777777777778 0.02421875
0 0.25416666666666665 0.25234375 0.030555555555555555 0.01875
0 0.18888888888888888 0.2390625 0.027777777777777776 0.01484375
0 0.043055555555555555 0.2171875 0.03333333333333333 0.01953125
0 0.2 0.20625 0.025 0.02109375
0 0.2625 0.20390625 0.05555555555555555 0.03984375
0 0.06388888888888888 0.20390625 0.03333333333333333 0.01875
0 0.001388888888888889 0.17265625 0.0375 0.03515625
0 0.06944444444444445 0.1515625 0.10138888888888889 0.0625
0 0.05 0.1375 0.03611111111111111 0.0203125
