0 0.5722222222222222 0.7890625 0.06111111111111111 0.04375
0 0.9333333333333333 0.75 0.05138888888888889 0.025
0 0.9388888888888889 0.70703125 0.05694444444444444 0.03671875
0 0.30972222222222223 0.6875 0.03888888888888889 0.01953125
0 0.7305555555555555 0.675 0.044444444444444446 0.021875
0 0.2986111111111111 0.66484375 0.03333333333333333 0.01796875
0 0.675 0.65078125 0.02361111111111111 0.01875
0 0.6680555555555555 0.6234375 0.06944444444444445 0.02421875
0 0.44166666666666665 0.61171875 0.044444444444444446 0.02890625
0 0.4236111111111111 0.56171875 0.02638888888888889 0.0171875
0 0.46111111111111114 0.5453125 0.03888888888888889 0.03203125
0 0.6194444444444445 0.5203125 0.04861111111111111 0.02734375
0 0.4236111111111111 0.5109375 0.1111111111111111 0.04375
0 0.2152777777777778 0.51015625 0.04583333333333333 0.02734375
0 0.6791666666666667 0.49375 0.06111111111111111 0.0265625
0 0.5416666666666666 0.48984375 0.02361111111111111 0.02109375
0 0.7069444444444445 0.475 0.04722222222222222 0.028125
0 0.5972222222222222 0.47109375 0.020833333333333332 0.01796875
0 0.36527777777777776 0.45390625 0.044444444444444446 0.02109375
0 0.5291666666666667 0.45078125 0.030555555555555555 0.02734375
0 0.45416666666666666 0.4390625 0.041666666666666664 0.03984375
0 0.7291666666666666 0.41640625 0.030555555555555555 0.021875
0 0.6722222222222223 0.4109375 0.02638888888888889 0.01328125
0 0.49444444444444446 0.3890625 0.04583333333333333 0.0265625
0 0.5361111111111111 0.38515625 0.025 0.0171875
0 0.425 0.3671875 0.05694444444444444 0.0328125
0 0.5819444444444445 0.35234375 0.05277777777777778 0.028125
0 0.4486111111111111 0.2859375 0.12916666666666668 0.0640625
0 0.6597222222222222 0.2828125 0.02361111111111111 0.0171875
0 0.5583333333333333 0.28203125 0.09583333333333334 0.03125
0 0.6013888888888889 0.26171875 0.030555555555555555 0.015625
0 0.42777777777777776 0.240625 0.05 0.02578125
0 0.5083333333333333 0.1953125 0.05138888888888889 0.03046875
0 0.5597222222222222 0.1875 0.05 0.0421875
0 0.6194444444444445 0.084375 0.05 0.0328125
0 0.6972222222222222 0.00234375 0.09027777777777778 0.040625
