0 0.5569444444444445 0.62109375 0.043055555555555555 0.0203125
0 0.29305555555555557 0.61875 0.043055555555555555 0.0234375
0 0.45 0.61328125 0.05138888888888889 0.0203125
0 0.16527777777777777 0.596875 0.0875 0.06015625
0 0.9652777777777778 0.59453125 0.013888888888888888 0.01875
0 0.8208333333333333 0.59296875 0.03194444444444444 0.01875
0 0.8708333333333333 0.5875 0.03194444444444444 0.01796875
0 0.4305555555555556 0.5875 0.07083333333333333 0.02578125
0 0.36527777777777776 0.57265625 0.0375 0.0375
0 0.2777777777777778 0.56328125 0.03888888888888889 0.01796875
0 0.8166666666666667 0.55 0.04027777777777778 0.02109375
0 0.3597222222222222 0.546875 0.06666666666666667 0.02421875
0 0.4638888888888889 0.53203125 0.059722222222222225 0.02109375
0 0.9 0.52109375 0.02638888888888889 0.01328125
0 0.4361111111111111 0.51171875 0.03611111111111111 0.01953125
0 0.4847222222222222 0.49375 0.05555555555555555 0.021875
0 0.38055555555555554 0.47421875 0.025 0.02265625
0 0.32222222222222224 0.421875 0.0625 0.034375
0 0.9847222222222223 0.4203125 0.015277777777777777 0.02578125
0 0.9013888888888889 0.4125 0.07777777777777778 0.0609375
0 0.4027777777777778 0.4125 0.02638888888888889 0.01171875
0 0.4527777777777778 0.4109375 0.027777777777777776 0.025
0 0.8986111111111111 0.37734375 0.019444444444444445 0.01484375
