0 0.4847222222222222 0.5359375 0.0375 0.01796875
0 0.49583333333333335 0.52109375 0.013888888888888888 0.01328125
0 0.9222222222222223 0.50546875 0.027777777777777776 0.01640625
0 0.8694444444444445 0.49765625 0.04722222222222222 0.021875
0 0.4263888888888889 0.4859375 0.03611111111111111 0.015625
0 0.49444444444444446 0.48515625 0.0375 0.01484375
0 0.725 0.4796875 0.030555555555555555 0.01875
0 0.6291666666666667 0.46875 0.022222222222222223 0.0140625
0 0.6652777777777777 0.4578125 0.025 0.0171875
0 0.5013888888888889 0.4578125 0.019444444444444445 0.01640625
0 0.14583333333333334 0.45625 0.044444444444444446 0.02578125
0 0.5430555555555555 0.45234375 0.03194444444444444 0.0171875
0 0.6083333333333333 0.4421875 0.027777777777777776 0.021875
0 0.6125 0.421875 0.030555555555555555 0.0109375
0 0.9458333333333333 0.41640625 0.04722222222222222 0.01796875
0 0.6583333333333333 0.41640625 0.019444444444444445 0.01875
0 0.6388888888888888 0.40078125 0.030555555555555555 0.01484375
0 0.8013888888888889 0.39375 0.029166666666666667 0.01484375
0 0.9638888888888889 0.39140625 0.025 0.01015625
0 0.7652777777777777 0.37421875 0.04861111111111111 0.02109375
0 0.9361111111111111 0.3734375 0.022222222222222223 0.01484375
0 0.8875 0.36640625 0.0375 0.02109375
0 0.4361111111111111 0.35625 0.02638888888888889 0.0125
0 0.6472222222222223 0.35078125 0.04583333333333333 0.02109375
0 0.28888888888888886 0.33515625 0.029166666666666667 0.0140625
0 0.006944444444444444 0.32734375 0.03194444444444444 0.015625
0 0.3861111111111111 0.30859375 0.04861111111111111 0.015625
0 0.275 0.3015625 0.03194444444444444 0.015625
0 0.3486111111111111 0.28828125 0.029166666666666667 0.01640625
0 0.03611111111111111 0.2875 0.03333333333333333 0.01640625
0 0.04861111111111111 0.275 0.02638888888888889 0.01484375
0 0.7097222222222223 0.26171875 0.04027777777777778 0.02265625
0 0.33611111111111114 0.2546875 0.029166666666666667 0.0140625
0 0.24305555555555555 0.246875 0.034722222222222224 0.01875
0 0.17083333333333334 0.23515625 0.025 0.009375
0 0.25 0.2203125 0.029166666666666667 0.02109375
0 0.26805555555555555 0.20546875 0.025 0.0140625
0 0.06111111111111111 0.20234375 0.025 0.01328125
0 0.12638888888888888 0.19453125 0.027777777777777776 0.01171875
0 0.05138888888888889 0.18828125 0.020833333333333332 0.01484375
0 0.0 0.175 0.02361111111111111 0.01796875
0 0.06944444444444445 0.17265625 0.029166666666666667 0.015625
0 0.12222222222222222 0.17109375 0.025 0.0171875
0 0.0763888888888889 0.14921875 0.05138888888888889 0.025
0 0.058333333333333334 0.1390625 0.019444444444444445 0.0140625
