0 0.3902777777777778 0.740625 0.02361111111111111 0.021875
0 0.09583333333333334 0.72421875 0.0375 0.0265625
0 0.6652777777777777 0.703125 0.07222222222222222 0.02421875
0 0.39861111111111114 0.690625 0.09722222222222222 0.053125
0 0.4861111111111111 0.6796875 0.0625 0.0375
0 0.7222222222222222 0.66328125 0.041666666666666664 0.0234375
0 0.41388888888888886 0.659375 0.034722222222222224 0.02578125
0 0.6180555555555556 0.653125 0.058333333333333334 0.0296875
0 0.6861111111111111 0.628125 0.05138888888888889 0.025
0 0.7708333333333334 0.61875 0.05416666666666667 0.021875
0 0.08611111111111111 0.60859375 0.06388888888888888 0.02890625
0 0.3875 0.5953125 0.025 0.0265625
0 0.5819444444444445 0.58984375 0.12222222222222222 0.05078125
0 0.5638888888888889 0.55625 0.03611111111111111 0.0234375
0 0.2111111111111111 0.54140625 0.05694444444444444 0.03046875
0 0.6722222222222223 0.5296875 0.1125 0.03828125
0 0.9180555555555555 0.528125 0.07222222222222222 0.0203125
0 0.5263888888888889 0.51328125 0.06527777777777778 0.034375
0 0.45555555555555555 0.5015625 0.05 0.02890625
0 0.18333333333333332 0.465625 0.04861111111111111 0.03046875
0 0.44722222222222224 0.46171875 0.03333333333333333 0.021875
0 0.5180555555555556 0.46015625 0.025 0.015625
0 0.43194444444444446 0.4265625 0.03194444444444444 0.01328125
0 0.5611111111111111 0.41015625 0.03888888888888889 0.01875
0 0.43333333333333335 0.37578125 0.018055555555555554 0.01328125
0 0.4375 0.265625 0.05138888888888889 0.03125
