0 0.10694444444444444 0.90859375 0.05277777777777778 0.04296875
0 0.18611111111111112 0.90078125 0.05 0.03125
0 0.5458333333333333 0.84140625 0.08055555555555556 0.03203125
0 0.044444444444444446 0.82734375 0.05555555555555555 0.0359375
0 0.14444444444444443 0.78046875 0.016666666666666666 0.01640625
0 0.020833333333333332 0.77421875 0.05416666666666667 0.0375
0 0.16944444444444445 0.7640625 0.03611111111111111 0.0265625
0 0.034722222222222224 0.73984375 0.04583333333333333 0.025
0 0.03611111111111111 0.67734375 0.07777777777777778 0.046875
0 0.11388888888888889 0.67421875 0.041666666666666664 0.02734375
0 0.0625 0.60859375 0.05694444444444444 0.0359375
0 0.0125 0.59296875 0.03611111111111111 0.01171875
0 0.6944444444444444 0.5875 0.07916666666666666 0.040625
0 0.09722222222222222 0.578125 0.05416666666666667 0.0296875
0 0.17222222222222222 0.56875 0.03194444444444444 0.01640625
0 0.6722222222222223 0.546875 0.04583333333333333 0.01484375
0 0.9569444444444445 0.5390625 0.043055555555555555 0.01875
0 0.6208333333333333 0.53515625 0.03611111111111111 0.03671875
0 0.08888888888888889 0.53515625 0.05694444444444444 0.03203125
0 0.06805555555555555 0.51875 0.05694444444444444 0.02578125
0 0.2791666666666667 0.471875 0.043055555555555555 0.02265625
0 0.025 0.46484375 0.04861111111111111 0.0234375
0 0.1875 0.453125 0.09027777777777778 0.053125
0 0.13472222222222222 0.4203125 0.05138888888888889 0.0234375
0 0.8013888888888889 0.4015625 0.03194444444444444 0.01484375
0 0.002777777777777778 0.39921875 0.05694444444444444 0.03125
0 0.9666666666666667 0.3921875 0.027777777777777776 0.01015625
0 0.058333333333333334 0.3875 0.03333333333333333 0.0171875
0 0.9652777777777778 0.3484375 0.03194444444444444 0.02265625
0 0.2625 0.34375 0.059722222222222225 0.04296875
0 0.07222222222222222 0.33984375 0.06388888888888888 0.04453125
0 0.001388888888888889 0.31640625 0.011111111111111112 0.003125
0 0.18611111111111112 0.3125 0.05 0.028125
0 0.08055555555555556 0.27109375 0.0375 0.02578125
0 0.875 0.259375 0.025 0.01484375
0 0.09305555555555556 0.24296875 0.0375 0.0234375
0 0.0 0.19453125 0.12083333333333333 0.0671875
0 0.8791666666666667 0.184375 0.10972222222222222 0.06953125
0 0.001388888888888889 0.1796875 0.044444444444444446 0.03046875
0 0.002777777777777778 0.140625 0.09305555555555556 0.04140625
0 0.002777777777777778 0.078125 0.10694444444444444 0.05625
0 0.027777777777777776 0.06640625 0.05138888888888889 0.028125
