0 0.6833333333333333 0.96796875 0.05694444444444444 0.0265625
0 0.9041666666666667 0.9515625 0.05694444444444444 0.03515625
0 0.9708333333333333 0.95 0.02638888888888889 0.028125
0 0.15 0.9140625 0.022222222222222223 0.01796875
0 0.3402777777777778 0.9046875 0.043055555555555555 0.03046875
0 0.49027777777777776 0.896875 0.04861111111111111 0.02578125
0 0.5513888888888889 0.859375 0.07222222222222222 0.03828125
0 0.23472222222222222 0.8125 0.07916666666666666 0.03828125
0 0.15138888888888888 0.803125 0.08333333333333333 0.03125
0 0.7333333333333333 0.7875 0.022222222222222223 0.01328125
0 0.6208333333333333 0.7859375 0.043055555555555555 0.02578125
0 0.21388888888888888 0.78203125 0.06111111111111111 0.0265625
0 0.7666666666666667 0.75703125 0.0625 0.03671875
0 0.8791666666666667 0.75 0.043055555555555555 0.0125
0 0.25833333333333336 0.74921875 0.05416666666666667 0.02734375
0 0.5597222222222222 0.73515625 0.04722222222222222 0.0296875
0 0.25555555555555554 0.71640625 0.05416666666666667 0.0296875
0 0.8069444444444445 0.71484375 0.030555555555555555 0.0203125
0 0.7013888888888888 0.70234375 0.05555555555555555 0.0328125
0 0.30277777777777776 0.69609375 0.11944444444444445 0.046875
0 0.9333333333333333 0.68515625 0.04722222222222222 0.021875
0 0.6652777777777777 0.64765625 0.04027777777777778 0.02109375
0 0.28194444444444444 0.6203125 0.04861111111111111 0.02109375
0 0.6027777777777777 0.5984375 0.05694444444444444 0.0375
0 0.4013888888888889 0.5953125 0.058333333333333334 0.028125
0 0.075 0.5875 0.029166666666666667 0.021875
0 0.1125 0.58359375 0.044444444444444446 0.02109375
0 0.5888888888888889 0.57578125 0.03888888888888889 0.01640625
0 0.6416666666666667 0.5671875 0.019444444444444445 0.01171875
0 0.9277777777777778 0.5515625 0.06527777777777778 0.04921875
0 0.7388888888888889 0.54765625 0.05416666666666667 0.0390625
0 0.3763888888888889 0.5453125 0.05694444444444444 0.028125
0 0.7986111111111112 0.54296875 0.12222222222222222 0.071875
0 0.2263888888888889 0.53984375 0.043055555555555555 0.02890625
0 0.27361111111111114 0.53828125 0.05416666666666667 0.0328125
0 0.32916666666666666 0.5375 0.034722222222222224 0.02734375
0 0.5819444444444445 0.5265625 0.07222222222222222 0.0421875
0 0.9555555555555556 0.51171875 0.043055555555555555 0.03046875
0 0.9555555555555556 0.47890625 0.03333333333333333 0.01484375
0 0.7222222222222222 0.46796875 0.07916666666666666 0.028125
0 0.8138888888888889 0.46171875 0.09027777777777778 0.03671875
0 0.6291666666666667 0.4515625 0.06944444444444445 0.03671875
0 0.38472222222222224 0.4359375 0.08194444444444444 0.0296875
0 0.9388888888888889 0.39140625 0.03888888888888889 0.0171875
0 0.6361111111111111 0.3734375 0.043055555555555555 0.01796875
0 0.7055555555555556 0.36640625 0.06111111111111111 0.02890625
0 0.32083333333333336 0.359375 0.10138888888888889 0.06171875
0 0.43472222222222223 0.3578125 0.0625 0.03203125
0 0.6222222222222222 0.3359375 0.04722222222222222 0.02265625
0 0.4597222222222222 0.32578125 0.059722222222222225 0.03203125
0 0.5902777777777778 0.31640625 0.03888888888888889 0.03125
0 0.3958333333333333 0.309375 0.06527777777777778 0.03125
0 0.4583333333333333 0.29375 0.041666666666666664 0.025
0 0.5958333333333333 0.29296875 0.044444444444444446 0.02421875
0 0.4027777777777778 0.278125 0.043055555555555555 0.028125
0 0.7277777777777777 0.27421875 0.05 0.0328125
0 0.6555555555555556 0.25 0.08194444444444444 0.07421875
0 0.3611111111111111 0.24375 0.06111111111111111 0.02734375
0 0.8347222222222223 0.2390625 0.075 0.0359375
0 0.4111111111111111 0.2125 0.06111111111111111 0.028125
0 0.5263888888888889 0.190625 0.05 0.03515625
0 0.5777777777777777 0.1609375 0.07083333333333333 0.0421875
0 0.55 0.15625 0.04583333333333333 0.021875
0 0.5444444444444444 0.1078125 0.06666666666666667 0.04609375
0 0.5083333333333333 0.10625 0.022222222222222223 0.02890625
0 0.6166666666666667 0.1046875 0.075 0.03671875
0 0.6361111111111111 0.01796875 0.09027777777777778 0.06953125
