0 0.6083333333333333 0.6921875 0.02361111111111111 0.01875
0 0.6736111111111112 0.66796875 0.029166666666666667 0.01875
0 0.6166666666666667 0.66796875 0.025 0.01328125
0 0.18194444444444444 0.63984375 0.041666666666666664 0.021875
0 0.6277777777777778 0.61953125 0.041666666666666664 0.02578125
0 0.7083333333333334 0.61640625 0.03194444444444444 0.015625
0 0.7513888888888889 0.61484375 0.03888888888888889 0.02109375
0 0.6013888888888889 0.6140625 0.011111111111111112 0.01875
0 0.46944444444444444 0.6109375 0.030555555555555555 0.01796875
0 0.5305555555555556 0.6078125 0.029166666666666667 0.01796875
0 0.022222222222222223 0.60234375 0.08472222222222223 0.05625
0 0.8236111111111111 0.5953125 0.03888888888888889 0.0203125
0 0.8652777777777778 0.5921875 0.0375 0.02265625
0 0.46944444444444444 0.5671875 0.041666666666666664 0.0234375
0 0.07916666666666666 0.54609375 0.04583333333333333 0.021875
0 0.5347222222222222 0.54140625 0.0375 0.01171875
0 0.8611111111111112 0.5296875 0.03333333333333333 0.03046875
0 0.027777777777777776 0.52265625 0.05138888888888889 0.025
0 0.6222222222222222 0.5140625 0.05 0.025
0 0.09027777777777778 0.5078125 0.034722222222222224 0.01875
0 0.10833333333333334 0.50546875 0.04583333333333333 0.0328125
0 0.675 0.47109375 0.04722222222222222 0.02890625
0 0.6305555555555555 0.46171875 0.05138888888888889 0.04609375
0 0.5305555555555556 0.44921875 0.05277777777777778 0.03828125
0 0.9777777777777777 0.4421875 0.020833333333333332 0.01171875
0 0.6138888888888889 0.43359375 0.05138888888888889 0.03125
0 0.5555555555555556 0.425 0.05 0.028125
0 0.0625 0.4171875 0.034722222222222224 0.0265625
0 0.6819444444444445 0.41484375 0.05694444444444444 0.03046875
0 0.008333333333333333 0.4140625 0.02638888888888889 0.021875
0 0.9652777777777778 0.4078125 0.030555555555555555 0.015625
0 0.775 0.40703125 0.02638888888888889 0.00703125
0 0.8333333333333334 0.37265625 0.05138888888888889 0.0265625
0 0.8444444444444444 0.33671875 0.07916666666666666 0.02890625
0 0.6916666666666667 0.30078125 0.06111111111111111 0.046875
0 0.8930555555555556 0.29609375 0.020833333333333332 0.0125
0 0.6277777777777778 0.278125 0.022222222222222223 0.01015625
0 0.6902777777777778 0.25 0.03888888888888889 0.02734375
0 0.9375 0.23125 0.059722222222222225 0.03828125
0 0.6958333333333333 0.22109375 0.04861111111111111 0.028125
0 0.8986111111111111 0.21328125 0.04583333333333333 0.0265625
0 0.9833333333333333 0.19765625 0.015277777777777777 0.02421875
0 0.9291666666666667 0.1765625 0.030555555555555555 0.0171875
0 0.8736111111111111 0.15 0.05694444444444444 0.02890625
0 0.7819444444444444 0.14921875 0.05277777777777778 0.03359375
0 0.7444444444444445 0.1375 0.0375 0.01953125
0 0.9111111111111111 0.115625 0.05 0.0234375
0 0.8611111111111112 0.1140625 0.04583333333333333 0.03046875
0 0.7652777777777777 0.1015625 0.08472222222222223 0.034375
0 0.8638888888888889 0.08203125 0.03194444444444444 0.02265625
0 0.6875 0.08125 0.043055555555555555 0.02890625
0 0.7916666666666666 0.025 0.05 0.03046875
0 0.6819444444444445 0.01875 0.03333333333333333 0.015625
