0 0.5986111111111111 0.8 0.08888888888888889 0.03515625
0 0.9416666666666667 0.75078125 0.05694444444444444 0.0265625
0 0.44027777777777777 0.7296875 0.03194444444444444 0.0203125
0 0.5375 0.721875 0.03888888888888889 0.03671875
0 0.6 0.6875 0.025 0.01484375
0 0.5097222222222222 0.6828125 0.044444444444444446 0.0265625
0 0.6236111111111111 0.6703125 0.020833333333333332 0.01640625
0 0.49722222222222223 0.59375 0.10416666666666667 0.0421875
0 0.25972222222222224 0.5875 0.03333333333333333 0.0171875
0 0.31666666666666665 0.57421875 0.04027777777777778 0.02109375
0 0.2513888888888889 0.54375 0.044444444444444446 0.01875
0 0.5180555555555556 0.53515625 0.04861111111111111 0.0234375
0 0.35694444444444445 0.52890625 0.075 0.0515625
0 0.5513888888888889 0.509375 0.03611111111111111 0.02265625
0 0.5944444444444444 0.49375 0.03333333333333333 0.021875
0 0.28888888888888886 0.465625 0.09444444444444444 0.03515625
0 0.5180555555555556 0.45390625 0.06805555555555555 0.03984375
0 0.30694444444444446 0.4390625 0.05694444444444444 0.02109375
0 0.38055555555555554 0.4109375 0.05 0.025
0 0.6944444444444444 0.40546875 0.041666666666666664 0.02265625
0 0.6138888888888889 0.3890625 0.07361111111111111 0.0484375
0 0.22361111111111112 0.346875 0.029166666666666667 0.01328125
0 0.48194444444444445 0.33984375 0.04722222222222222 0.028125
0 0.5180555555555556 0.3265625 0.025 0.01484375
0 0.6666666666666666 0.2875 0.05416666666666667 0.03671875
0 0.4986111111111111 0.28515625 0.07361111111111111 0.03359375
0 0.6041666666666666 0.259375 0.04027777777777778 0.02421875
0 0.3472222222222222 0.25078125 0.05694444444444444 0.03203125
0 0.5125 0.22421875 0.04027777777777778 0.02421875
0 0.4 0.20859375 0.03611111111111111 0.0203125
0 0.5291666666666667 0.19375 0.04027777777777778 0.02109375
0 0.4444444444444444 0.16484375 0.08055555555555556 0.04765625
0 0.3888888888888889 0.15390625 0.043055555555555555 0.028125
0 0.5152777777777777 0.1484375 0.03194444444444444 0.02265625
0 0.4486111111111111 0.1421875 0.03194444444444444 0.01953125
0 0.4152777777777778 0.10234375 0.10694444444444444 0.03359375
0 0.40555555555555556 0.08046875 0.020833333333333332 0.02734375
0 0.44166666666666665 0.06328125 0.044444444444444446 0.0234375
0 0.48194444444444445 0.0234375 0.06805555555555555 0.053125
