0 0.24722222222222223 0.69375 0.044444444444444446 0.03125
0 0.41388888888888886 0.66875 0.034722222222222224 0.0265625
0 0.24166666666666667 0.61171875 0.02638888888888889 0.01953125
0 0.043055555555555555 0.58359375 0.027777777777777776 0.0234375
0 0.05277777777777778 0.52578125 0.015277777777777777 0.01015625
0 0.7847222222222222 0.51015625 0.030555555555555555 0.01328125
0 0.2861111111111111 0.49296875 0.019444444444444445 0.0109375
0 0.14027777777777778 0.48046875 0.03611111111111111 0.015625
0 0.034722222222222224 0.46640625 0.03611111111111111 0.009375
0 0.7083333333333334 0.440625 0.04027777777777778 0.01875
0 0.075 0.4390625 0.04722222222222222 0.03671875
0 0.6958333333333333 0.4359375 0.019444444444444445 0.01015625
0 0.006944444444444444 0.43359375 0.05694444444444444 0.03046875
0 0.5277777777777778 0.3953125 0.02361111111111111 0.009375
0 0.14305555555555555 0.39375 0.018055555555555554 0.01640625
0 0.17222222222222222 0.38046875 0.03888888888888889 0.01953125
0 0.06944444444444445 0.33515625 0.03333333333333333 0.02734375
0 0.011111111111111112 0.33359375 0.041666666666666664 0.0203125
0 0.14444444444444443 0.32421875 0.04861111111111111 0.01796875
0 0.10277777777777777 0.30625 0.041666666666666664 0.0328125
0 0.1527777777777778 0.296875 0.0375 0.0265625
0 0.14444444444444443 0.29296875 0.019444444444444445 0.0078125
0 0.05694444444444444 0.26875 0.07083333333333333 0.02109375
0 0.08333333333333333 0.24765625 0.04027777777777778 0.01953125
0 0.6819444444444445 0.19453125 0.08472222222222223 0.03671875
0 0.15555555555555556 0.18828125 0.041666666666666664 0.02578125
0 0.05694444444444444 0.1421875 0.05277777777777778 0.021875
0 0.6791666666666667 0.1234375 0.034722222222222224 0.021875
0 0.525 0.0953125 0.04027777777777778 0.02421875
0 0.4736111111111111 0.0421875 0.12638888888888888 0.046875
0 0.4861111111111111 0.0359375 0.05 0.02109375
0 0.0 0.03359375 0.019444444444444445 0.02578125
