0 0.5208333333333334 0.609375 0.043055555555555555 0.0234375
0 0.38055555555555554 0.59609375 0.04722222222222222 0.025
0 0.21944444444444444 0.58046875 0.05555555555555555 0.02890625
0 0.24722222222222223 0.5515625 0.03194444444444444 0.0234375
0 0.6 0.521875 0.04722222222222222 0.02578125
0 0.26666666666666666 0.51015625 0.030555555555555555 0.028125
0 0.5097222222222222 0.48828125 0.07222222222222222 0.0375
0 0.4027777777777778 0.48203125 0.06666666666666667 0.03515625
0 0.6027777777777777 0.47109375 0.043055555555555555 0.03203125
0 0.6083333333333333 0.4421875 0.05 0.03046875
0 0.16527777777777777 0.43828125 0.03194444444444444 0.0140625
0 0.5791666666666667 0.4265625 0.03888888888888889 0.015625
0 0.1388888888888889 0.421875 0.03611111111111111 0.01796875
0 0.4888888888888889 0.40234375 0.0375 0.01875
0 0.5472222222222223 0.3203125 0.041666666666666664 0.01015625
0 0.5333333333333333 0.24921875 0.07777777777777778 0.04140625
0 0.375 0.12109375 0.041666666666666664 0.021875
0 0.4875 0.109375 0.03194444444444444 0.01796875
0 0.4 0.1046875 0.03611111111111111 0.01953125
