0 0.1375 0.6578125 0.027777777777777776 0.01953125
0 0.30416666666666664 0.653125 0.04722222222222222 0.0265625
0 0.4861111111111111 0.615625 0.025 0.01484375
0 0.19583333333333333 0.615625 0.03194444444444444 0.01796875
0 0.3625 0.61015625 0.03611111111111111 0.03046875
0 0.07361111111111111 0.59609375 0.03194444444444444 0.015625
0 0.14444444444444443 0.58828125 0.030555555555555555 0.01484375
0 0.37222222222222223 0.58203125 0.034722222222222224 0.02421875
0 0.25 0.57421875 0.0625 0.0546875
0 0.029166666666666667 0.571875 0.044444444444444446 0.0203125
0 0.07916666666666666 0.55859375 0.05416666666666667 0.02578125
0 0.8097222222222222 0.5546875 0.03611111111111111 0.01953125
0 0.15138888888888888 0.55390625 0.059722222222222225 0.02578125
0 0.45694444444444443 0.55234375 0.03888888888888889 0.02421875
0 0.005555555555555556 0.5453125 0.05 0.025
0 0.3333333333333333 0.528125 0.058333333333333334 0.03671875
0 0.30416666666666664 0.525 0.022222222222222223 0.01640625
0 0.21666666666666667 0.52109375 0.04583333333333333 0.0296875
0 0.7916666666666666 0.51796875 0.03333333333333333 0.01875
0 0.9138888888888889 0.51484375 0.03194444444444444 0.01953125
0 0.40694444444444444 0.50703125 0.03611111111111111 0.02421875
0 0.2513888888888889 0.50625 0.04583333333333333 0.0078125
0 0.02361111111111111 0.50078125 0.05694444444444444 0.025
0 0.5944444444444444 0.49921875 0.034722222222222224 0.028125
0 0.5430555555555555 0.4953125 0.0375 0.01953125
0 0.6513888888888889 0.4890625 0.08888888888888889 0.03125
0 0.7861111111111111 0.48359375 0.06388888888888888 0.021875
0 0.41944444444444445 0.4703125 0.03194444444444444 0.01328125
0 0.8777777777777778 0.46875 0.04027777777777778 0.01640625
0 0.4708333333333333 0.46796875 0.04861111111111111 0.02734375
0 0.3236111111111111 0.46796875 0.06388888888888888 0.02734375
0 0.2722222222222222 0.46171875 0.043055555555555555 0.021875
0 0.4305555555555556 0.434375 0.0375 0.03046875
0 0.36666666666666664 0.428125 0.02638888888888889 0.0171875
0 0.6402777777777777 0.4265625 0.04583333333333333 0.02109375
0 0.3 0.4109375 0.03194444444444444 0.01875
0 0.15694444444444444 0.40859375 0.027777777777777776 0.01640625
0 0.2833333333333333 0.38671875 0.034722222222222224 0.015625
0 0.41388888888888886 0.384375 0.02361111111111111 0.01484375
0 0.8875 0.37734375 0.044444444444444446 0.021875
0 0.6625 0.375 0.03333333333333333 0.01484375
0 0.11388888888888889 0.365625 0.0375 0.0203125
0 0.22083333333333333 0.35390625 0.04027777777777778 0.02265625
0 0.002777777777777778 0.3515625 0.03888888888888889 0.021875
0 0.17777777777777778 0.3484375 0.02638888888888889 0.01640625
0 0.5513888888888889 0.334375 0.027777777777777776 0.015625
0 0.9236111111111112 0.30625 0.04861111111111111 0.0234375
0 0.11805555555555555 0.3 0.04027777777777778 0.0234375
0 0.5152777777777777 0.2953125 0.04861111111111111 0.028125
0 0.6486111111111111 0.29453125 0.030555555555555555 0.01796875
0 0.6055555555555555 0.2890625 0.07777777777777778 0.04609375
0 0.8055555555555556 0.2765625 0.0875 0.06328125
0 0.9388888888888889 0.2734375 0.034722222222222224 0.025
0 0.925 0.25078125 0.04027777777777778 0.01875
0 0.008333333333333333 0.24921875 0.04027777777777778 0.04140625
0 0.6625 0.2453125 0.12361111111111112 0.05546875
0 0.6555555555555556 0.2453125 0.03611111111111111 0.0140625
0 0.4888888888888889 0.24453125 0.06388888888888888 0.0484375
0 0.20833333333333334 0.24296875 0.05416666666666667 0.01953125
0 0.5333333333333333 0.24140625 0.034722222222222224 0.0234375
0 0.15833333333333333 0.23125 0.041666666666666664 0.0234375
0 0.35555555555555557 0.2296875 0.0375 0.02265625
0 0.0 0.2265625 0.03611111111111111 0.021875
0 0.3 0.225 0.03333333333333333 0.01875
0 0.030555555555555555 0.21796875 0.10138888888888889 0.05
0 0.7444444444444445 0.203125 0.07361111111111111 0.04609375
0 0.3194444444444444 0.196875 0.03333333333333333 0.02421875
0 0.4791666666666667 0.18828125 0.03194444444444444 0.01484375
0 0.20277777777777778 0.18515625 0.025 0.02265625
0 0.08888888888888889 0.18203125 0.027777777777777776 0.01875
0 0.35833333333333334 0.18046875 0.1125 0.05546875
0 0.25277777777777777 0.17890625 0.03611111111111111 0.02421875
0 0.6819444444444445 0.17578125 0.07361111111111111 0.0453125
0 0.475 0.1609375 0.06944444444444445 0.0296875
0 0.16111111111111112 0.15703125 0.041666666666666664 0.0265625
0 0.22777777777777777 0.1421875 0.044444444444444446 0.02890625
