0 0.7166666666666667 0.76171875 0.019444444444444445 0.0203125
0 0.7486111111111111 0.753125 0.034722222222222224 0.01796875
0 0.6847222222222222 0.725 0.04583333333333333 0.015625
0 0.6013888888888889 0.7234375 0.034722222222222224 0.01875
0 0.65 0.7203125 0.025 0.02109375
0 0.7013888888888888 0.71171875 0.04027777777777778 0.01796875
0 0.5125 0.690625 0.03194444444444444 0.01484375
0 0.6083333333333333 0.68984375 0.02638888888888889 0.0203125
0 0.44166666666666665 0.678125 0.04722222222222222 0.0234375
0 0.49166666666666664 0.67421875 0.016666666666666666 0.0171875
0 0.6361111111111111 0.66953125 0.03194444444444444 0.021875
0 0.7930555555555555 0.6671875 0.0625 0.0328125
0 0.475 0.65546875 0.03333333333333333 0.01640625
0 0.5180555555555556 0.64765625 0.02638888888888889 0.0125
0 0.475 0.646875 0.02638888888888889 0.00859375
0 0.08611111111111111 0.63125 0.030555555555555555 0.02421875
0 0.4777777777777778 0.61328125 0.03333333333333333 0.01875
0 0.46111111111111114 0.6015625 0.025 0.01171875
0 0.37916666666666665 0.58828125 0.02638888888888889 0.025
0 0.5305555555555556 0.5828125 0.02361111111111111 0.015625
0 0.5583333333333333 0.58046875 0.041666666666666664 0.021875
0 0.33611111111111114 0.58046875 0.03611111111111111 0.02265625
0 0.13055555555555556 0.57265625 0.034722222222222224 0.021875
0 0.2569444444444444 0.5703125 0.025 0.02421875
0 0.4027777777777778 0.559375 0.02361111111111111 0.015625
0 0.15416666666666667 0.559375 0.03194444444444444 0.0140625
0 0.49166666666666664 0.52890625 0.0375 0.01796875
0 0.2361111111111111 0.5203125 0.05555555555555555 0.02578125
0 0.3541666666666667 0.4953125 0.016666666666666666 0.01328125
0 0.3277777777777778 0.4796875 0.029166666666666667 0.01640625
0 0.4486111111111111 0.47265625 0.020833333333333332 0.01484375
0 0.4875 0.43125 0.03333333333333333 0.01640625
0 0.5277777777777778 0.4296875 0.03333333333333333 0.0140625
0 0.5861111111111111 0.42578125 0.025 0.01171875
0 0.6097222222222223 0.41953125 0.03194444444444444 0.0140625
0 0.4708333333333333 0.409375 0.043055555555555555 0.02109375
0 0.30416666666666664 0.3984375 0.011111111111111112 0.01328125
0 0.075 0.38828125 0.034722222222222224 0.01640625
0 0.17222222222222222 0.37734375 0.03194444444444444 0.01171875
0 0.2916666666666667 0.375 0.03611111111111111 0.0171875
0 0.4263888888888889 0.365625 0.019444444444444445 0.01953125
0 0.044444444444444446 0.359375 0.058333333333333334 0.01796875
0 0.08888888888888889 0.34453125 0.02638888888888889 0.01796875
0 0.24722222222222223 0.33359375 0.034722222222222224 0.0140625
0 0.575 0.3328125 0.034722222222222224 0.01640625
0 0.11666666666666667 0.3296875 0.02638888888888889 0.02265625
0 0.5555555555555556 0.31171875 0.03194444444444444 0.01484375
0 0.4791666666666667 0.2828125 0.02361111111111111 0.015625
0 0.49027777777777776 0.25703125 0.029166666666666667 0.01796875
0 0.5222222222222223 0.25546875 0.027777777777777776 0.01484375
0 0.4625 0.23828125 0.04027777777777778 0.01796875
0 0.3138888888888889 0.234375 0.06111111111111111 0.02265625
0 0.5416666666666666 0.228125 0.027777777777777776 0.0171875
0 0.3888888888888889 0.221875 0.05138888888888889 0.02578125
0 0.3347222222222222 0.221875 0.016666666666666666 0.01171875
0 0.39166666666666666 0.215625 0.02638888888888889 0.01484375
0 0.4722222222222222 0.1984375 0.030555555555555555 0.0171875
0 0.43472222222222223 0.17890625 0.02361111111111111 0.0171875
0 0.36666666666666664 0.16328125 0.029166666666666667 0.01640625
0 0.4777777777777778 0.16171875 0.025 0.01015625
0 0.43333333333333335 0.16171875 0.04027777777777778 0.009375
0 0.4847222222222222 0.13828125 0.018055555555555554 0.0109375
0 0.4513888888888889 0.1359375 0.025 0.01640625
