0 0.9472222222222222 0.88828125 0.05277777777777778 0.03125
0 0.0125 0.86796875 0.05138888888888889 0.0234375
0 0.18472222222222223 0.84140625 0.0625 0.03203125
0 0.7472222222222222 0.83828125 0.02638888888888889 0.02109375
0 0.6666666666666666 0.82109375 0.05694444444444444 0.01796875
0 0.6305555555555555 0.81328125 0.041666666666666664 0.01484375
0 0.5791666666666667 0.77890625 0.04583333333333333 0.05078125
0 0.4097222222222222 0.76796875 0.029166666666666667 0.0203125
0 0.4722222222222222 0.7625 0.04861111111111111 0.0234375
0 0.44583333333333336 0.73203125 0.06111111111111111 0.0296875
0 0.23333333333333334 0.72578125 0.05555555555555555 0.03984375
0 0.6319444444444444 0.721875 0.027777777777777776 0.0125
0 0.5569444444444445 0.715625 0.09861111111111111 0.053125
0 0.6458333333333334 0.69765625 0.019444444444444445 0.0140625
0 0.38333333333333336 0.69296875 0.05416666666666667 0.0390625
0 0.7763888888888889 0.671875 0.04583333333333333 0.028125
0 0.6625 0.671875 0.09305555555555556 0.034375
0 0.6666666666666666 0.6234375 0.05 0.0296875
0 0.44583333333333336 0.62265625 0.08611111111111111 0.05234375
0 0.5875 0.6125 0.06527777777777778 0.034375
0 0.4513888888888889 0.58125 0.10972222222222222 0.0390625
0 0.75 0.5625 0.04027777777777778 0.02109375
0 0.7041666666666667 0.5515625 0.04861111111111111 0.02734375
0 0.4708333333333333 0.55 0.05416666666666667 0.0265625
0 0.6263888888888889 0.54296875 0.06805555555555555 0.040625
0 0.3472222222222222 0.44140625 0.05694444444444444 0.0328125
0 0.6097222222222223 0.40859375 0.03333333333333333 0.02421875
0 0.3819444444444444 0.4078125 0.02638888888888889 0.03046875
0 0.3861111111111111 0.33203125 0.05416666666666667 0.03203125
0 0.5333333333333333 0.28515625 0.05555555555555555 0.03046875
0 0.4583333333333333 0.28046875 0.0625 0.03125
0 0.44027777777777777 0.2703125 0.030555555555555555 0.01328125
0 0.46944444444444444 0.2515625 0.05416666666666667 0.0234375
