0 0.09583333333333334 0.82734375 0.06111111111111111 0.0328125
0 0.04722222222222222 0.74921875 0.02638888888888889 0.0234375
0 0.07777777777777778 0.73125 0.07222222222222222 0.04921875
0 0.13333333333333333 0.7234375 0.025 0.01015625
0 0.8472222222222222 0.57578125 0.07361111111111111 0.04375
0 0.001388888888888889 0.540625 0.020833333333333332 0.0234375
0 0.001388888888888889 0.50078125 0.03333333333333333 0.02265625
0 0.6902777777777778 0.46640625 0.04722222222222222 0.02109375
0 0.002777777777777778 0.46640625 0.011111111111111112 0.01328125
0 0.8222222222222222 0.38203125 0.04583333333333333 0.01953125
0 0.8763888888888889 0.33359375 0.03888888888888889 0.02265625
