0 0.14305555555555555 0.646875 0.05138888888888889 0.034375
0 0.20416666666666666 0.640625 0.05416666666666667 0.03046875
0 0.39444444444444443 0.63515625 0.025 0.0171875
0 0.1375 0.6140625 0.03333333333333333 0.0296875
0 0.9513888888888888 0.59296875 0.03333333333333333 0.0203125
0 0.3541666666666667 0.59296875 0.05138888888888889 0.02578125
0 0.48055555555555557 0.5859375 0.08194444444444444 0.03046875
0 0.09166666666666666 0.58359375 0.06527777777777778 0.0171875
0 0.9097222222222222 0.55859375 0.05416666666666667 0.03203125
0 0.6222222222222222 0.5328125 0.05 0.0328125
0 0.7152777777777778 0.52734375 0.04861111111111111 0.0265625
0 0.6666666666666666 0.5171875 0.04861111111111111 0.02890625
0 0.4013888888888889 0.51640625 0.05694444444444444 0.05
0 0.20972222222222223 0.509375 0.09166666666666666 0.04140625
0 0.5208333333333334 0.50625 0.06111111111111111 0.03046875
0 0.8763888888888889 0.4734375 0.05555555555555555 0.0296875
0 0.3638888888888889 0.46484375 0.06388888888888888 0.03203125
0 0.8125 0.4546875 0.06666666666666667 0.03359375
0 0.5680555555555555 0.4484375 0.06527777777777778 0.03203125
0 0.2388888888888889 0.428125 0.03194444444444444 0.01796875
0 0.3472222222222222 0.42109375 0.0625 0.03203125
0 0.9111111111111111 0.40859375 0.05555555555555555 0.02265625
0 0.7097222222222223 0.3890625 0.027777777777777776 0.01328125
0 0.40694444444444444 0.38671875 0.07083333333333333 0.04296875
0 0.8986111111111111 0.37578125 0.0625 0.0328125
0 0.6916666666666667 0.36796875 0.0375 0.01796875
0 0.20972222222222223 0.3625 0.08472222222222223 0.04375
0 0.3472222222222222 0.340625 0.07916666666666666 0.0484375
0 0.2013888888888889 0.3125 0.09027777777777778 0.05
0 0.6541666666666667 0.309375 0.11388888888888889 0.0421875
0 0.005555555555555556 0.28359375 0.059722222222222225 0.0171875
0 0.4708333333333333 0.2765625 0.08888888888888889 0.04921875
0 0.3277777777777778 0.259375 0.05 0.01953125
0 0.7583333333333333 0.25859375 0.04583333333333333 0.028125
0 0.09583333333333334 0.2578125 0.1 0.065625
0 0.029166666666666667 0.2390625 0.06388888888888888 0.0296875
0 0.775 0.2359375 0.05 0.0203125
0 0.29305555555555557 0.221875 0.06111111111111111 0.02734375
0 0.7916666666666666 0.203125 0.03888888888888889 0.0234375
0 0.6319444444444444 0.19921875 0.1597222222222222 0.06953125
0 0.0 0.16640625 0.06666666666666667 0.034375
0 0.17222222222222222 0.15546875 0.05138888888888889 0.01640625
0 0.6472222222222223 0.1421875 0.05416666666666667 0.02578125
0 0.19027777777777777 0.125 0.03888888888888889 0.025
0 0.8291666666666667 0.090625 0.11388888888888889 0.08984375
0 0.075 0.0875 0.058333333333333334 0.028125
0 0.13472222222222222 0.05859375 0.10694444444444444 0.0640625
0 0.2763888888888889 0.03671875 0.19166666666666668 0.075
0 0.09027777777777778 0.0015625 0.07361111111111111 0.028125
0 0.5194444444444445 0.00078125 0.043055555555555555 0.01875
