0 0.3236111111111111 0.71484375 0.04722222222222222 0.03046875
0 0.4583333333333333 0.69140625 0.05138888888888889 0.0359375
0 0.4166666666666667 0.68984375 0.03333333333333333 0.01484375
0 0.07916666666666666 0.68984375 0.16666666666666666 0.0703125
0 0.9152777777777777 0.6859375 0.0625 0.03125
0 0.2638888888888889 0.6828125 0.03888888888888889 0.0203125
0 0.19166666666666668 0.659375 0.02638888888888889 0.0171875
0 0.0 0.64765625 0.03194444444444444 0.0265625
0 0.9597222222222223 0.63828125 0.04027777777777778 0.02109375
0 0.06805555555555555 0.61875 0.04027777777777778 0.028125
0 0.17916666666666667 0.61796875 0.04027777777777778 0.0265625
0 0.0 0.55859375 0.06666666666666667 0.0515625
0 0.6722222222222223 0.5515625 0.04861111111111111 0.02578125
0 0.08333333333333333 0.52578125 0.06527777777777778 0.04140625
0 0.26944444444444443 0.5078125 0.03194444444444444 0.015625
0 0.7986111111111112 0.45859375 0.05416666666666667 0.02109375
0 0.4625 0.45546875 0.03888888888888889 0.02109375
0 0.36666666666666664 0.45390625 0.07777777777777778 0.0328125
0 0.14583333333333334 0.440625 0.04027777777777778 0.021875
0 0.7916666666666666 0.428125 0.04027777777777778 0.0171875
0 0.41388888888888886 0.40546875 0.044444444444444446 0.04296875
0 0.2847222222222222 0.39609375 0.0763888888888889 0.02421875
0 0.1986111111111111 0.39296875 0.034722222222222224 0.02109375
0 0.004166666666666667 0.3875 0.03194444444444444 0.01796875
0 0.25833333333333336 0.3671875 0.044444444444444446 0.01796875
0 0.0375 0.3671875 0.04722222222222222 0.0203125
0 0.5666666666666667 0.35703125 0.043055555555555555 0.02421875
0 0.1638888888888889 0.340625 0.03194444444444444 0.01953125
0 0.31527777777777777 0.33828125 0.04027777777777778 0.01875
0 0.36666666666666664 0.31875 0.02638888888888889 0.0203125
0 0.22083333333333333 0.31796875 0.034722222222222224 0.01640625
0 0.4875 0.3125 0.044444444444444446 0.01953125
0 0.4305555555555556 0.3 0.03888888888888889 0.01796875
0 0.3611111111111111 0.27890625 0.0375 0.021875
0 0.7430555555555556 0.265625 0.02638888888888889 0.0140625
0 0.48055555555555557 0.26484375 0.04027777777777778 0.02265625
0 0.6208333333333333 0.2515625 0.016666666666666666 0.01171875
0 0.6083333333333333 0.2375 0.02638888888888889 0.01796875
0 0.5638888888888889 0.2359375 0.03194444444444444 0.0203125
0 0.5027777777777778 0.228125 0.04861111111111111 0.01953125
0 0.5513888888888889 0.2078125 0.06805555555555555 0.02578125
0 0.8208333333333333 0.2 0.075 0.0328125
0 0.5333333333333333 0.18046875 0.04861111111111111 0.0265625
0 0.6680555555555555 0.17734375 0.21388888888888888 0.09921875
0 0.9152777777777777 0.16796875 0.08472222222222223 0.040625
0 0.7680555555555556 0.16640625 0.05416666666666667 0.02421875
0 0.5986111111111111 0.15703125 0.06944444444444445 0.0203125
0 0.42777777777777776 0.1375 0.03194444444444444 0.02578125
0 0.7638888888888888 0.125 0.07222222222222222 0.0390625
0 0.4444444444444444 0.11484375 0.030555555555555555 0.01875
0 0.3597222222222222 0.109375 0.07361111111111111 0.0609375
0 0.5 0.09609375 0.04861111111111111 0.0390625
0 0.4388888888888889 0.0921875 0.04583333333333333 0.01953125
0 0.9472222222222222 0.08046875 0.05277777777777778 0.040625
0 0.49444444444444446 0.0703125 0.041666666666666664 0.0234375
0 0.3458333333333333 0.06875 0.043055555555555555 0.0234375
0 0.3611111111111111 0.05 0.08611111111111111 0.04453125
0 0.9 0.0359375 0.07083333333333333 0.03203125
0 0.30277777777777776 0.0328125 0.04583333333333333 0.03359375
0 0.5805555555555556 0.025 0.08333333333333333 0.0390625
0 0.35694444444444445 0.01953125 0.05277777777777778 0.0265625
0 0.31805555555555554 0.003125 0.025 0.015625
0 0.7680555555555556 0.00234375 0.10416666666666667 0.06953125
0 0.9652777777777778 0.0015625 0.027777777777777776 0.0203125
0 0.5875 0.00078125 0.05694444444444444 0.01640625
0 0.4722222222222222 0.0 0.075 0.0359375
