0 0.9708333333333333 0.7859375 0.027777777777777776 0.0375
0 0.7736111111111111 0.778125 0.08055555555555556 0.04453125
0 0.2375 0.76015625 0.05555555555555555 0.02890625
0 0.37083333333333335 0.721875 0.043055555555555555 0.0328125
0 0.7569444444444444 0.68203125 0.030555555555555555 0.01875
0 0.8291666666666667 0.67734375 0.10416666666666667 0.03203125
0 0.7736111111111111 0.653125 0.05694444444444444 0.03125
0 0.5666666666666667 0.6484375 0.034722222222222224 0.01328125
0 0.625 0.6453125 0.041666666666666664 0.015625
0 0.8277777777777777 0.63046875 0.043055555555555555 0.02734375
0 0.4263888888888889 0.6109375 0.05555555555555555 0.03359375
0 0.7763888888888889 0.61015625 0.0375 0.03515625
0 0.7277777777777777 0.59140625 0.05138888888888889 0.0328125
0 0.5555555555555556 0.575 0.058333333333333334 0.03359375
0 0.7944444444444444 0.571875 0.04027777777777778 0.021875
0 0.8944444444444445 0.5421875 0.06111111111111111 0.03671875
0 0.6513888888888889 0.5421875 0.04027777777777778 0.02421875
0 0.6138888888888889 0.5265625 0.06111111111111111 0.01953125
0 0.7652777777777777 0.52109375 0.05138888888888889 0.0171875
0 0.5736111111111111 0.50234375 0.058333333333333334 0.02421875
0 0.0375 0.49921875 0.04722222222222222 0.01953125
0 0.4930555555555556 0.49609375 0.04027777777777778 0.01953125
0 0.7888888888888889 0.4859375 0.06388888888888888 0.03515625
0 0.5152777777777777 0.48125 0.0375 0.02109375
0 0.5083333333333333 0.46015625 0.06527777777777778 0.025
0 0.5736111111111111 0.459375 0.09166666666666666 0.03671875
0 0.015277777777777777 0.4390625 0.06111111111111111 0.03125
0 0.5902777777777778 0.4234375 0.05416666666666667 0.02578125
0 0.8430555555555556 0.415625 0.05555555555555555 0.03671875
0 0.45555555555555555 0.30859375 0.09305555555555556 0.03515625
0 0.5083333333333333 0.2734375 0.044444444444444446 0.03359375
0 0.7055555555555556 0.26796875 0.030555555555555555 0.01875
0 0.001388888888888889 0.24765625 0.0125 0.0265625
0 0.6972222222222222 0.2421875 0.020833333333333332 0.015625
0 0.5652777777777778 0.18828125 0.058333333333333334 0.03671875
0 0.6972222222222222 0.13984375 0.04861111111111111 0.0234375
0 0.6069444444444444 0.1296875 0.0625 0.03203125
0 0.5569444444444445 0.1140625 0.03888888888888889 0.01953125
0 0.6027777777777777 0.09765625 0.058333333333333334 0.0265625
