0 0.008333333333333333 0.69765625 0.0625 0.02421875
0 0.5125 0.6875 0.0875 0.0296875
0 0.33194444444444443 0.675 0.02361111111111111 0.01015625
0 0.44305555555555554 0.63828125 0.027777777777777776 0.0140625
0 0.5402777777777777 0.62734375 0.05555555555555555 0.03046875
0 0.35833333333333334 0.62734375 0.03888888888888889 0.01796875
0 0.33611111111111114 0.584375 0.020833333333333332 0.01171875
0 0.5625 0.58359375 0.03888888888888889 0.028125
0 0.6597222222222222 0.52734375 0.030555555555555555 0.021875
0 0.5430555555555555 0.5109375 0.05277777777777778 0.02421875
0 0.5388888888888889 0.4859375 0.018055555555555554 0.021875
0 0.4513888888888889 0.4796875 0.07777777777777778 0.02578125
0 0.31527777777777777 0.4625 0.06805555555555555 0.0359375
0 0.8666666666666667 0.45546875 0.0375 0.01484375
0 0.9277777777777778 0.44609375 0.03611111111111111 0.01484375
0 0.5791666666666667 0.4265625 0.034722222222222224 0.0375
0 0.3819444444444444 0.41875 0.041666666666666664 0.0265625
0 0.4375 0.375 0.02361111111111111 0.01875
0 0.725 0.3734375 0.015277777777777777 0.0125
0 0.24027777777777778 0.36875 0.03611111111111111 0.02578125
0 0.2902777777777778 0.3671875 0.059722222222222225 0.0265625
0 0.39166666666666666 0.365625 0.019444444444444445 0.0125
0 0.5611111111111111 0.3578125 0.1388888888888889 0.08203125
0 0.35833333333333334 0.3296875 0.019444444444444445 0.01484375
0 0.4166666666666667 0.3171875 0.018055555555555554 0.009375
0 0.6736111111111112 0.3125 0.027777777777777776 0.01171875
0 0.9611111111111111 0.2984375 0.02638888888888889 0.01484375
0 0.45555555555555555 0.26015625 0.02361111111111111 0.02890625
0 0.3763888888888889 0.2578125 0.04861111111111111 0.02890625
0 0.22777777777777777 0.2515625 0.05277777777777778 0.0328125
0 0.5222222222222223 0.2359375 0.05416666666666667 0.0265625
0 0.3736111111111111 0.23359375 0.027777777777777776 0.015625
0 0.3125 0.2203125 0.043055555555555555 0.02421875
0 0.4263888888888889 0.21484375 0.03333333333333333 0.02109375
0 0.44305555555555554 0.18359375 0.034722222222222224 0.0203125
0 0.37777777777777777 0.17109375 0.06388888888888888 0.03984375
0 0.5027777777777778 0.165625 0.03611111111111111 0.03359375
0 0.45416666666666666 0.16328125 0.03333333333333333 0.01953125
0 0.49722222222222223 0.12734375 0.06805555555555555 0.03671875
0 0.39861111111111114 0.121875 0.06527777777777778 0.0421875
0 0.4597222222222222 0.10546875 0.04861111111111111 0.02421875
0 0.4930555555555556 0.084375 0.03333333333333333 0.02265625
0 0.42777777777777776 0.07265625 0.05277777777777778 0.03828125
0 0.4777777777777778 0.06171875 0.05416666666666667 0.0265625
0 0.46805555555555556 0.03125 0.03194444444444444 0.0265625
0 0.3875 0.0296875 0.0625 0.0421875
