0 0.9513888888888888 0.878125 0.04583333333333333 0.03671875
0 0.5819444444444445 0.85234375 0.0625 0.05390625
0 0.6819444444444445 0.8421875 0.05555555555555555 0.04453125
0 0.7666666666666667 0.7578125 0.03333333333333333 0.02734375
0 0.44027777777777777 0.73671875 0.15833333333333333 0.05703125
0 0.15416666666666667 0.6515625 0.07222222222222222 0.0453125
0 0.9527777777777777 0.61640625 0.04583333333333333 0.053125
0 0.5791666666666667 0.59375 0.16944444444444445 0.07578125
0 0.7263888888888889 0.57578125 0.020833333333333332 0.01875
0 0.05 0.5078125 0.04583333333333333 0.02421875
0 0.02361111111111111 0.47734375 0.043055555555555555 0.015625
0 0.001388888888888889 0.4703125 0.02638888888888889 0.01796875
0 0.19444444444444445 0.45703125 0.04027777777777778 0.01484375
0 0.24027777777777778 0.446875 0.03194444444444444 0.0140625
0 0.7111111111111111 0.43515625 0.05138888888888889 0.02109375
0 0.31805555555555554 0.4125 0.0375 0.0140625
0 0.18055555555555555 0.396875 0.04027777777777778 0.02578125
0 0.575 0.39609375 0.0375 0.0171875
0 0.6430555555555556 0.3953125 0.05 0.025
0 0.2902777777777778 0.390625 0.0875 0.02890625
0 0.4125 0.38515625 0.03194444444444444 0.0265625
0 0.0 0.378125 0.019444444444444445 0.009375
0 0.43333333333333335 0.359375 0.044444444444444446 0.02578125
0 0.39444444444444443 0.35859375 0.03611111111111111 0.02109375
0 0.8222222222222222 0.3421875 0.04583333333333333 0.0203125
0 0.06666666666666667 0.3421875 0.03611111111111111 0.0140625
0 0.19027777777777777 0.31171875 0.02638888888888889 0.01328125
0 0.6777777777777778 0.31015625 0.03194444444444444 0.025
0 0.5888888888888889 0.29296875 0.058333333333333334 0.03125
0 0.8361111111111111 0.2734375 0.058333333333333334 0.0296875
0 0.6625 0.2734375 0.05 0.02265625
0 0.6388888888888888 0.259375 0.0375 0.01328125
0 0.4041666666666667 0.2578125 0.05 0.0296875
0 0.9541666666666667 0.23515625 0.044444444444444446 0.040625
0 0.5819444444444445 0.17421875 0.08472222222222223 0.0390625
0 0.5347222222222222 0.10078125 0.08333333333333333 0.0421875
0 0.8680555555555556 0.090625 0.02638888888888889 0.01328125
0 0.28194444444444444 0.0734375 0.06527777777777778 0.04921875
0 0.4027777777777778 0.05625 0.08611111111111111 0.06484375
0 0.8402777777777778 0.0546875 0.05694444444444444 0.034375
0 0.9569444444444445 0.04921875 0.03888888888888889 0.021875
0 0.9083333333333333 0.03515625 0.05138888888888889 0.0265625
0 0.7652777777777777 0.02421875 0.04722222222222222 0.02890625
0 0.3875 0.02421875 0.04861111111111111 0.025
0 0.3263888888888889 0.0203125 0.08194444444444444 0.08828125
0 0.35694444444444445 0.00078125 0.08333333333333333 0.01796875
0 0.9 0.0 0.058333333333333334 0.025
