0 0.2708333333333333 0.6859375 0.018055555555555554 0.0203125
0 0.5194444444444445 0.66953125 0.016666666666666666 0.0171875
0 0.7680555555555556 0.64609375 0.027777777777777776 0.0203125
0 0.4597222222222222 0.62734375 0.029166666666666667 0.01953125
0 0.825 0.6265625 0.03333333333333333 0.01953125
0 0.15694444444444444 0.62578125 0.043055555555555555 0.02265625
0 0.8861111111111111 0.625 0.044444444444444446 0.03671875
0 0.7916666666666666 0.61875 0.02361111111111111 0.015625
0 0.3333333333333333 0.61328125 0.03333333333333333 0.02734375
0 0.9805555555555555 0.60234375 0.019444444444444445 0.01953125
0 0.7361111111111112 0.59296875 0.016666666666666666 0.01953125
0 0.9597222222222223 0.5921875 0.027777777777777776 0.015625
0 0.8972222222222223 0.5765625 0.02361111111111111 0.01015625
0 0.8597222222222223 0.56953125 0.025 0.01484375
0 0.5777777777777777 0.5625 0.013888888888888888 0.01015625
0 0.8930555555555556 0.56171875 0.015277777777777777 0.0078125
0 0.8777777777777778 0.55859375 0.009722222222222222 0.00859375
0 0.6416666666666667 0.55 0.0125 0.00859375
0 0.7541666666666667 0.54609375 0.009722222222222222 0.009375
0 0.9125 0.534375 0.025 0.0125
0 0.9708333333333333 0.51171875 0.015277777777777777 0.00546875
0 0.8958333333333334 0.5109375 0.034722222222222224 0.015625
0 0.9347222222222222 0.51015625 0.018055555555555554 0.009375
0 0.6486111111111111 0.50859375 0.016666666666666666 0.00703125
0 0.001388888888888889 0.484375 0.015277777777777777 0.01796875
0 0.9069444444444444 0.47578125 0.025 0.02109375
0 0.16805555555555557 0.4671875 0.03888888888888889 0.01875
0 0.34444444444444444 0.4375 0.030555555555555555 0.025
0 0.2986111111111111 0.4234375 0.013888888888888888 0.015625
0 0.21388888888888888 0.4125 0.03611111111111111 0.01796875
0 0.25972222222222224 0.41171875 0.030555555555555555 0.025
0 0.3111111111111111 0.4078125 0.030555555555555555 0.01953125
0 0.9277777777777778 0.35390625 0.030555555555555555 0.0171875
0 0.8222222222222222 0.33828125 0.030555555555555555 0.015625
0 0.8 0.33125 0.025 0.0171875
0 0.8180555555555555 0.31640625 0.05138888888888889 0.01953125
0 0.9458333333333333 0.31015625 0.030555555555555555 0.01328125
0 0.7763888888888889 0.3078125 0.022222222222222223 0.01328125
0 0.12222222222222222 0.21953125 0.04027777777777778 0.0203125
