0 0.46944444444444444 0.70859375 0.04722222222222222 0.0140625
0 0.6013888888888889 0.6453125 0.019444444444444445 0.01953125
0 0.8888888888888888 0.64140625 0.030555555555555555 0.01796875
0 0.7597222222222222 0.6328125 0.022222222222222223 0.01796875
0 0.2388888888888889 0.625 0.04722222222222222 0.02578125
0 0.8430555555555556 0.621875 0.0875 0.028125
0 0.8194444444444444 0.60234375 0.04027777777777778 0.0140625
0 0.6430555555555556 0.5859375 0.019444444444444445 0.015625
0 0.20694444444444443 0.5859375 0.06111111111111111 0.03046875
0 0.2611111111111111 0.5734375 0.03333333333333333 0.01953125
0 0.8597222222222223 0.53125 0.02638888888888889 0.01015625
0 0.2847222222222222 0.52265625 0.015277777777777777 0.00859375
0 0.016666666666666666 0.515625 0.04583333333333333 0.01953125
0 0.22083333333333333 0.5140625 0.06111111111111111 0.02578125
0 0.06666666666666667 0.5046875 0.015277777777777777 0.00859375
0 0.07361111111111111 0.47265625 0.02361111111111111 0.01875
0 0.2777777777777778 0.4328125 0.03611111111111111 0.0203125
0 0.45 0.42421875 0.0375 0.0171875
0 0.13055555555555556 0.4234375 0.015277777777777777 0.01171875
0 0.18333333333333332 0.41796875 0.03194444444444444 0.02421875
0 0.5 0.40625 0.027777777777777776 0.0140625
0 0.2611111111111111 0.3984375 0.04722222222222222 0.0265625
0 0.6583333333333333 0.39296875 0.041666666666666664 0.02890625
0 0.5944444444444444 0.3828125 0.016666666666666666 0.01171875
0 0.5666666666666667 0.36640625 0.025 0.015625
0 0.6055555555555555 0.36328125 0.03611111111111111 0.01953125
0 0.27361111111111114 0.33359375 0.03194444444444444 0.015625
0 0.2375 0.32578125 0.03611111111111111 0.021875
0 0.44722222222222224 0.1625 0.043055555555555555 0.025
