0 0.8916666666666667 0.8171875 0.04027777777777778 0.02734375
0 0.8763888888888889 0.7546875 0.05 0.01875
0 0.7236111111111111 0.66796875 0.04722222222222222 0.03359375
0 0.28888888888888886 0.62578125 0.043055555555555555 0.01953125
0 0.6833333333333333 0.6203125 0.04583333333333333 0.0171875
0 0.5069444444444444 0.615625 0.0375 0.01953125
0 0.8791666666666667 0.60703125 0.02638888888888889 0.01953125
0 0.04861111111111111 0.5609375 0.034722222222222224 0.01484375
0 0.31805555555555554 0.53125 0.029166666666666667 0.00859375
0 0.975 0.521875 0.025 0.0140625
0 0.9069444444444444 0.51171875 0.04861111111111111 0.01953125
0 0.8402777777777778 0.5 0.06111111111111111 0.04140625
0 0.10555555555555556 0.49140625 0.059722222222222225 0.03046875
0 0.3125 0.4703125 0.020833333333333332 0.0140625
0 0.4013888888888889 0.46953125 0.029166666666666667 0.01171875
0 0.8180555555555555 0.46328125 0.05138888888888889 0.02578125
0 0.875 0.45703125 0.034722222222222224 0.0171875
0 0.34444444444444444 0.4140625 0.08194444444444444 0.02734375
0 0.07083333333333333 0.40703125 0.02361111111111111 0.015625
0 0.675 0.403125 0.0375 0.01953125
0 0.15 0.39921875 0.05 0.0265625
0 0.8819444444444444 0.3984375 0.05138888888888889 0.03125
0 0.17083333333333334 0.3765625 0.0375 0.00859375
0 0.7930555555555555 0.3609375 0.059722222222222225 0.0296875
0 0.4013888888888889 0.3546875 0.05416666666666667 0.06171875
0 0.8972222222222223 0.35390625 0.043055555555555555 0.0203125
0 0.5166666666666667 0.346875 0.030555555555555555 0.0203125
0 0.04861111111111111 0.33515625 0.020833333333333332 0.02265625
0 0.8638888888888889 0.32890625 0.03611111111111111 0.0234375
0 0.44722222222222224 0.309375 0.06527777777777778 0.0375
0 0.6847222222222222 0.3078125 0.09861111111111111 0.03671875
0 0.05694444444444444 0.28359375 0.044444444444444446 0.03125
0 0.4597222222222222 0.25546875 0.05138888888888889 0.02890625
0 0.8097222222222222 0.24765625 0.04027777777777778 0.02578125
0 0.4 0.234375 0.04027777777777778 0.03046875
0 0.5319444444444444 0.23125 0.034722222222222224 0.0265625
0 0.7027777777777777 0.21796875 0.04583333333333333 0.02578125
0 0.6069444444444444 0.21484375 0.041666666666666664 0.025
0 0.4027777777777778 0.1984375 0.020833333333333332 0.0171875
0 0.4305555555555556 0.1578125 0.044444444444444446 0.025
0 0.5361111111111111 0.13515625 0.058333333333333334 0.02890625
0 0.5958333333333333 0.1109375 0.059722222222222225 0.03671875
0 0.6791666666666667 0.1078125 0.030555555555555555 0.021875
0 0.48194444444444445 0.1015625 0.06111111111111111 0.0328125
0 0.5555555555555556 0.0765625 0.0375 0.01796875
0 0.6027777777777777 0.059375 0.02638888888888889 0.0109375
0 0.4722222222222222 0.02890625 0.03888888888888889 0.0234375
0 0.6055555555555555 0.00078125 0.09166666666666666 0.028125
0 0.5486111111111112 0.00078125 0.03611111111111111 0.01171875
