0 0.6458333333333334 0.825390625 0.041666666666666664 0.02890625
0 0.6402777777777777 0.758203125 0.025 0.01953125
0 0.44513888888888886 0.74453125 0.03194444444444444 0.0265625
0 0.4736111111111111 0.72421875 0.05555555555555555 0.0390625
0 0.45069444444444445 0.675390625 0.05138888888888889 0.02890625
0 0.7659722222222223 0.63203125 0.020833333333333332 0.0171875
0 0.7173611111111111 0.6203125 0.034722222222222224 0.0140625
0 0.8458333333333333 0.62109375 0.041666666666666664 0.0265625
0 0.575 0.615625 0.05 0.021875
0 0.5194444444444445 0.5984375 0.027777777777777776 0.015625
0 0.6729166666666667 0.59609375 0.034722222222222224 0.0171875
0 0.37083333333333335 0.575 0.022222222222222223 0.015625
0 0.74375 0.565234375 0.03194444444444444 0.02109375
0 0.49583333333333335 0.56171875 0.03611111111111111 0.0203125
0 0.7395833333333334 0.544140625 0.015277777777777777 0.01640625
0 0.4888888888888889 0.5390625 0.030555555555555555 0.0140625
0 0.6701388888888888 0.540234375 0.03194444444444444 0.01796875
0 0.7527777777777778 0.52734375 0.03611111111111111 0.0234375
0 0.7875 0.51875 0.019444444444444445 0.015625
0 0.4756944444444444 0.5203125 0.04583333333333333 0.0203125
0 0.61875 0.504296875 0.020833333333333332 0.01953125
0 0.4201388888888889 0.484375 0.043055555555555555 0.0203125
0 0.55 0.4828125 0.03333333333333333 0.01875
0 0.34652777777777777 0.480078125 0.04027777777777778 0.02734375
0 0.5888888888888889 0.473046875 0.041666666666666664 0.02421875
0 0.3611111111111111 0.451953125 0.03333333333333333 0.01953125
0 0.4777777777777778 0.454296875 0.04722222222222222 0.02578125
0 0.6451388888888889 0.440234375 0.043055555555555555 0.02578125
0 0.3819444444444444 0.405859375 0.025 0.01796875
0 0.5409722222222222 0.411328125 0.04861111111111111 0.05390625
0 0.3597222222222222 0.39296875 0.044444444444444446 0.03125
0 0.4097222222222222 0.3765625 0.05277777777777778 0.0234375
0 0.5006944444444444 0.36171875 0.02361111111111111 0.015625
0 0.4375 0.346484375 0.044444444444444446 0.02421875
0 0.5576388888888889 0.341015625 0.034722222222222224 0.01953125
0 0.5902777777777778 0.31484375 0.041666666666666664 0.0265625
0 0.4125 0.3125 0.03888888888888889 0.0265625
0 0.48333333333333334 0.31171875 0.05555555555555555 0.028125
0 0.46875 0.274609375 0.04583333333333333 0.02265625
0 0.5798611111111112 0.263671875 0.03194444444444444 0.02421875
0 0.5319444444444444 0.222265625 0.019444444444444445 0.01796875
0 0.5041666666666667 0.207421875 0.03611111111111111 0.02734375
0 0.5895833333333333 0.186328125 0.04583333333333333 0.02421875
