0 0.6791666666666667 0.86171875 0.04861111111111111 0.0359375
0 0.9 0.83359375 0.05 0.028125
0 0.5180555555555556 0.771875 0.043055555555555555 0.034375
0 0.7777777777777778 0.7328125 0.06805555555555555 0.0375
0 0.4847222222222222 0.6859375 0.05555555555555555 0.03671875
0 0.3333333333333333 0.665625 0.1361111111111111 0.03984375
0 0.4361111111111111 0.6546875 0.06388888888888888 0.025
0 0.9416666666666667 0.634375 0.058333333333333334 0.05390625
0 0.49166666666666664 0.62734375 0.05694444444444444 0.02890625
0 0.8888888888888888 0.6234375 0.05 0.02421875
0 0.04861111111111111 0.61875 0.05138888888888889 0.028125
0 0.7472222222222222 0.61484375 0.05555555555555555 0.02734375
0 0.5055555555555555 0.59453125 0.04861111111111111 0.0265625
0 0.8708333333333333 0.5765625 0.03611111111111111 0.02890625
0 0.5402777777777777 0.57265625 0.09305555555555556 0.03125
0 0.027777777777777776 0.56875 0.025 0.01171875
0 0.5055555555555555 0.4953125 0.059722222222222225 0.03046875
0 0.7777777777777778 0.48359375 0.04861111111111111 0.04140625
0 0.07777777777777778 0.48359375 0.05555555555555555 0.02421875
0 0.6930555555555555 0.4828125 0.034722222222222224 0.0140625
0 0.6166666666666667 0.475 0.05416666666666667 0.02265625
0 0.2361111111111111 0.4734375 0.03333333333333333 0.01484375
0 0.4444444444444444 0.47265625 0.03888888888888889 0.0203125
0 0.2916666666666667 0.46171875 0.027777777777777776 0.01875
0 0.8402777777777778 0.45546875 0.059722222222222225 0.01640625
0 0.6763888888888889 0.44609375 0.05694444444444444 0.02734375
0 0.6013888888888889 0.42109375 0.05277777777777778 0.03125
0 0.8541666666666666 0.41953125 0.015277777777777777 0.0125
0 0.43333333333333335 0.41640625 0.125 0.02890625
0 0.8791666666666667 0.40625 0.06805555555555555 0.0390625
0 0.022222222222222223 0.40390625 0.1125 0.0296875
0 0.875 0.359375 0.02361111111111111 0.01875
0 0.9013888888888889 0.3421875 0.08055555555555556 0.03671875
0 0.008333333333333333 0.3390625 0.03333333333333333 0.01328125
0 0.5944444444444444 0.32734375 0.03888888888888889 0.0234375
0 0.0 0.31875 0.013888888888888888 0.02734375
0 0.7027777777777777 0.30390625 0.043055555555555555 0.0203125
0 0.55 0.28984375 0.05416666666666667 0.0328125
0 0.8791666666666667 0.26328125 0.02638888888888889 0.0125
0 0.001388888888888889 0.25234375 0.10555555555555556 0.06796875
0 0.9319444444444445 0.240625 0.044444444444444446 0.01640625
0 0.7833333333333333 0.2359375 0.05555555555555555 0.0421875
0 0.55 0.22578125 0.08055555555555556 0.0515625
0 0.6708333333333333 0.225 0.05138888888888889 0.0328125
0 0.6944444444444444 0.19296875 0.06388888888888888 0.04296875
0 0.8263888888888888 0.1796875 0.05555555555555555 0.03046875
0 0.6125 0.17109375 0.05694444444444444 0.05078125
0 0.6875 0.1578125 0.03888888888888889 0.0265625
0 0.9388888888888889 0.14609375 0.06111111111111111 0.04453125
0 0.6166666666666667 0.13984375 0.05277777777777778 0.02734375
0 0.9125 0.12421875 0.04722222222222222 0.02265625
0 0.5861111111111111 0.1 0.05 0.03046875
0 0.8138888888888889 0.0796875 0.029166666666666667 0.01484375
0 0.6361111111111111 0.06328125 0.05694444444444444 0.03203125
0 0.7708333333333334 0.04765625 0.06944444444444445 0.03671875
0 0.8291666666666667 0.01796875 0.07083333333333333 0.0359375
0 0.7930555555555555 0.01015625 0.02638888888888889 0.0109375
0 0.925 0.00078125 0.04861111111111111 0.028125
0 0.7958333333333333 0.00078125 0.027777777777777776 0.00625
