0 0.1625 0.6734375 0.0375 0.01953125
0 0.9763888888888889 0.65234375 0.02361111111111111 0.021875
0 0.8652777777777778 0.64921875 0.0375 0.02109375
0 0.05416666666666667 0.63671875 0.05138888888888889 0.02578125
0 0.33611111111111114 0.5640625 0.03611111111111111 0.02421875
0 0.8444444444444444 0.55390625 0.03194444444444444 0.015625
0 0.7138888888888889 0.51484375 0.04027777777777778 0.01796875
0 0.8708333333333333 0.496875 0.04722222222222222 0.02734375
0 0.2111111111111111 0.48984375 0.030555555555555555 0.01953125
0 0.375 0.48359375 0.058333333333333334 0.03203125
0 0.5208333333333334 0.440625 0.034722222222222224 0.01953125
0 0.5763888888888888 0.42578125 0.04583333333333333 0.021875
0 0.04583333333333333 0.42265625 0.022222222222222223 0.0171875
0 0.25416666666666665 0.4171875 0.020833333333333332 0.021875
0 0.1875 0.41640625 0.018055555555555554 0.01953125
0 0.0763888888888889 0.41015625 0.044444444444444446 0.02265625
0 0.07083333333333333 0.4015625 0.015277777777777777 0.0109375
0 0.03888888888888889 0.40078125 0.03194444444444444 0.01484375
0 0.5013888888888889 0.3890625 0.018055555555555554 0.01171875
0 0.10416666666666667 0.3890625 0.022222222222222223 0.01796875
0 0.8041666666666667 0.38828125 0.041666666666666664 0.02265625
0 0.001388888888888889 0.38671875 0.03194444444444444 0.01484375
0 0.44305555555555554 0.38125 0.019444444444444445 0.01171875
0 0.5 0.37734375 0.018055555555555554 0.0109375
0 0.9513888888888888 0.3765625 0.04861111111111111 0.02890625
0 0.3138888888888889 0.37265625 0.05138888888888889 0.02109375
0 0.0 0.36796875 0.03333333333333333 0.01171875
0 0.05 0.36640625 0.029166666666666667 0.0171875
0 0.5083333333333333 0.35625 0.015277777777777777 0.0125
0 0.8875 0.34765625 0.022222222222222223 0.0125
0 0.3819444444444444 0.3453125 0.029166666666666667 0.0125
0 0.8263888888888888 0.33125 0.03194444444444444 0.0171875
0 0.4583333333333333 0.32734375 0.018055555555555554 0.01875
0 0.5194444444444445 0.31796875 0.04861111111111111 0.028125
0 0.3625 0.29375 0.02361111111111111 0.021875
0 0.30972222222222223 0.27890625 0.013888888888888888 0.009375
0 0.8763888888888889 0.2515625 0.0375 0.021875
0 0.275 0.25 0.03888888888888889 0.02265625
0 0.9333333333333333 0.240625 0.044444444444444446 0.02890625
0 0.9819444444444444 0.2375 0.018055555555555554 0.015625
0 0.19027777777777777 0.2359375 0.04861111111111111 0.02734375
0 0.3680555555555556 0.2234375 0.016666666666666666 0.015625
0 0.8777777777777778 0.21953125 0.044444444444444446 0.02109375
0 0.9819444444444444 0.19921875 0.016666666666666666 0.0125
0 0.9305555555555556 0.19921875 0.03333333333333333 0.0390625
0 0.3902777777777778 0.18203125 0.03333333333333333 0.02109375
0 0.2861111111111111 0.15859375 0.06388888888888888 0.04296875
0 0.3680555555555556 0.1234375 0.030555555555555555 0.025
0 0.3347222222222222 0.12109375 0.02638888888888889 0.01328125
0 0.9611111111111111 0.09296875 0.03888888888888889 0.05
