0 0.3819444444444444 0.68671875 0.09444444444444444 0.03984375
0 0.6152777777777778 0.60859375 0.02361111111111111 0.0171875
0 0.6416666666666667 0.58359375 0.04861111111111111 0.02265625
0 0.7583333333333333 0.5421875 0.02361111111111111 0.0140625
0 0.5277777777777778 0.53515625 0.03888888888888889 0.02578125
0 0.8638888888888889 0.50859375 0.030555555555555555 0.015625
0 0.3638888888888889 0.4984375 0.0625 0.03125
0 0.6930555555555555 0.4859375 0.06805555555555555 0.02265625
0 0.9097222222222222 0.48515625 0.020833333333333332 0.01328125
0 0.7986111111111112 0.46640625 0.05 0.028125
0 0.8430555555555556 0.46328125 0.06388888888888888 0.03984375
0 0.20972222222222223 0.459375 0.044444444444444446 0.0203125
0 0.1111111111111111 0.446875 0.03194444444444444 0.02109375
0 0.8694444444444445 0.4328125 0.041666666666666664 0.0234375
0 0.8347222222222223 0.425 0.03333333333333333 0.02109375
0 0.6055555555555555 0.42109375 0.07916666666666666 0.0265625
0 0.09722222222222222 0.41796875 0.0375 0.0203125
0 0.1361111111111111 0.409375 0.03611111111111111 0.01875
0 0.9805555555555555 0.4046875 0.019444444444444445 0.01171875
0 0.10555555555555556 0.39921875 0.034722222222222224 0.0140625
0 0.14722222222222223 0.36953125 0.04583333333333333 0.021875
0 0.5972222222222222 0.36640625 0.03194444444444444 0.021875
0 0.06805555555555555 0.33828125 0.04027777777777778 0.0234375
0 0.9638888888888889 0.3328125 0.03611111111111111 0.02734375
0 0.9111111111111111 0.23359375 0.06527777777777778 0.0265625
0 0.06527777777777778 0.2265625 0.03888888888888889 0.01875
0 0.46944444444444444 0.2109375 0.05 0.04453125
0 0.0 0.20703125 0.03333333333333333 0.05234375
0 0.9847222222222223 0.1890625 0.015277777777777777 0.0234375
0 0.9666666666666667 0.15859375 0.03194444444444444 0.03046875
0 0.034722222222222224 0.15078125 0.0375 0.0203125
0 0.0763888888888889 0.15 0.03333333333333333 0.01796875
0 0.4583333333333333 0.12109375 0.04861111111111111 0.03125
0 0.3958333333333333 0.07265625 0.05 0.0453125
0 0.33611111111111114 0.0640625 0.044444444444444446 0.02890625
0 0.001388888888888889 0.04609375 0.0125 0.0234375
