0 0.0375 0.9625 0.05694444444444444 0.02734375
0 0.08472222222222223 0.94296875 0.05 0.0265625
0 0.5430555555555555 0.91640625 0.0375 0.025
0 0.5930555555555556 0.90546875 0.04861111111111111 0.0234375
0 0.17083333333333334 0.81171875 0.0375 0.025
0 0.07777777777777778 0.80859375 0.05 0.02578125
0 0.32916666666666666 0.80234375 0.05277777777777778 0.0296875
0 0.9013888888888889 0.746875 0.04027777777777778 0.025
0 0.5319444444444444 0.7421875 0.04027777777777778 0.021875
0 0.25833333333333336 0.72265625 0.06388888888888888 0.0265625
0 0.6583333333333333 0.70390625 0.0375 0.02421875
0 0.5166666666666667 0.6625 0.0625 0.03671875
0 0.4263888888888889 0.6515625 0.059722222222222225 0.025
0 0.24861111111111112 0.65078125 0.034722222222222224 0.02734375
0 0.6083333333333333 0.63828125 0.05138888888888889 0.02421875
0 0.005555555555555556 0.6203125 0.027777777777777776 0.01796875
0 0.6347222222222222 0.60078125 0.059722222222222225 0.02890625
0 0.8194444444444444 0.56015625 0.06111111111111111 0.01875
0 0.49444444444444446 0.553125 0.06944444444444445 0.0328125
0 0.5208333333333334 0.5390625 0.034722222222222224 0.01328125
0 0.5652777777777778 0.50859375 0.10138888888888889 0.0515625
0 0.7583333333333333 0.5 0.059722222222222225 0.0265625
0 0.6638888888888889 0.49765625 0.04722222222222222 0.0296875
0 0.6263888888888889 0.4109375 0.10555555555555556 0.04375
0 0.725 0.39296875 0.06111111111111111 0.02734375
0 0.1986111111111111 0.38828125 0.06111111111111111 0.03046875
0 0.5986111111111111 0.38671875 0.05555555555555555 0.03046875
0 0.26805555555555555 0.36953125 0.0625 0.0328125
0 0.7138888888888889 0.3640625 0.059722222222222225 0.028125
0 0.6125 0.340625 0.059722222222222225 0.02578125
0 0.45555555555555555 0.2765625 0.15416666666666667 0.07421875
0 0.6083333333333333 0.2609375 0.08472222222222223 0.034375
0 0.4736111111111111 0.23359375 0.058333333333333334 0.03671875
0 0.5638888888888889 0.2015625 0.0763888888888889 0.03515625
0 0.5 0.19375 0.03333333333333333 0.02578125
0 0.5527777777777778 0.1375 0.06527777777777778 0.0609375
