0 0.08194444444444444 0.98203125 0.05555555555555555 0.01796875
0 0.18333333333333332 0.9375 0.05277777777777778 0.028125
0 0.2916666666666667 0.878125 0.0625 0.03515625
0 0.2263888888888889 0.865625 0.019444444444444445 0.0171875
0 0.5416666666666666 0.85078125 0.05 0.02578125
0 0.7444444444444445 0.8390625 0.05 0.03203125
0 0.8708333333333333 0.83828125 0.04583333333333333 0.0265625
0 0.8027777777777778 0.8359375 0.030555555555555555 0.02421875
0 0.8472222222222222 0.78984375 0.013888888888888888 0.0171875
0 0.3541666666666667 0.78828125 0.0375 0.0203125
0 0.9569444444444445 0.78203125 0.043055555555555555 0.02734375
0 0.41388888888888886 0.7515625 0.06527777777777778 0.0375
0 0.11805555555555555 0.70234375 0.09027777777777778 0.03984375
0 0.04027777777777778 0.7 0.075 0.028125
0 0.10416666666666667 0.67890625 0.05555555555555555 0.02421875
0 0.9694444444444444 0.66484375 0.030555555555555555 0.03984375
0 0.6027777777777777 0.65703125 0.05555555555555555 0.04140625
0 0.42777777777777776 0.63984375 0.05138888888888889 0.028125
0 0.49583333333333335 0.6328125 0.027777777777777776 0.01484375
0 0.6680555555555555 0.62265625 0.05 0.01875
0 0.13333333333333333 0.62109375 0.05277777777777778 0.0578125
0 0.18194444444444444 0.60234375 0.1111111111111111 0.0453125
0 0.5458333333333333 0.60078125 0.06666666666666667 0.03671875
0 0.8138888888888889 0.59375 0.043055555555555555 0.01953125
0 0.12222222222222222 0.55078125 0.04861111111111111 0.03125
0 0.5208333333333334 0.5453125 0.06388888888888888 0.03359375
0 0.16666666666666666 0.5296875 0.041666666666666664 0.02109375
0 0.5305555555555556 0.5171875 0.02638888888888889 0.02734375
0 0.4222222222222222 0.51328125 0.022222222222222223 0.025
0 0.2791666666666667 0.509375 0.05555555555555555 0.02265625
0 0.018055555555555554 0.49765625 0.0375 0.0234375
0 0.3347222222222222 0.48203125 0.043055555555555555 0.02421875
0 0.9777777777777777 0.47109375 0.022222222222222223 0.02109375
0 0.7777777777777778 0.47109375 0.08888888888888889 0.0421875
0 0.6055555555555555 0.46640625 0.04583333333333333 0.03203125
0 0.4930555555555556 0.46484375 0.03333333333333333 0.02578125
0 0.6652777777777777 0.4625 0.10972222222222222 0.06328125
0 0.2652777777777778 0.459375 0.05 0.025
0 0.1388888888888889 0.45546875 0.07083333333333333 0.03125
0 0.2111111111111111 0.4484375 0.03888888888888889 0.01484375
0 0.4361111111111111 0.44375 0.06805555555555555 0.03515625
0 0.8361111111111111 0.4328125 0.058333333333333334 0.0296875
0 0.5111111111111111 0.4265625 0.04722222222222222 0.0421875
0 0.8361111111111111 0.396875 0.020833333333333332 0.0171875
0 0.6041666666666666 0.3796875 0.175 0.03828125
0 0.3333333333333333 0.3796875 0.03888888888888889 0.015625
0 0.5111111111111111 0.36484375 0.058333333333333334 0.02734375
0 0.5777777777777777 0.35625 0.03333333333333333 0.01328125
0 0.6166666666666667 0.3515625 0.029166666666666667 0.015625
0 0.2722222222222222 0.33671875 0.07777777777777778 0.04609375
0 0.8458333333333333 0.2859375 0.05138888888888889 0.02734375
0 0.6125 0.28125 0.04583333333333333 0.021875
0 0.22083333333333333 0.2734375 0.07222222222222222 0.05234375
0 0.32083333333333336 0.27265625 0.05138888888888889 0.03359375
0 0.9847222222222223 0.246875 0.015277777777777777 0.021875
0 0.28055555555555556 0.2265625 0.05277777777777778 0.0296875
0 0.44027777777777777 0.2046875 0.13194444444444445 0.096875
0 0.28055555555555556 0.19375 0.05138888888888889 0.0265625
0 0.5222222222222223 0.18828125 0.125 0.05234375
0 0.5555555555555556 0.171875 0.0625 0.02265625
0 0.24861111111111112 0.15859375 0.04861111111111111 0.02578125
0 0.7041666666666667 0.15234375 0.06527777777777778 0.0375
0 0.29444444444444445 0.1265625 0.05416666666666667 0.02734375
0 0.4041666666666667 0.10234375 0.044444444444444446 0.03515625
0 0.42777777777777776 0.06953125 0.10277777777777777 0.04609375
0 0.5069444444444444 0.0203125 0.043055555555555555 0.02109375
0 0.4236111111111111 0.0171875 0.06388888888888888 0.04453125
0 0.39166666666666666 0.01640625 0.019444444444444445 0.02578125
0 0.5430555555555555 0.00625 0.03611111111111111 0.01484375
