0 0.6791666666666667 0.648828125 0.022222222222222223 0.01953125
0 0.9666666666666667 0.63046875 0.044444444444444446 0.025
0 0.9201388888888888 0.6078125 0.02638888888888889 0.0140625
0 0.8020833333333334 0.611328125 0.07361111111111111 0.02734375
0 0.5333333333333333 0.61953125 0.058333333333333334 0.0453125
0 0.9465277777777777 0.594921875 0.04583333333333333 0.02421875
0 0.7590277777777777 0.5 0.029166666666666667 0.021875
0 0.3368055555555556 0.49609375 0.043055555555555555 0.0203125
0 0.4986111111111111 0.410546875 0.041666666666666664 0.02421875
0 0.5513888888888889 0.363671875 0.044444444444444446 0.02734375
