0 0.9513888888888888 0.73671875 0.03888888888888889 0.0265625
0 0.3013888888888889 0.7078125 0.09166666666666666 0.03984375
0 0.7291666666666666 0.671875 0.06111111111111111 0.034375
0 0.9388888888888889 0.665625 0.059722222222222225 0.0359375
0 0.7333333333333333 0.63515625 0.04861111111111111 0.03046875
0 0.1638888888888889 0.615625 0.029166666666666667 0.02421875
0 0.8902777777777777 0.60859375 0.03888888888888889 0.0125
0 0.14583333333333334 0.603125 0.027777777777777776 0.01640625
0 0.5291666666666667 0.59765625 0.04027777777777778 0.03203125
0 0.49583333333333335 0.58515625 0.02638888888888889 0.0125
0 0.49722222222222223 0.56484375 0.03333333333333333 0.01796875
0 0.5305555555555556 0.55703125 0.034722222222222224 0.01875
0 0.26944444444444443 0.55078125 0.029166666666666667 0.01171875
0 0.8041666666666667 0.546875 0.03194444444444444 0.01953125
0 0.95 0.54609375 0.04722222222222222 0.0203125
0 0.9416666666666667 0.5265625 0.03333333333333333 0.0171875
0 0.9666666666666667 0.47421875 0.03333333333333333 0.0203125
0 0.8916666666666667 0.465625 0.030555555555555555 0.01796875
0 0.45 0.46015625 0.041666666666666664 0.021875
0 0.059722222222222225 0.459375 0.0625 0.02578125
0 0.2569444444444444 0.4578125 0.027777777777777776 0.0203125
0 0.29444444444444445 0.446875 0.04583333333333333 0.05390625
0 0.5083333333333333 0.43671875 0.041666666666666664 0.01796875
0 0.45555555555555555 0.41875 0.03194444444444444 0.01328125
0 0.5347222222222222 0.4125 0.041666666666666664 0.02421875
0 0.18333333333333332 0.39921875 0.027777777777777776 0.0140625
0 0.33055555555555555 0.39453125 0.04027777777777778 0.0234375
0 0.4375 0.384375 0.020833333333333332 0.0109375
0 0.2625 0.3828125 0.030555555555555555 0.0140625
0 0.30833333333333335 0.33046875 0.044444444444444446 0.02109375
0 0.42083333333333334 0.3203125 0.030555555555555555 0.02421875
0 0.23055555555555557 0.31328125 0.05694444444444444 0.02890625
0 0.3638888888888889 0.29296875 0.06388888888888888 0.021875
0 0.5013888888888889 0.26328125 0.013888888888888888 0.01328125
0 0.35 0.26015625 0.04583333333333333 0.0265625
0 0.5208333333333334 0.24609375 0.029166666666666667 0.01484375
0 0.28888888888888886 0.23671875 0.04583333333333333 0.0296875
0 0.25 0.23125 0.04583333333333333 0.028125
0 0.3736111111111111 0.22421875 0.12083333333333333 0.0296875
0 0.42777777777777776 0.19296875 0.025 0.01796875
0 0.2222222222222222 0.18671875 0.043055555555555555 0.0234375
0 0.30694444444444446 0.1421875 0.09305555555555556 0.0296875
0 0.41388888888888886 0.02890625 0.075 0.0296875
