0 0.6986111111111111 0.70078125 0.06805555555555555 0.0296875
0 0.8666666666666667 0.6640625 0.1 0.06484375
0 0.3972222222222222 0.60703125 0.075 0.025
0 0.4222222222222222 0.58125 0.041666666666666664 0.02421875
0 0.8138888888888889 0.52578125 0.09305555555555556 0.03359375
0 0.24583333333333332 0.47734375 0.03333333333333333 0.01328125
0 0.8694444444444445 0.45703125 0.06666666666666667 0.03125
0 0.9291666666666667 0.41796875 0.04861111111111111 0.03203125
0 0.925 0.40546875 0.022222222222222223 0.009375
0 0.24444444444444444 0.36640625 0.0375 0.01328125
0 0.7541666666666667 0.365625 0.043055555555555555 0.021875
0 0.8722222222222222 0.28984375 0.05694444444444444 0.0265625
0 0.9527777777777777 0.28046875 0.04583333333333333 0.0328125
0 0.9 0.2640625 0.05138888888888889 0.0265625
0 0.9777777777777777 0.24921875 0.022222222222222223 0.01875
0 0.9236111111111112 0.19375 0.075 0.05703125
