0 0.775 0.7640625 0.025 0.02109375
0 0.7736111111111111 0.709375 0.059722222222222225 0.02578125
0 0.9819444444444444 0.7046875 0.018055555555555554 0.0234375
0 0.9458333333333333 0.6703125 0.05277777777777778 0.0328125
0 0.4736111111111111 0.62421875 0.025 0.01015625
0 0.49444444444444446 0.59453125 0.04861111111111111 0.04375
0 0.8930555555555556 0.53671875 0.0875 0.0296875
0 0.8444444444444444 0.3765625 0.022222222222222223 0.01875
0 0.95 0.30703125 0.043055555555555555 0.0171875
0 0.9777777777777777 0.2765625 0.022222222222222223 0.01796875
