0 0.2916666666666667 0.88046875 0.06805555555555555 0.0421875
0 0.07222222222222222 0.86875 0.08611111111111111 0.03125
0 0.4527777777777778 0.86796875 0.04861111111111111 0.0328125
0 0.6638888888888889 0.7890625 0.06805555555555555 0.0484375
0 0.26805555555555555 0.771875 0.08472222222222223 0.02890625
0 0.6430555555555556 0.68359375 0.06805555555555555 0.04609375
0 0.6069444444444444 0.6734375 0.044444444444444446 0.04453125
0 0.5208333333333334 0.66328125 0.06388888888888888 0.03515625
0 0.7347222222222223 0.63671875 0.04722222222222222 0.03984375
0 0.5375 0.628125 0.0875 0.04140625
0 0.40694444444444444 0.6125 0.09305555555555556 0.03046875
0 0.6125 0.60390625 0.12222222222222222 0.0609375
0 0.775 0.58203125 0.06805555555555555 0.03203125
0 0.575 0.58203125 0.07083333333333333 0.040625
0 0.36666666666666664 0.565625 0.07916666666666666 0.0328125
0 0.6444444444444445 0.5140625 0.07222222222222222 0.0328125
0 0.7180555555555556 0.50078125 0.08055555555555556 0.0359375
0 0.5291666666666667 0.4875 0.125 0.04375
0 0.5069444444444444 0.44921875 0.05555555555555555 0.02421875
0 0.7027777777777777 0.4375 0.07083333333333333 0.025
0 0.5361111111111111 0.41953125 0.029166666666666667 0.021875
0 0.4513888888888889 0.38359375 0.08055555555555556 0.05859375
0 0.5541666666666667 0.35234375 0.075 0.04140625
0 0.5986111111111111 0.33828125 0.06111111111111111 0.02109375
0 0.6680555555555555 0.3140625 0.06805555555555555 0.05078125
0 0.5930555555555556 0.28984375 0.08333333333333333 0.04453125
0 0.4597222222222222 0.1390625 0.18055555555555555 0.07265625
0 0.5666666666666667 0.04921875 0.058333333333333334 0.03984375
