0 0.4597222222222222 0.8171875 0.07361111111111111 0.0375
0 0.49722222222222223 0.74140625 0.05416666666666667 0.03828125
0 0.041666666666666664 0.67265625 0.04583333333333333 0.0234375
0 0.48333333333333334 0.609375 0.03888888888888889 0.02421875
0 0.19166666666666668 0.5921875 0.04027777777777778 0.0203125
0 0.7402777777777778 0.56015625 0.020833333333333332 0.015625
0 0.4638888888888889 0.5546875 0.03888888888888889 0.01875
0 0.3277777777777778 0.52578125 0.03194444444444444 0.01640625
0 0.8208333333333333 0.515625 0.04583333333333333 0.01328125
0 0.5763888888888888 0.5078125 0.0375 0.0140625
0 0.9333333333333333 0.4921875 0.03194444444444444 0.02265625
0 0.6055555555555555 0.48515625 0.030555555555555555 0.0171875
0 0.2875 0.48515625 0.03333333333333333 0.01875
0 0.8555555555555555 0.4765625 0.0375 0.01640625
0 0.34305555555555556 0.46953125 0.02638888888888889 0.0171875
0 0.5347222222222222 0.4640625 0.02361111111111111 0.01640625
0 0.425 0.4609375 0.034722222222222224 0.01328125
0 0.37777777777777777 0.44765625 0.034722222222222224 0.0359375
0 0.8861111111111111 0.44453125 0.075 0.025
0 0.059722222222222225 0.44453125 0.0375 0.01875
0 0.15555555555555556 0.4375 0.03194444444444444 0.0171875
0 0.2611111111111111 0.43671875 0.019444444444444445 0.02109375
0 0.18333333333333332 0.41484375 0.04861111111111111 0.0203125
0 0.32222222222222224 0.40078125 0.02361111111111111 0.0140625
0 0.25 0.396875 0.041666666666666664 0.0234375
0 0.2902777777777778 0.38515625 0.03333333333333333 0.01640625
0 0.19583333333333333 0.38125 0.043055555555555555 0.02421875
0 0.5847222222222223 0.38046875 0.04722222222222222 0.0203125
0 0.22777777777777777 0.35390625 0.034722222222222224 0.01953125
0 0.45555555555555555 0.31171875 0.030555555555555555 0.01796875
0 0.27361111111111114 0.3078125 0.044444444444444446 0.02265625
0 0.5069444444444444 0.30078125 0.03333333333333333 0.01875
0 0.4111111111111111 0.29375 0.05694444444444444 0.0421875
0 0.35555555555555557 0.2875 0.05555555555555555 0.03515625
0 0.5763888888888888 0.2578125 0.044444444444444446 0.0234375
0 0.48333333333333334 0.22890625 0.041666666666666664 0.021875
0 0.5430555555555555 0.22421875 0.044444444444444446 0.0234375
0 0.2916666666666667 0.22109375 0.05138888888888889 0.0234375
0 0.26805555555555555 0.20078125 0.03194444444444444 0.0203125
0 0.3472222222222222 0.1953125 0.034722222222222224 0.01875
0 0.4041666666666667 0.19375 0.09166666666666666 0.09140625
0 0.43472222222222223 0.1609375 0.030555555555555555 0.02109375
0 0.3375 0.1578125 0.0625 0.02890625
0 0.3958333333333333 0.1359375 0.044444444444444446 0.0203125
0 0.3458333333333333 0.134375 0.030555555555555555 0.02109375
0 0.30277777777777776 0.134375 0.04027777777777778 0.02109375
0 0.36666666666666664 0.11328125 0.04583333333333333 0.0203125
0 0.49166666666666664 0.10859375 0.03888888888888889 0.02265625
0 0.3236111111111111 0.10078125 0.041666666666666664 0.02421875
0 0.4 0.0703125 0.043055555555555555 0.03046875
0 0.39305555555555555 0.02578125 0.03194444444444444 0.02109375
0 0.4444444444444444 0.0 0.04722222222222222 0.02890625
