0 0.004166666666666667 0.8765625 0.04861111111111111 0.03125
0 0.04861111111111111 0.8375 0.0125 0.01484375
0 0.31527777777777777 0.82890625 0.02361111111111111 0.02265625
0 0.8430555555555556 0.79609375 0.04027777777777778 0.01796875
0 0.030555555555555555 0.76875 0.043055555555555555 0.03046875
0 0.3625 0.75234375 0.04861111111111111 0.0234375
0 0.5666666666666667 0.72890625 0.04722222222222222 0.021875
0 0.23333333333333334 0.72109375 0.04027777777777778 0.02109375
0 0.0125 0.71875 0.03888888888888889 0.025
0 0.6111111111111112 0.7125 0.034722222222222224 0.0125
0 0.13055555555555556 0.71015625 0.04583333333333333 0.02578125
0 0.375 0.709375 0.05694444444444444 0.02578125
0 0.9041666666666667 0.7 0.034722222222222224 0.02265625
0 0.6472222222222223 0.6921875 0.06388888888888888 0.0203125
0 0.3388888888888889 0.690625 0.019444444444444445 0.01875
0 0.18611111111111112 0.6875 0.03333333333333333 0.02421875
0 0.225 0.68125 0.04861111111111111 0.0171875
0 0.04861111111111111 0.67578125 0.02361111111111111 0.0140625
0 0.4777777777777778 0.67265625 0.041666666666666664 0.025
0 0.15416666666666667 0.66953125 0.03333333333333333 0.02109375
0 0.3375 0.64375 0.0375 0.01171875
0 0.21944444444444444 0.64140625 0.0763888888888889 0.028125
0 0.0 0.625 0.034722222222222224 0.02734375
0 0.7680555555555556 0.6171875 0.044444444444444446 0.025
0 0.1736111111111111 0.6125 0.07777777777777778 0.0375
0 0.9513888888888888 0.596875 0.03194444444444444 0.0125
0 0.8194444444444444 0.5578125 0.03333333333333333 0.021875
0 0.001388888888888889 0.53671875 0.027777777777777776 0.01640625
0 0.9611111111111111 0.515625 0.03888888888888889 0.02109375
0 0.4097222222222222 0.5078125 0.03888888888888889 0.02109375
0 0.6083333333333333 0.5046875 0.029166666666666667 0.01328125
0 0.32916666666666666 0.49140625 0.07083333333333333 0.03671875
0 0.7041666666666667 0.484375 0.04722222222222222 0.0234375
0 0.6527777777777778 0.475 0.043055555555555555 0.028125
0 0.0125 0.4734375 0.027777777777777776 0.0140625
0 0.5083333333333333 0.46171875 0.05694444444444444 0.0390625
0 0.7763888888888889 0.4546875 0.04861111111111111 0.02109375
0 0.3458333333333333 0.4453125 0.02361111111111111 0.01015625
0 0.48333333333333334 0.440625 0.025 0.0171875
0 0.3819444444444444 0.43125 0.034722222222222224 0.0203125
0 0.5388888888888889 0.39453125 0.08333333333333333 0.05078125
0 0.6388888888888888 0.38671875 0.12361111111111112 0.046875
0 0.5902777777777778 0.35859375 0.0625 0.02890625
0 0.6666666666666666 0.3578125 0.041666666666666664 0.025
0 0.4097222222222222 0.35390625 0.029166666666666667 0.0140625
0 0.001388888888888889 0.353125 0.019444444444444445 0.01875
0 0.75 0.3484375 0.06111111111111111 0.03046875
0 0.49583333333333335 0.34609375 0.05 0.04140625
0 0.7430555555555556 0.340625 0.02638888888888889 0.01875
0 0.7069444444444445 0.33828125 0.025 0.02265625
0 0.4625 0.3140625 0.044444444444444446 0.0359375
0 0.5916666666666667 0.2921875 0.04583333333333333 0.025
0 0.5125 0.29140625 0.04722222222222222 0.01953125
0 0.7125 0.2890625 0.044444444444444446 0.0234375
0 0.5777777777777777 0.2734375 0.043055555555555555 0.01640625
0 0.6458333333333334 0.2609375 0.06388888888888888 0.03671875
0 0.5847222222222223 0.25234375 0.030555555555555555 0.0171875
0 0.4888888888888889 0.25 0.04861111111111111 0.03046875
0 0.6277777777777778 0.246875 0.04027777777777778 0.01953125
0 0.5416666666666666 0.2390625 0.043055555555555555 0.02734375
0 0.5861111111111111 0.1875 0.02361111111111111 0.0203125
0 0.6041666666666666 0.14375 0.030555555555555555 0.028125
