0 0.08611111111111111 0.9296875 0.04722222222222222 0.02421875
0 0.20972222222222223 0.92265625 0.05416666666666667 0.02109375
0 0.1527777777777778 0.8609375 0.06527777777777778 0.028125
0 0.3138888888888889 0.85859375 0.06527777777777778 0.04375
0 0.10277777777777777 0.83203125 0.07916666666666666 0.03515625
0 0.07916666666666666 0.8109375 0.0625 0.028125
0 0.008333333333333333 0.80625 0.05 0.03203125
0 0.27361111111111114 0.79921875 0.1125 0.04765625
0 0.5777777777777777 0.753125 0.043055555555555555 0.02109375
0 0.22083333333333333 0.69140625 0.08472222222222223 0.0390625
0 0.6041666666666666 0.68359375 0.03333333333333333 0.025
0 0.3194444444444444 0.66640625 0.05138888888888889 0.028125
0 0.3236111111111111 0.61640625 0.06111111111111111 0.02890625
0 0.24583333333333332 0.60703125 0.0875 0.06171875
0 0.20277777777777778 0.6046875 0.043055555555555555 0.02734375
0 0.3472222222222222 0.5296875 0.04722222222222222 0.0265625
0 0.7069444444444445 0.51796875 0.05 0.0296875
0 0.27361111111111114 0.49140625 0.05277777777777778 0.03203125
0 0.3013888888888889 0.46015625 0.030555555555555555 0.015625
0 0.20833333333333334 0.45546875 0.075 0.10703125
0 0.5041666666666667 0.43515625 0.043055555555555555 0.028125
0 0.28888888888888886 0.42890625 0.05694444444444444 0.03125
0 0.5375 0.42109375 0.11805555555555555 0.0453125
0 0.4583333333333333 0.38984375 0.04583333333333333 0.05
0 0.44305555555555554 0.34140625 0.06388888888888888 0.03671875
0 0.5055555555555555 0.31953125 0.05416666666666667 0.03671875
0 0.28888888888888886 0.30859375 0.0625 0.03125
0 0.31666666666666665 0.271875 0.05 0.0234375
0 0.39444444444444443 0.16953125 0.09166666666666666 0.0453125
0 0.43333333333333335 0.08046875 0.09583333333333334 0.0515625
