0 0.001388888888888889 0.72421875 0.030555555555555555 0.02421875
0 0.18472222222222223 0.71015625 0.043055555555555555 0.021875
0 0.1361111111111111 0.70859375 0.030555555555555555 0.028125
0 0.21666666666666667 0.64765625 0.034722222222222224 0.021875
0 0.11805555555555555 0.6328125 0.04861111111111111 0.01640625
0 0.39166666666666666 0.63125 0.0875 0.05078125
0 0.32083333333333336 0.62578125 0.044444444444444446 0.02578125
0 0.45694444444444443 0.6125 0.05 0.0203125
0 0.8555555555555555 0.60859375 0.041666666666666664 0.0171875
0 0.25555555555555554 0.60078125 0.059722222222222225 0.02890625
0 0.7083333333333334 0.59453125 0.07083333333333333 0.0453125
0 0.7805555555555556 0.58046875 0.0375 0.01875
0 0.17916666666666667 0.57734375 0.06527777777777778 0.028125
0 0.3347222222222222 0.57109375 0.05694444444444444 0.02890625
0 0.9569444444444445 0.5578125 0.0375 0.04375
0 0.8708333333333333 0.55078125 0.03888888888888889 0.021875
0 0.9486111111111111 0.534375 0.03611111111111111 0.02421875
0 0.1736111111111111 0.52265625 0.027777777777777776 0.0125
0 0.26666666666666666 0.4921875 0.075 0.0375
0 0.2708333333333333 0.46328125 0.044444444444444446 0.02578125
0 0.20833333333333334 0.46015625 0.034722222222222224 0.0171875
0 0.14722222222222223 0.45625 0.029166666666666667 0.015625
0 0.16527777777777777 0.43203125 0.05277777777777778 0.025
0 0.26944444444444443 0.42265625 0.04861111111111111 0.02578125
0 0.9361111111111111 0.40546875 0.06388888888888888 0.0375
0 0.225 0.40546875 0.025 0.0171875
0 0.20833333333333334 0.37421875 0.059722222222222225 0.02265625
