0 0.7347222222222223 0.95234375 0.07777777777777778 0.046875
0 0.9375 0.93828125 0.04583333333333333 0.04921875
0 0.6416666666666667 0.91640625 0.05277777777777778 0.02734375
0 0.25555555555555554 0.90625 0.06388888888888888 0.03125
0 0.3763888888888889 0.865625 0.03194444444444444 0.01953125
0 0.002777777777777778 0.85625 0.027777777777777776 0.0375
0 0.8708333333333333 0.85078125 0.10972222222222222 0.03671875
0 0.15833333333333333 0.85078125 0.06944444444444445 0.0375
0 0.9 0.828125 0.058333333333333334 0.0328125
0 0.8305555555555556 0.82265625 0.03333333333333333 0.01875
0 0.3055555555555556 0.79140625 0.06111111111111111 0.028125
0 0.9305555555555556 0.77265625 0.034722222222222224 0.02109375
0 0.006944444444444444 0.76875 0.0625 0.03125
0 0.8125 0.76640625 0.05138888888888889 0.02578125
0 0.9041666666666667 0.75234375 0.03611111111111111 0.03046875
0 0.46111111111111114 0.73828125 0.05138888888888889 0.0265625
0 0.2611111111111111 0.7203125 0.027777777777777776 0.0203125
0 0.8777777777777778 0.70859375 0.03888888888888889 0.03984375
0 0.8111111111111111 0.70078125 0.043055555555555555 0.0296875
0 0.0625 0.70078125 0.05277777777777778 0.02890625
0 0.36944444444444446 0.67890625 0.05 0.02734375
0 0.6236111111111111 0.67265625 0.059722222222222225 0.03671875
0 0.8333333333333334 0.67109375 0.05416666666666667 0.025
0 0.7680555555555556 0.66875 0.06111111111111111 0.03125
0 0.4486111111111111 0.6609375 0.05 0.0265625
0 0.9430555555555555 0.6546875 0.03888888888888889 0.025
0 0.8875 0.65234375 0.03888888888888889 0.03125
0 0.7236111111111111 0.6390625 0.058333333333333334 0.04296875
0 0.8333333333333334 0.63671875 0.05138888888888889 0.0328125
0 0.4930555555555556 0.62890625 0.06944444444444445 0.02421875
0 0.23333333333333334 0.625 0.029166666666666667 0.01796875
0 0.9166666666666666 0.62421875 0.034722222222222224 0.02734375
0 0.9569444444444445 0.61328125 0.043055555555555555 0.0328125
0 0.4736111111111111 0.5859375 0.05138888888888889 0.02734375
0 0.6375 0.578125 0.059722222222222225 0.0375
0 0.5833333333333334 0.571875 0.05138888888888889 0.02578125
0 0.6583333333333333 0.55546875 0.022222222222222223 0.015625
0 0.7513888888888889 0.53203125 0.03888888888888889 0.025
0 0.2361111111111111 0.53125 0.04722222222222222 0.02265625
0 0.36527777777777776 0.5296875 0.0375 0.021875
0 0.0125 0.52265625 0.05416666666666667 0.02890625
0 0.6097222222222223 0.5078125 0.1125 0.04765625
0 0.10138888888888889 0.5046875 0.02638888888888889 0.01484375
0 0.18611111111111112 0.4984375 0.0625 0.028125
0 0.3875 0.49609375 0.05138888888888889 0.0234375
0 0.7611111111111111 0.47421875 0.06666666666666667 0.03515625
0 0.20694444444444443 0.45625 0.05 0.034375
0 0.5319444444444444 0.45390625 0.044444444444444446 0.0296875
0 0.6930555555555555 0.453125 0.03333333333333333 0.02421875
0 0.5777777777777777 0.45234375 0.06388888888888888 0.03046875
0 0.30416666666666664 0.44296875 0.03194444444444444 0.01953125
0 0.25555555555555554 0.42734375 0.04027777777777778 0.025
0 0.0 0.4015625 0.11388888888888889 0.0390625
0 0.4638888888888889 0.39140625 0.06805555555555555 0.03828125
0 0.3888888888888889 0.3828125 0.05555555555555555 0.02421875
0 0.5263888888888889 0.38046875 0.06944444444444445 0.03828125
0 0.7416666666666667 0.3765625 0.06666666666666667 0.0359375
0 0.6222222222222222 0.3578125 0.025 0.02421875
0 0.6486111111111111 0.35078125 0.058333333333333334 0.03828125
0 0.7055555555555556 0.32578125 0.05555555555555555 0.03515625
0 0.5152777777777777 0.31484375 0.0625 0.03671875
0 0.8361111111111111 0.31328125 0.0625 0.03515625
0 0.9611111111111111 0.3125 0.03888888888888889 0.034375
0 0.1125 0.2953125 0.05416666666666667 0.028125
0 0.2902777777777778 0.27265625 0.07361111111111111 0.028125
0 0.5444444444444444 0.2546875 0.17222222222222222 0.08046875
0 0.6291666666666667 0.23828125 0.05694444444444444 0.0328125
0 0.2263888888888889 0.228125 0.12222222222222222 0.0578125
0 0.5083333333333333 0.20703125 0.05277777777777778 0.03359375
0 0.6458333333333334 0.17578125 0.041666666666666664 0.0390625
0 0.5652777777777778 0.1734375 0.08055555555555556 0.040625
0 0.6111111111111112 0.15078125 0.05694444444444444 0.0265625
0 0.6777777777777778 0.14375 0.041666666666666664 0.03359375
0 0.5958333333333333 0.10625 0.05694444444444444 0.03359375
0 0.5513888888888889 0.05078125 0.025 0.0171875
0 0.6236111111111111 0.03515625 0.059722222222222225 0.04140625
0 0.4791666666666667 0.0125 0.058333333333333334 0.034375
0 0.5555555555555556 0.00078125 0.03888888888888889 0.00625
