0 0.7194444444444444 0.76484375 0.05416666666666667 0.034375
0 0.6680555555555555 0.709375 0.06527777777777778 0.03359375
0 0.7222222222222222 0.671875 0.06111111111111111 0.03671875
0 0.5583333333333333 0.48359375 0.04861111111111111 0.03046875
0 0.49027777777777776 0.45 0.0625 0.03515625
0 0.5388888888888889 0.440625 0.0375 0.0203125
0 0.43472222222222223 0.42265625 0.0763888888888889 0.0421875
0 0.5041666666666667 0.4125 0.059722222222222225 0.02578125
0 0.42777777777777776 0.3859375 0.05416666666666667 0.0265625
0 0.25555555555555554 0.325 0.07777777777777778 0.0265625
0 0.3 0.22734375 0.034722222222222224 0.01875
0 0.24444444444444444 0.19921875 0.05277777777777778 0.0359375
0 0.18055555555555555 0.1921875 0.06666666666666667 0.034375
