0 0.35694444444444445 0.66953125 0.03888888888888889 0.02890625
0 0.18888888888888888 0.66953125 0.07083333333333333 0.0359375
0 0.31527777777777777 0.66171875 0.03888888888888889 0.021875
0 0.21805555555555556 0.6328125 0.0625 0.0359375
0 0.9069444444444444 0.61640625 0.03194444444444444 0.0125
0 0.8416666666666667 0.6078125 0.044444444444444446 0.03671875
0 0.31805555555555554 0.6078125 0.058333333333333334 0.03359375
0 0.9861111111111112 0.5484375 0.0125 0.01015625
0 0.9833333333333333 0.52421875 0.016666666666666666 0.01484375
0 0.002777777777777778 0.50234375 0.016666666666666666 0.01171875
0 0.1 0.4640625 0.04027777777777778 0.0125
0 0.33055555555555555 0.4328125 0.013888888888888888 0.015625
0 0.06388888888888888 0.43203125 0.05277777777777778 0.02421875
0 0.9638888888888889 0.41171875 0.03611111111111111 0.028125
0 0.03333333333333333 0.41015625 0.04583333333333333 0.02734375
0 0.09444444444444444 0.4015625 0.03888888888888889 0.02421875
0 0.12638888888888888 0.39296875 0.05138888888888889 0.015625
0 0.02361111111111111 0.38203125 0.04583333333333333 0.02421875
0 0.12916666666666668 0.30234375 0.11805555555555555 0.053125
0 0.2569444444444444 0.2796875 0.044444444444444446 0.021875
0 0.1125 0.2734375 0.04027777777777778 0.028125
0 0.3277777777777778 0.271875 0.0375 0.02578125
0 0.15833333333333333 0.26640625 0.04722222222222222 0.0265625
0 0.006944444444444444 0.22578125 0.0625 0.0328125
