0 0.17847222222222223 0.828125 0.043055555555555555 0.03125
0 0.34375 0.791015625 0.043055555555555555 0.02890625
0 0.13055555555555556 0.746484375 0.022222222222222223 0.01796875
0 0.16805555555555557 0.73359375 0.03611111111111111 0.0265625
0 0.0798611111111111 0.598828125 0.034722222222222224 0.01953125
0 0.0125 0.574609375 0.025 0.04296875
0 0.6076388888888888 0.550390625 0.04583333333333333 0.01953125
0 0.10972222222222222 0.506640625 0.075 0.03203125
0 0.11666666666666667 0.458984375 0.03611111111111111 0.02109375
0 0.029166666666666667 0.4453125 0.05277777777777778 0.025
0 0.05763888888888889 0.428125 0.0375 0.015625
0 0.10347222222222222 0.433203125 0.0625 0.04296875
0 0.08472222222222223 0.41015625 0.03611111111111111 0.0171875
0 0.02847222222222222 0.39765625 0.05416666666666667 0.0203125
0 0.03680555555555556 0.376171875 0.034722222222222224 0.01484375
0 0.1076388888888889 0.323828125 0.0375 0.02421875
0 0.6125 0.326171875 0.08055555555555556 0.03515625
0 0.022222222222222223 0.28046875 0.027777777777777776 0.0234375
0 0.5798611111111112 0.253515625 0.029166666666666667 0.02109375
0 0.4486111111111111 0.23125 0.03888888888888889 0.009375
0 0.4284722222222222 0.19609375 0.11527777777777778 0.046875
0 0.4041666666666667 0.178515625 0.05555555555555555 0.02109375
