0 0.5111111111111111 0.60859375 0.04583333333333333 0.02265625
0 0.36527777777777776 0.59765625 0.04861111111111111 0.02578125
0 0.1875 0.58359375 0.05416666666666667 0.02734375
0 0.2152777777777778 0.5546875 0.030555555555555555 0.02265625
0 0.5986111111111111 0.5140625 0.05 0.028125
0 0.23194444444444445 0.51171875 0.03333333333333333 0.0296875
0 0.49722222222222223 0.4859375 0.06527777777777778 0.03515625
0 0.38333333333333336 0.48203125 0.07083333333333333 0.03359375
0 0.6069444444444444 0.47265625 0.029166666666666667 0.01875
0 0.15416666666666667 0.4359375 0.016666666666666666 0.0203125
0 0.6027777777777777 0.43515625 0.05 0.0296875
0 0.12222222222222222 0.425 0.02638888888888889 0.01953125
0 0.5208333333333334 0.41875 0.030555555555555555 0.021875
0 0.5652777777777778 0.4171875 0.025 0.02109375
0 0.46111111111111114 0.3984375 0.04027777777777778 0.02734375
0 0.5444444444444444 0.31328125 0.029166666666666667 0.00859375
0 0.5180555555555556 0.240625 0.07777777777777778 0.04296875
0 0.4527777777777778 0.10078125 0.034722222222222224 0.0171875
0 0.3416666666666667 0.09921875 0.059722222222222225 0.0421875
