0 0.3958333333333333 0.6859375 0.019444444444444445 0.01953125
0 0.05277777777777778 0.671875 0.04722222222222222 0.02265625
0 0.6930555555555555 0.66875 0.016666666666666666 0.00859375
0 0.5625 0.6640625 0.022222222222222223 0.01484375
0 0.9013888888888889 0.646875 0.034722222222222224 0.025
0 0.022222222222222223 0.63203125 0.05694444444444444 0.03046875
0 0.6319444444444444 0.63046875 0.044444444444444446 0.02890625
0 0.07361111111111111 0.6203125 0.027777777777777776 0.01640625
0 0.9291666666666667 0.61953125 0.02361111111111111 0.021875
0 0.5555555555555556 0.60703125 0.02361111111111111 0.01015625
0 0.6944444444444444 0.5984375 0.019444444444444445 0.01484375
0 0.8583333333333333 0.58984375 0.029166666666666667 0.025
0 0.9013888888888889 0.58203125 0.013888888888888888 0.01640625
0 0.0763888888888889 0.5640625 0.05138888888888889 0.01953125
0 0.6791666666666667 0.5625 0.025 0.0109375
0 0.05 0.56015625 0.019444444444444445 0.0203125
0 0.7347222222222223 0.54375 0.03333333333333333 0.01796875
0 0.1 0.475 0.03888888888888889 0.01953125
0 0.001388888888888889 0.4625 0.034722222222222224 0.0296875
0 0.2833333333333333 0.46171875 0.03888888888888889 0.02109375
0 0.3236111111111111 0.44921875 0.019444444444444445 0.0109375
0 0.08055555555555556 0.44140625 0.04861111111111111 0.02734375
0 0.4638888888888889 0.43359375 0.03888888888888889 0.02265625
0 0.4125 0.4203125 0.020833333333333332 0.0125
0 0.37916666666666665 0.40625 0.027777777777777776 0.01953125
0 0.42777777777777776 0.40078125 0.030555555555555555 0.0203125
0 0.7569444444444444 0.38046875 0.011111111111111112 0.00625
0 0.09305555555555556 0.37578125 0.030555555555555555 0.0171875
0 0.05277777777777778 0.371875 0.03888888888888889 0.021875
0 0.7305555555555555 0.3515625 0.015277777777777777 0.0046875
0 0.9263888888888889 0.32578125 0.06388888888888888 0.02421875
0 0.9694444444444444 0.31328125 0.030555555555555555 0.0203125
0 0.8875 0.2984375 0.03333333333333333 0.0234375
0 0.25 0.21328125 0.041666666666666664 0.021875
