0 0.1388888888888889 0.8078125 0.041666666666666664 0.02578125
0 0.20694444444444443 0.80703125 0.0125 0.01171875
0 0.2986111111111111 0.77265625 0.04722222222222222 0.03046875
0 0.1 0.73203125 0.016666666666666666 0.015625
0 0.2652777777777778 0.72890625 0.029166666666666667 0.009375
0 0.13472222222222222 0.71484375 0.025 0.0234375
0 0.975 0.71328125 0.022222222222222223 0.01953125
0 0.05 0.58203125 0.030555555555555555 0.01640625
0 0.0 0.5703125 0.018055555555555554 0.01484375
0 0.5555555555555556 0.53984375 0.04861111111111111 0.025
0 0.06944444444444445 0.4921875 0.019444444444444445 0.0171875
0 0.08888888888888889 0.484375 0.043055555555555555 0.02109375
0 0.08611111111111111 0.43984375 0.03888888888888889 0.0203125
0 0.0 0.42265625 0.041666666666666664 0.03203125
0 0.03194444444444444 0.409375 0.02638888888888889 0.01640625
0 0.058333333333333334 0.40234375 0.06388888888888888 0.04296875
0 0.001388888888888889 0.37734375 0.034722222222222224 0.02421875
0 0.004166666666666667 0.35859375 0.034722222222222224 0.0125
0 0.5611111111111111 0.30390625 0.0763888888888889 0.03125
0 0.07361111111111111 0.30234375 0.0375 0.02421875
0 0.002777777777777778 0.259375 0.020833333333333332 0.02265625
0 0.5486111111111112 0.2359375 0.030555555555555555 0.02109375
0 0.3638888888888889 0.2203125 0.043055555555555555 0.02265625
0 0.32916666666666666 0.16953125 0.10694444444444444 0.04140625
0 0.33611111111111114 0.1609375 0.03333333333333333 0.02265625
