0 0.4930555555555556 0.721875 0.041666666666666664 0.01875
0 0.5180555555555556 0.66875 0.02638888888888889 0.01640625
0 0.5833333333333334 0.62890625 0.09444444444444444 0.065625
0 0.15416666666666667 0.5734375 0.03611111111111111 0.01875
0 0.19305555555555556 0.54453125 0.05138888888888889 0.053125
0 0.8638888888888889 0.53828125 0.05555555555555555 0.02734375
0 0.6069444444444444 0.50390625 0.044444444444444446 0.0234375
0 0.8291666666666667 0.4984375 0.04861111111111111 0.021875
0 0.5625 0.49609375 0.041666666666666664 0.028125
0 0.8736111111111111 0.4828125 0.03888888888888889 0.025
0 0.9222222222222223 0.45234375 0.07777777777777778 0.034375
0 0.6694444444444444 0.43203125 0.030555555555555555 0.01640625
0 0.8277777777777777 0.41796875 0.05277777777777778 0.0296875
0 0.6888888888888889 0.39921875 0.04583333333333333 0.01953125
0 0.95 0.396875 0.018055555555555554 0.01796875
0 0.6777777777777778 0.375 0.03333333333333333 0.0125
0 0.7402777777777778 0.36875 0.05416666666666667 0.0296875
0 0.975 0.34765625 0.02361111111111111 0.03046875
0 0.85 0.34609375 0.04722222222222222 0.02109375
0 0.9 0.3359375 0.0625 0.03359375
0 0.5277777777777778 0.33359375 0.030555555555555555 0.02109375
0 0.6458333333333334 0.31640625 0.018055555555555554 0.01015625
0 0.8847222222222222 0.315625 0.03611111111111111 0.0203125
0 0.8652777777777778 0.278125 0.04861111111111111 0.0234375
0 0.6541666666666667 0.2703125 0.029166666666666667 0.01484375
0 0.8694444444444445 0.259375 0.043055555555555555 0.0171875
0 0.7083333333333334 0.25234375 0.04861111111111111 0.025
0 0.7666666666666667 0.2390625 0.04027777777777778 0.02890625
0 0.6708333333333333 0.2375 0.0375 0.015625
0 0.7375 0.22265625 0.04027777777777778 0.01640625
0 0.9777777777777777 0.20625 0.022222222222222223 0.0140625
0 0.7597222222222222 0.18828125 0.06666666666666667 0.028125
0 0.6986111111111111 0.18515625 0.059722222222222225 0.03359375
0 0.7 0.1625 0.04861111111111111 0.02109375
0 0.8888888888888888 0.14609375 0.05416666666666667 0.0234375
0 0.7527777777777778 0.140625 0.075 0.053125
0 0.8875 0.12109375 0.03194444444444444 0.01171875
0 0.8041666666666667 0.03203125 0.044444444444444446 0.03203125
