0 0.8125 0.7875 0.05694444444444444 0.034375
0 0.6458333333333334 0.728125 0.05555555555555555 0.03671875
0 0.06111111111111111 0.67265625 0.044444444444444446 0.02265625
0 0.4166666666666667 0.64375 0.0375 0.01875
0 0.9666666666666667 0.63046875 0.03333333333333333 0.0296875
0 0.21388888888888888 0.56953125 0.030555555555555555 0.0203125
0 0.2875 0.5671875 0.05694444444444444 0.04296875
0 0.6777777777777778 0.56484375 0.03194444444444444 0.0171875
0 0.3375 0.56484375 0.05138888888888889 0.02578125
0 0.3194444444444444 0.5390625 0.04722222222222222 0.0328125
0 0.6347222222222222 0.5296875 0.04027777777777778 0.01953125
0 0.43333333333333335 0.5234375 0.044444444444444446 0.025
0 0.2777777777777778 0.50390625 0.05694444444444444 0.0328125
0 0.5055555555555555 0.49140625 0.06111111111111111 0.02734375
0 0.46944444444444444 0.48828125 0.04722222222222222 0.01640625
0 0.6777777777777778 0.4828125 0.04583333333333333 0.0171875
0 0.17083333333333334 0.46640625 0.044444444444444446 0.02421875
0 0.002777777777777778 0.453125 0.018055555555555554 0.01171875
0 0.6972222222222222 0.44296875 0.03611111111111111 0.01953125
0 0.006944444444444444 0.40234375 0.07222222222222222 0.04921875
0 0.20972222222222223 0.39921875 0.029166666666666667 0.01328125
0 0.5486111111111112 0.3984375 0.03888888888888889 0.0328125
0 0.39861111111111114 0.33125 0.044444444444444446 0.02578125
0 0.34305555555555556 0.271875 0.0375 0.02421875
0 0.3888888888888889 0.2609375 0.04861111111111111 0.040625
0 0.2388888888888889 0.2359375 0.03194444444444444 0.015625
0 0.7180555555555556 0.23359375 0.04722222222222222 0.02421875
0 0.3138888888888889 0.2296875 0.022222222222222223 0.02890625
0 0.6583333333333333 0.2171875 0.06111111111111111 0.02890625
0 0.375 0.1890625 0.043055555555555555 0.0234375
0 0.35694444444444445 0.15703125 0.05694444444444444 0.02578125
0 0.4111111111111111 0.1375 0.05416666666666667 0.0453125
0 0.4791666666666667 0.13671875 0.059722222222222225 0.05
0 0.4236111111111111 0.0984375 0.05 0.02734375
0 0.3597222222222222 0.090625 0.059722222222222225 0.03515625
0 0.4888888888888889 0.08125 0.041666666666666664 0.0296875
0 0.3680555555555556 0.00234375 0.10416666666666667 0.065625
0 0.36527777777777776 0.0 0.03194444444444444 0.0078125
