0 0.4652777777777778 0.7671875 0.05555555555555555 0.0328125
0 0.6513888888888889 0.75546875 0.07222222222222222 0.03671875
0 0.49722222222222223 0.71328125 0.09861111111111111 0.06171875
0 0.06666666666666667 0.6109375 0.06527777777777778 0.0328125
0 0.9152777777777777 0.58046875 0.03333333333333333 0.021875
0 0.0875 0.57109375 0.02638888888888889 0.01796875
0 0.8791666666666667 0.5671875 0.0375 0.0125
0 0.022222222222222223 0.52578125 0.0875 0.04140625
0 0.8819444444444444 0.525 0.015277777777777777 0.0203125
0 0.6458333333333334 0.521875 0.08055555555555556 0.03515625
0 0.0 0.51328125 0.019444444444444445 0.028125
0 0.9416666666666667 0.49375 0.05694444444444444 0.0328125
0 0.41388888888888886 0.4921875 0.044444444444444446 0.02109375
0 0.09583333333333334 0.4859375 0.044444444444444446 0.02734375
0 0.65 0.47734375 0.04722222222222222 0.02109375
0 0.7416666666666667 0.4671875 0.06388888888888888 0.0359375
0 0.8208333333333333 0.46171875 0.05277777777777778 0.0234375
0 0.001388888888888889 0.4546875 0.06388888888888888 0.040625
0 0.03888888888888889 0.409375 0.04861111111111111 0.02109375
0 0.001388888888888889 0.40234375 0.03194444444444444 0.03046875
0 0.6138888888888889 0.35625 0.07083333333333333 0.05
0 0.5305555555555556 0.334375 0.058333333333333334 0.02734375
0 0.7055555555555556 0.33203125 0.03194444444444444 0.02578125
0 0.03888888888888889 0.30859375 0.05416666666666667 0.034375
0 0.8361111111111111 0.3078125 0.03888888888888889 0.0109375
0 0.7138888888888889 0.29609375 0.04861111111111111 0.02890625
0 0.6291666666666667 0.2890625 0.05 0.040625
0 0.9125 0.27578125 0.05694444444444444 0.03515625
0 0.5597222222222222 0.25078125 0.06666666666666667 0.06171875
0 0.8319444444444445 0.1921875 0.04583333333333333 0.0234375
0 0.7180555555555556 0.18671875 0.09305555555555556 0.04296875
0 0.8013888888888889 0.1484375 0.06666666666666667 0.03359375
0 0.725 0.13984375 0.058333333333333334 0.03359375
0 0.7972222222222223 0.11015625 0.06388888888888888 0.034375
0 0.6 0.07265625 0.04861111111111111 0.02578125
0 0.7611111111111111 0.0 0.07361111111111111 0.0484375
