0 0.4583333333333333 0.7546875 0.05138888888888889 0.02421875
0 0.03333333333333333 0.7375 0.03333333333333333 0.021875
0 0.20555555555555555 0.72578125 0.0763888888888889 0.0234375
0 0.05694444444444444 0.71171875 0.05 0.02265625
0 0.18194444444444444 0.70078125 0.05 0.02421875
0 0.001388888888888889 0.69765625 0.02638888888888889 0.03046875
0 0.7805555555555556 0.6921875 0.04722222222222222 0.0328125
0 0.7375 0.68984375 0.04861111111111111 0.0453125
0 0.19305555555555556 0.66171875 0.05 0.02109375
0 0.5638888888888889 0.646875 0.04583333333333333 0.02578125
0 0.375 0.6375 0.018055555555555554 0.01953125
0 0.44166666666666665 0.63203125 0.06388888888888888 0.04296875
0 0.20555555555555555 0.6140625 0.06111111111111111 0.02890625
0 0.3902777777777778 0.5671875 0.044444444444444446 0.0234375
0 0.7055555555555556 0.5625 0.11527777777777778 0.04140625
0 0.24166666666666667 0.553125 0.08055555555555556 0.02734375
0 0.3680555555555556 0.54140625 0.043055555555555555 0.02734375
0 0.23194444444444445 0.52421875 0.03888888888888889 0.01796875
0 0.26805555555555555 0.52109375 0.04583333333333333 0.0359375
0 0.002777777777777778 0.37109375 0.06944444444444445 0.0265625
0 0.06944444444444445 0.3140625 0.04861111111111111 0.0265625
