0 0.6180555555555556 0.76171875 0.09305555555555556 0.05703125
0 0.8458333333333333 0.759375 0.043055555555555555 0.03203125
0 0.7111111111111111 0.73515625 0.030555555555555555 0.02890625
0 0.4111111111111111 0.73359375 0.05138888888888889 0.02421875
0 0.2777777777777778 0.73359375 0.05416666666666667 0.028125
0 0.7708333333333334 0.71796875 0.041666666666666664 0.0234375
0 0.95 0.71328125 0.05 0.05078125
0 0.15555555555555556 0.6953125 0.05138888888888889 0.0296875
0 0.40555555555555556 0.68984375 0.022222222222222223 0.01171875
0 0.25277777777777777 0.66953125 0.08333333333333333 0.04296875
0 0.0625 0.65859375 0.0875 0.04765625
0 0.4986111111111111 0.65078125 0.04722222222222222 0.02265625
0 0.18055555555555555 0.64921875 0.06527777777777778 0.03984375
0 0.6291666666666667 0.64296875 0.04861111111111111 0.02890625
0 0.33611111111111114 0.640625 0.07222222222222222 0.03203125
0 0.4013888888888889 0.6203125 0.10972222222222222 0.04453125
0 0.3819444444444444 0.60390625 0.041666666666666664 0.02421875
0 0.5041666666666667 0.58125 0.07361111111111111 0.0578125
0 0.3333333333333333 0.54765625 0.058333333333333334 0.02109375
0 0.044444444444444446 0.53984375 0.02638888888888889 0.01953125
0 0.5666666666666667 0.5390625 0.06666666666666667 0.03203125
0 0.29583333333333334 0.528125 0.03888888888888889 0.015625
0 0.6680555555555555 0.5140625 0.03333333333333333 0.0171875
0 0.022222222222222223 0.5109375 0.05277777777777778 0.01796875
0 0.7902777777777777 0.50078125 0.029166666666666667 0.0109375
0 0.6958333333333333 0.4828125 0.034722222222222224 0.01484375
0 0.015277777777777777 0.46953125 0.03611111111111111 0.01953125
0 0.11944444444444445 0.4609375 0.034722222222222224 0.01015625
0 0.7888888888888889 0.453125 0.027777777777777776 0.01953125
0 0.7041666666666667 0.453125 0.02361111111111111 0.0265625
0 0.6694444444444444 0.4375 0.03194444444444444 0.02890625
0 0.41388888888888886 0.4375 0.03888888888888889 0.02265625
0 0.5083333333333333 0.4328125 0.02361111111111111 0.0171875
0 0.08194444444444444 0.4296875 0.04027777777777778 0.0359375
0 0.7888888888888889 0.4203125 0.04027777777777778 0.01171875
0 0.5180555555555556 0.41640625 0.027777777777777776 0.0140625
0 0.029166666666666667 0.403125 0.04027777777777778 0.02109375
0 0.5555555555555556 0.4015625 0.016666666666666666 0.0140625
0 0.08472222222222223 0.3953125 0.04027777777777778 0.02421875
0 0.12777777777777777 0.39296875 0.034722222222222224 0.01953125
0 0.6569444444444444 0.390625 0.07777777777777778 0.0234375
0 0.4625 0.3859375 0.03194444444444444 0.01796875
0 0.7777777777777778 0.38515625 0.05555555555555555 0.03125
0 0.2111111111111111 0.38359375 0.027777777777777776 0.01015625
0 0.027777777777777776 0.37421875 0.018055555555555554 0.0125
0 0.001388888888888889 0.36640625 0.020833333333333332 0.01875
0 0.24722222222222223 0.35859375 0.04583333333333333 0.021875
0 0.5333333333333333 0.35703125 0.034722222222222224 0.01953125
0 0.625 0.35078125 0.030555555555555555 0.0140625
0 0.022222222222222223 0.34765625 0.02361111111111111 0.01640625
0 0.9291666666666667 0.34296875 0.04583333333333333 0.021875
0 0.375 0.33203125 0.03194444444444444 0.015625
0 0.6027777777777777 0.325 0.034722222222222224 0.02109375
0 0.7986111111111112 0.31796875 0.034722222222222224 0.0125
0 0.6541666666666667 0.30390625 0.029166666666666667 0.01875
0 0.4444444444444444 0.30234375 0.034722222222222224 0.01875
0 0.825 0.290625 0.041666666666666664 0.021875
0 0.7361111111111112 0.28125 0.03611111111111111 0.01796875
0 0.6541666666666667 0.25859375 0.03888888888888889 0.02265625
0 0.7888888888888889 0.2390625 0.04583333333333333 0.02265625
0 0.8305555555555556 0.1953125 0.041666666666666664 0.02421875
0 0.7916666666666666 0.17890625 0.034722222222222224 0.01328125
0 0.8958333333333334 0.171875 0.0625 0.03203125
0 0.8805555555555555 0.14609375 0.043055555555555555 0.025
0 0.9347222222222222 0.1203125 0.03888888888888889 0.0203125
0 0.975 0.1171875 0.025 0.0171875
0 0.6902777777777778 0.11015625 0.043055555555555555 0.02421875
0 0.7638888888888888 0.103125 0.034722222222222224 0.021875
0 0.7222222222222222 0.09296875 0.03611111111111111 0.021875
0 0.7847222222222222 0.071875 0.03611111111111111 0.01953125
0 0.7319444444444444 0.06875 0.03888888888888889 0.028125
0 0.8611111111111112 0.05234375 0.05138888888888889 0.040625
0 0.7944444444444444 0.04765625 0.03611111111111111 0.02109375
0 0.8472222222222222 0.021875 0.041666666666666664 0.0234375
0 0.7430555555555556 0.01796875 0.04861111111111111 0.0296875
0 0.8652777777777778 0.00390625 0.03611111111111111 0.01484375
0 0.6736111111111112 0.0015625 0.06666666666666667 0.04609375
0 0.6222222222222222 0.00078125 0.04722222222222222 0.01640625
