0 0.058333333333333334 0.68671875 0.04027777777777778 0.03125
0 0.15138888888888888 0.6796875 0.015277777777777777 0.0171875
0 0.4097222222222222 0.6609375 0.02361111111111111 0.01484375
0 0.6458333333333334 0.63203125 0.029166666666666667 0.021875
0 0.05138888888888889 0.61953125 0.025 0.01796875
0 0.34444444444444444 0.6171875 0.02638888888888889 0.02265625
0 0.7027777777777777 0.615625 0.04861111111111111 0.02265625
0 0.7708333333333334 0.61328125 0.043055555555555555 0.01640625
0 0.19722222222222222 0.60859375 0.043055555555555555 0.021875
0 0.6722222222222223 0.6078125 0.02361111111111111 0.01328125
0 0.3416666666666667 0.59921875 0.016666666666666666 0.009375
0 0.13333333333333333 0.5859375 0.03888888888888889 0.01328125
0 0.6138888888888889 0.5828125 0.016666666666666666 0.015625
0 0.9138888888888889 0.58125 0.015277777777777777 0.0078125
0 0.8291666666666667 0.57734375 0.05277777777777778 0.03125
0 0.7680555555555556 0.5609375 0.020833333333333332 0.0109375
0 0.4638888888888889 0.55234375 0.02638888888888889 0.0125
0 0.7527777777777778 0.5453125 0.030555555555555555 0.0140625
0 0.5222222222222223 0.540625 0.02361111111111111 0.01015625
0 0.6319444444444444 0.534375 0.011111111111111112 0.0078125
0 0.7861111111111111 0.5171875 0.030555555555555555 0.0203125
0 0.7763888888888889 0.49921875 0.03194444444444444 0.015625
0 0.8166666666666667 0.49765625 0.015277777777777777 0.009375
0 0.5236111111111111 0.484375 0.0125 0.01171875
0 0.8805555555555555 0.46953125 0.0125 0.009375
0 0.7861111111111111 0.465625 0.02638888888888889 0.0171875
0 0.05138888888888889 0.45703125 0.04861111111111111 0.02265625
0 0.9 0.45234375 0.020833333333333332 0.01171875
0 0.225 0.4265625 0.03194444444444444 0.02421875
0 0.17916666666666667 0.415625 0.02638888888888889 0.0171875
0 0.9069444444444444 0.40859375 0.02638888888888889 0.01953125
0 0.11388888888888889 0.40625 0.022222222222222223 0.00703125
0 0.9569444444444445 0.40234375 0.034722222222222224 0.0171875
0 0.14722222222222223 0.40234375 0.02361111111111111 0.021875
0 0.8305555555555556 0.39921875 0.027777777777777776 0.015625
0 0.19444444444444445 0.39765625 0.034722222222222224 0.01953125
0 0.8708333333333333 0.3765625 0.030555555555555555 0.015625
0 0.7138888888888889 0.3609375 0.022222222222222223 0.01484375
0 0.9402777777777778 0.3453125 0.018055555555555554 0.01484375
0 0.8111111111111111 0.34453125 0.029166666666666667 0.01875
0 0.7083333333333334 0.32890625 0.027777777777777776 0.01484375
0 0.9236111111111112 0.32734375 0.020833333333333332 0.009375
0 0.6861111111111111 0.321875 0.018055555555555554 0.01640625
0 0.725 0.31171875 0.030555555555555555 0.01640625
0 0.9027777777777778 0.303125 0.025 0.0140625
0 0.8291666666666667 0.3015625 0.027777777777777776 0.01640625
0 0.6652777777777777 0.29765625 0.016666666666666666 0.01328125
0 0.0 0.2078125 0.04027777777777778 0.021875
0 0.9152777777777777 0.2046875 0.058333333333333334 0.02265625
0 0.9361111111111111 0.19296875 0.013888888888888888 0.01015625
