0 0.7180555555555556 0.78359375 0.05416666666666667 0.03203125
0 0.5611111111111111 0.759375 0.044444444444444446 0.021875
0 0.1111111111111111 0.7265625 0.05694444444444444 0.025
0 0.6833333333333333 0.72265625 0.05555555555555555 0.03984375
0 0.7569444444444444 0.68359375 0.08472222222222223 0.0375
0 0.3625 0.67890625 0.08194444444444444 0.0265625
0 0.49444444444444446 0.67265625 0.04027777777777778 0.02578125
0 0.5944444444444444 0.58671875 0.08611111111111111 0.03046875
0 0.9611111111111111 0.578125 0.0375 0.01953125
0 0.42083333333333334 0.56875 0.03333333333333333 0.03046875
0 0.8277777777777777 0.5359375 0.044444444444444446 0.0296875
0 0.8986111111111111 0.534375 0.030555555555555555 0.021875
0 0.65 0.53203125 0.034722222222222224 0.01640625
0 0.39444444444444443 0.4984375 0.03333333333333333 0.02265625
0 0.002777777777777778 0.496875 0.0375 0.025
0 0.8 0.4828125 0.04722222222222222 0.028125
0 0.8666666666666667 0.47578125 0.03194444444444444 0.02109375
0 0.6777777777777778 0.47265625 0.05555555555555555 0.028125
0 0.19722222222222222 0.4703125 0.043055555555555555 0.02265625
0 0.001388888888888889 0.4359375 0.020833333333333332 0.021875
0 0.7736111111111111 0.4234375 0.05277777777777778 0.028125
0 0.6458333333333334 0.41640625 0.05555555555555555 0.0234375
0 0.7680555555555556 0.390625 0.05277777777777778 0.0234375
0 0.46111111111111114 0.3734375 0.09861111111111111 0.05625
0 0.6138888888888889 0.34921875 0.029166666666666667 0.01640625
0 0.5541666666666667 0.334375 0.02361111111111111 0.0140625
0 0.5236111111111111 0.28515625 0.05694444444444444 0.0265625
0 0.09444444444444444 0.275 0.08611111111111111 0.0390625
0 0.6444444444444445 0.271875 0.05416666666666667 0.0375
0 0.5541666666666667 0.228125 0.02638888888888889 0.025
0 0.4986111111111111 0.22578125 0.05694444444444444 0.034375
0 0.7013888888888888 0.16171875 0.07916666666666666 0.04296875
0 0.5194444444444445 0.16015625 0.0625 0.03359375
