0 0.002777777777777778 0.690625 0.04861111111111111 0.0265625
0 0.1 0.65546875 0.02361111111111111 0.0140625
0 0.24583333333333332 0.65390625 0.020833333333333332 0.015625
0 0.0625 0.65078125 0.034722222222222224 0.0234375
0 0.6708333333333333 0.6296875 0.02361111111111111 0.01328125
0 0.09305555555555556 0.62265625 0.020833333333333332 0.01953125
0 0.0 0.6171875 0.008333333333333333 0.01640625
0 0.125 0.61015625 0.02638888888888889 0.0171875
0 0.7347222222222223 0.59765625 0.02361111111111111 0.01328125
0 0.5347222222222222 0.59453125 0.03194444444444444 0.0140625
0 0.2111111111111111 0.59140625 0.030555555555555555 0.01953125
0 0.825 0.57734375 0.030555555555555555 0.0203125
0 0.041666666666666664 0.5734375 0.05694444444444444 0.03046875
0 0.6777777777777778 0.56484375 0.030555555555555555 0.0140625
0 0.5194444444444445 0.5578125 0.029166666666666667 0.01796875
0 0.6444444444444445 0.553125 0.02638888888888889 0.01796875
0 0.11666666666666667 0.5515625 0.03888888888888889 0.01953125
0 0.7819444444444444 0.54609375 0.04861111111111111 0.0265625
0 0.3888888888888889 0.54140625 0.030555555555555555 0.0171875
0 0.30277777777777776 0.54140625 0.03194444444444444 0.0234375
0 0.0 0.53671875 0.015277777777777777 0.01796875
0 0.425 0.5328125 0.04861111111111111 0.02265625
0 0.9652777777777778 0.53046875 0.03333333333333333 0.01953125
0 0.5111111111111111 0.5296875 0.029166666666666667 0.0171875
0 0.5402777777777777 0.528125 0.02638888888888889 0.01484375
0 0.7375 0.521875 0.06111111111111111 0.0359375
0 0.3527777777777778 0.52109375 0.015277777777777777 0.00546875
0 0.1763888888888889 0.5109375 0.043055555555555555 0.028125
0 0.06944444444444445 0.5078125 0.03611111111111111 0.02265625
0 0.24305555555555555 0.50703125 0.029166666666666667 0.00859375
0 0.0 0.50390625 0.0375 0.0234375
0 0.14027777777777778 0.48359375 0.029166666666666667 0.021875
0 0.3416666666666667 0.47578125 0.04027777777777778 0.01875
0 0.9083333333333333 0.45703125 0.05 0.028125
0 0.8194444444444444 0.4453125 0.05555555555555555 0.02890625
0 0.12638888888888888 0.4453125 0.020833333333333332 0.01015625
0 0.6652777777777777 0.4359375 0.06111111111111111 0.04765625
0 0.6083333333333333 0.42890625 0.03611111111111111 0.0171875
0 0.40555555555555556 0.425 0.018055555555555554 0.009375
0 0.4236111111111111 0.42109375 0.025 0.0109375
0 0.9652777777777778 0.41796875 0.034722222222222224 0.025
0 0.7180555555555556 0.41796875 0.075 0.03984375
0 0.9027777777777778 0.40625 0.043055555555555555 0.02265625
0 0.002777777777777778 0.3984375 0.02638888888888889 0.01875
0 0.7611111111111111 0.396875 0.0375 0.01328125
0 0.8611111111111112 0.390625 0.043055555555555555 0.0203125
0 0.3125 0.3828125 0.02638888888888889 0.01328125
0 0.9611111111111111 0.37734375 0.0375 0.02421875
0 0.375 0.3671875 0.043055555555555555 0.0140625
0 0.7375 0.36484375 0.030555555555555555 0.01484375
0 0.4777777777777778 0.36328125 0.06111111111111111 0.0359375
0 0.6180555555555556 0.3609375 0.03194444444444444 0.025
0 0.3638888888888889 0.3546875 0.02361111111111111 0.01328125
0 0.2791666666666667 0.3484375 0.043055555555555555 0.0203125
0 0.8388888888888889 0.34609375 0.04722222222222222 0.02109375
0 0.3625 0.340625 0.030555555555555555 0.01328125
0 0.19166666666666668 0.3390625 0.016666666666666666 0.01171875
0 0.5861111111111111 0.32734375 0.027777777777777776 0.01484375
0 0.2152777777777778 0.325 0.05555555555555555 0.02265625
0 0.625 0.3109375 0.029166666666666667 0.01328125
0 0.23472222222222222 0.30546875 0.016666666666666666 0.0109375
0 0.002777777777777778 0.29140625 0.013888888888888888 0.01640625
0 0.10694444444444444 0.284375 0.030555555555555555 0.01640625
0 0.38055555555555554 0.2828125 0.08333333333333333 0.0609375
0 0.05416666666666667 0.27734375 0.029166666666666667 0.0140625
0 0.9791666666666666 0.26875 0.020833333333333332 0.021875
0 0.1486111111111111 0.2640625 0.05277777777777778 0.02265625
0 0.8791666666666667 0.26328125 0.059722222222222225 0.0265625
0 0.07083333333333333 0.25390625 0.027777777777777776 0.01796875
0 0.35555555555555557 0.25234375 0.059722222222222225 0.0375
0 0.18055555555555555 0.23984375 0.025 0.01328125
0 0.001388888888888889 0.23671875 0.025 0.01796875
0 0.11666666666666667 0.2359375 0.0625 0.03984375
0 0.9305555555555556 0.2328125 0.06805555555555555 0.05625
0 0.21388888888888888 0.21875 0.029166666666666667 0.0234375
0 0.0 0.20625 0.009722222222222222 0.01015625
0 0.9791666666666666 0.15390625 0.019444444444444445 0.0203125
0 0.9708333333333333 0.103125 0.02638888888888889 0.0171875
0 0.8194444444444444 0.1 0.11388888888888889 0.0296875
0 0.9277777777777778 0.0765625 0.07222222222222222 0.02890625
0 0.9861111111111112 0.05390625 0.0125 0.01484375
