0 0.9805555555555555 0.709375 0.006944444444444444 0.00703125
0 0.8902777777777777 0.69140625 0.0125 0.00703125
0 0.8666666666666667 0.684375 0.018055555555555554 0.009375
0 0.9916666666666667 0.67890625 0.008333333333333333 0.01171875
0 0.9152777777777777 0.67734375 0.05277777777777778 0.01953125
0 0.33055555555555555 0.659375 0.015277777777777777 0.01015625
0 0.9430555555555555 0.6546875 0.0125 0.01015625
0 0.1736111111111111 0.6546875 0.013888888888888888 0.00546875
0 0.37916666666666665 0.64609375 0.02638888888888889 0.0234375
0 0.17083333333333334 0.64375 0.0125 0.00625
0 0.08611111111111111 0.64375 0.034722222222222224 0.0234375
0 0.9819444444444444 0.64140625 0.018055555555555554 0.0171875
0 0.8041666666666667 0.6390625 0.044444444444444446 0.015625
0 0.8708333333333333 0.634375 0.013888888888888888 0.01328125
0 0.49583333333333335 0.6234375 0.025 0.01640625
0 0.07361111111111111 0.62265625 0.029166666666666667 0.0109375
0 0.3972222222222222 0.6203125 0.02638888888888889 0.01484375
0 0.2388888888888889 0.615625 0.02361111111111111 0.009375
0 0.8472222222222222 0.6140625 0.030555555555555555 0.01640625
0 0.8083333333333333 0.6125 0.015277777777777777 0.00625
0 0.8319444444444445 0.60859375 0.02361111111111111 0.0078125
0 0.3458333333333333 0.596875 0.011111111111111112 0.0171875
0 0.5458333333333333 0.5859375 0.05694444444444444 0.02734375
0 0.6166666666666667 0.58359375 0.013888888888888888 0.01171875
0 0.49166666666666664 0.57421875 0.013888888888888888 0.0078125
0 0.21944444444444444 0.56796875 0.025 0.01171875
0 0.4861111111111111 0.565625 0.013888888888888888 0.01015625
0 0.8013888888888889 0.55546875 0.019444444444444445 0.01171875
0 0.2791666666666667 0.55546875 0.0125 0.0078125
0 0.49444444444444446 0.55390625 0.019444444444444445 0.00859375
0 0.7555555555555555 0.55078125 0.009722222222222222 0.0078125
0 0.9194444444444444 0.546875 0.018055555555555554 0.0140625
0 0.49722222222222223 0.54453125 0.011111111111111112 0.00703125
0 0.7361111111111112 0.5421875 0.015277777777777777 0.01171875
0 0.5194444444444445 0.53203125 0.025 0.0109375
0 0.8180555555555555 0.52734375 0.03194444444444444 0.0125
0 0.2972222222222222 0.51328125 0.016666666666666666 0.00703125
0 0.5458333333333333 0.50703125 0.0125 0.00625
0 0.5041666666666667 0.50625 0.03194444444444444 0.01796875
0 0.5125 0.48046875 0.02361111111111111 0.01328125
0 0.6041666666666666 0.47578125 0.016666666666666666 0.009375
0 0.49722222222222223 0.47578125 0.006944444444444444 0.00625
0 0.5125 0.4703125 0.008333333333333333 0.00546875
0 0.6291666666666667 0.41953125 0.018055555555555554 0.0125
0 0.6541666666666667 0.41796875 0.02361111111111111 0.00859375
0 0.5638888888888889 0.409375 0.018055555555555554 0.01171875
0 0.5263888888888889 0.35625 0.029166666666666667 0.01796875
0 0.6930555555555555 0.35546875 0.04861111111111111 0.0390625
0 0.6430555555555556 0.35546875 0.022222222222222223 0.015625
0 0.7819444444444444 0.3484375 0.018055555555555554 0.01484375
0 0.9041666666666667 0.3453125 0.020833333333333332 0.0109375
0 0.42777777777777776 0.34140625 0.029166666666666667 0.01640625
0 0.6388888888888888 0.33828125 0.0125 0.00859375
0 0.40694444444444444 0.33828125 0.016666666666666666 0.0125
0 0.44166666666666665 0.3265625 0.025 0.01484375
0 0.4083333333333333 0.3203125 0.020833333333333332 0.01640625
0 0.55 0.31171875 0.02361111111111111 0.015625
0 0.6125 0.3109375 0.03333333333333333 0.015625
0 0.925 0.309375 0.02361111111111111 0.0125
0 0.75 0.253125 0.0125 0.00859375
0 0.8430555555555556 0.240625 0.020833333333333332 0.009375
0 0.8125 0.240625 0.027777777777777776 0.01484375
0 0.7847222222222222 0.221875 0.02638888888888889 0.01796875
0 0.6152777777777778 0.21875 0.059722222222222225 0.0203125
0 0.7013888888888888 0.21484375 0.019444444444444445 0.015625
0 0.7263888888888889 0.20859375 0.029166666666666667 0.01484375
0 0.8347222222222223 0.2078125 0.029166666666666667 0.025
0 0.6319444444444444 0.20625 0.018055555555555554 0.01171875
0 0.6958333333333333 0.2 0.020833333333333332 0.01015625
0 0.8069444444444445 0.1859375 0.02638888888888889 0.015625
0 0.7208333333333333 0.17265625 0.016666666666666666 0.01640625
0 0.75 0.1671875 0.011111111111111112 0.01015625
0 0.6833333333333333 0.14921875 0.02638888888888889 0.01328125
