0 0.06527777777777778 0.703125 0.02361111111111111 0.015625
0 0.041666666666666664 0.6171875 0.07777777777777778 0.05390625
0 0.0125 0.60859375 0.05 0.02890625
0 0.6902777777777778 0.5921875 0.02361111111111111 0.0140625
0 0.04861111111111111 0.58515625 0.05555555555555555 0.028125
0 0.9513888888888888 0.553125 0.034722222222222224 0.01640625
0 0.6111111111111112 0.4609375 0.019444444444444445 0.01640625
0 0.10833333333333334 0.459375 0.034722222222222224 0.01953125
0 0.6680555555555555 0.3953125 0.03888888888888889 0.01953125
0 0.5680555555555555 0.38359375 0.022222222222222223 0.01796875
0 0.9388888888888889 0.36484375 0.015277777777777777 0.0203125
0 0.9652777777777778 0.3203125 0.034722222222222224 0.01953125
0 0.9888888888888889 0.303125 0.011111111111111112 0.0140625
0 0.8638888888888889 0.28828125 0.05277777777777778 0.03359375
