0 0.7305555555555555 0.71953125 0.027777777777777776 0.01875
0 0.001388888888888889 0.70078125 0.027777777777777776 0.0234375
0 0.1527777777777778 0.696875 0.07222222222222222 0.0375
0 0.7888888888888889 0.675 0.03611111111111111 0.015625
0 0.5430555555555555 0.67265625 0.027777777777777776 0.01796875
0 0.9680555555555556 0.6703125 0.025 0.01484375
0 0.7833333333333333 0.65625 0.0375 0.01640625
0 0.5013888888888889 0.64765625 0.03333333333333333 0.015625
0 0.625 0.64453125 0.04861111111111111 0.01796875
0 0.7791666666666667 0.628125 0.03333333333333333 0.0203125
0 0.8472222222222222 0.615625 0.05555555555555555 0.02734375
0 0.9666666666666667 0.60859375 0.03333333333333333 0.03125
0 0.7763888888888889 0.60078125 0.029166666666666667 0.025
0 0.8097222222222222 0.59375 0.02638888888888889 0.0125
0 0.6361111111111111 0.58515625 0.03611111111111111 0.01796875
0 0.06944444444444445 0.58359375 0.029166666666666667 0.02109375
0 0.1375 0.578125 0.03888888888888889 0.03359375
0 0.3819444444444444 0.575 0.05277777777777778 0.02734375
0 0.3111111111111111 0.5703125 0.030555555555555555 0.02109375
0 0.17222222222222222 0.56875 0.06111111111111111 0.034375
0 0.925 0.546875 0.025 0.015625
0 0.7583333333333333 0.54296875 0.08333333333333333 0.0328125
0 0.08611111111111111 0.5328125 0.025 0.01328125
0 0.1125 0.5296875 0.03333333333333333 0.02578125
0 0.9777777777777777 0.50859375 0.022222222222222223 0.01953125
0 0.275 0.49375 0.018055555555555554 0.01796875
0 0.011111111111111112 0.4875 0.0125 0.009375
0 0.09583333333333334 0.47578125 0.034722222222222224 0.02421875
0 0.9847222222222223 0.475 0.015277777777777777 0.0140625
0 0.8902777777777777 0.4671875 0.034722222222222224 0.0109375
0 0.8138888888888889 0.4484375 0.03194444444444444 0.01484375
0 0.7333333333333333 0.4453125 0.027777777777777776 0.015625
0 0.24305555555555555 0.44375 0.034722222222222224 0.01953125
0 0.8472222222222222 0.44140625 0.03194444444444444 0.02109375
0 0.875 0.43671875 0.029166666666666667 0.01484375
0 0.35694444444444445 0.43046875 0.05138888888888889 0.02265625
0 0.8208333333333333 0.42734375 0.022222222222222223 0.01484375
0 0.32222222222222224 0.4234375 0.03194444444444444 0.02265625
0 0.8013888888888889 0.42265625 0.02638888888888889 0.01015625
0 0.5055555555555555 0.41875 0.0375 0.021875
0 0.9708333333333333 0.4171875 0.027777777777777776 0.015625
0 0.28055555555555556 0.41328125 0.04027777777777778 0.0234375
0 0.4166666666666667 0.40546875 0.04583333333333333 0.03046875
0 0.7083333333333334 0.403125 0.03333333333333333 0.0140625
0 0.8708333333333333 0.40078125 0.029166666666666667 0.0234375
0 0.7527777777777778 0.3875 0.030555555555555555 0.0140625
0 0.09583333333333334 0.3765625 0.043055555555555555 0.02421875
0 0.44027777777777777 0.3703125 0.06666666666666667 0.0265625
0 0.6777777777777778 0.3671875 0.03611111111111111 0.0140625
0 0.029166666666666667 0.3609375 0.043055555555555555 0.025
0 0.43333333333333335 0.35703125 0.02638888888888889 0.015625
0 0.6402777777777777 0.34375 0.05138888888888889 0.028125
0 0.001388888888888889 0.33828125 0.043055555555555555 0.02734375
0 0.49583333333333335 0.33359375 0.04583333333333333 0.01328125
0 0.7777777777777778 0.32890625 0.034722222222222224 0.01796875
0 0.0625 0.30625 0.03333333333333333 0.0234375
0 0.3638888888888889 0.30234375 0.02361111111111111 0.0140625
0 0.1361111111111111 0.3 0.03333333333333333 0.0234375
0 0.09583333333333334 0.28984375 0.022222222222222223 0.01171875
0 0.6555555555555556 0.27890625 0.027777777777777776 0.00859375
0 0.5458333333333333 0.27890625 0.05277777777777778 0.0296875
0 0.7097222222222223 0.271875 0.03194444444444444 0.01328125
0 0.18055555555555555 0.265625 0.04583333333333333 0.025
0 0.7444444444444445 0.259375 0.030555555555555555 0.015625
0 0.2791666666666667 0.25703125 0.03194444444444444 0.01484375
0 0.8486111111111111 0.25390625 0.04027777777777778 0.01796875
0 0.9222222222222223 0.2484375 0.029166666666666667 0.0140625
0 0.7180555555555556 0.24609375 0.030555555555555555 0.02265625
0 0.06944444444444445 0.2453125 0.04861111111111111 0.02421875
0 0.6791666666666667 0.2421875 0.03888888888888889 0.0234375
0 0.19444444444444445 0.2421875 0.05 0.01875
0 0.2569444444444444 0.23828125 0.011111111111111112 0.01328125
0 0.425 0.23125 0.03333333333333333 0.021875
0 0.31527777777777777 0.23046875 0.03333333333333333 0.0171875
0 0.5305555555555556 0.22265625 0.04583333333333333 0.03046875
0 0.21388888888888888 0.22265625 0.02638888888888889 0.01171875
0 0.8861111111111111 0.20859375 0.02638888888888889 0.015625
0 0.08611111111111111 0.20859375 0.03611111111111111 0.0125
0 0.7416666666666667 0.20390625 0.025 0.0203125
0 0.26805555555555555 0.2 0.025 0.015625
0 0.38333333333333336 0.19921875 0.015277777777777777 0.01328125
0 0.3527777777777778 0.1984375 0.025 0.01953125
0 0.9777777777777777 0.19296875 0.020833333333333332 0.01953125
0 0.21944444444444444 0.18125 0.03333333333333333 0.01875
0 0.8527777777777777 0.175 0.043055555555555555 0.02265625
0 0.125 0.16640625 0.015277777777777777 0.01484375
0 0.06666666666666667 0.1609375 0.027777777777777776 0.01171875
0 0.2361111111111111 0.153125 0.030555555555555555 0.0171875
0 0.9680555555555556 0.15234375 0.03194444444444444 0.02578125
0 0.5 0.1515625 0.041666666666666664 0.0265625
0 0.3638888888888889 0.14921875 0.034722222222222224 0.025
0 0.1361111111111111 0.1484375 0.0375 0.0171875
0 0.05555555555555555 0.1453125 0.0375 0.01640625
0 0.07361111111111111 0.13203125 0.03888888888888889 0.0203125
0 0.10277777777777777 0.13046875 0.02361111111111111 0.015625
0 0.2652777777777778 0.12265625 0.030555555555555555 0.01640625
0 0.3527777777777778 0.121875 0.02361111111111111 0.02421875
0 0.03888888888888889 0.121875 0.034722222222222224 0.021875
0 0.3736111111111111 0.12109375 0.04583333333333333 0.0296875
0 0.3013888888888889 0.1171875 0.04722222222222222 0.046875
0 0.4736111111111111 0.10546875 0.04583333333333333 0.04921875
0 0.09444444444444444 0.10546875 0.02361111111111111 0.0171875
0 0.05 0.09921875 0.03611111111111111 0.0140625
0 0.33194444444444443 0.0953125 0.02361111111111111 0.021875
0 0.20972222222222223 0.09375 0.03611111111111111 0.0234375
0 0.3527777777777778 0.0859375 0.05138888888888889 0.02578125
0 0.41805555555555557 0.084375 0.03194444444444444 0.01953125
0 0.001388888888888889 0.075 0.0763888888888889 0.02421875
