0 0.7986111111111112 0.803125 0.03333333333333333 0.0234375
0 0.7444444444444445 0.79453125 0.02361111111111111 0.021875
0 0.6583333333333333 0.7703125 0.029166666666666667 0.01484375
0 0.7597222222222222 0.7640625 0.016666666666666666 0.01640625
0 0.6986111111111111 0.7609375 0.03611111111111111 0.0203125
0 0.022222222222222223 0.74375 0.030555555555555555 0.02265625
0 0.7069444444444445 0.7359375 0.025 0.0125
0 0.6430555555555556 0.7328125 0.018055555555555554 0.01328125
0 0.5708333333333333 0.73203125 0.022222222222222223 0.01171875
0 0.5513888888888889 0.725 0.020833333333333332 0.0140625
0 0.6097222222222223 0.71796875 0.016666666666666666 0.01640625
0 0.043055555555555555 0.71484375 0.03194444444444444 0.0171875
0 0.6777777777777778 0.71171875 0.009722222222222222 0.0078125
0 0.004166666666666667 0.6984375 0.018055555555555554 0.00859375
0 0.32083333333333336 0.69453125 0.034722222222222224 0.02421875
0 0.6263888888888889 0.69296875 0.02361111111111111 0.0046875
0 0.5805555555555556 0.690625 0.0375 0.02421875
0 0.23333333333333334 0.6890625 0.029166666666666667 0.0125
0 0.8277777777777777 0.68515625 0.02638888888888889 0.01640625
0 0.20694444444444443 0.675 0.0375 0.01484375
0 0.2763888888888889 0.66328125 0.02638888888888889 0.0203125
0 0.7805555555555556 0.66015625 0.022222222222222223 0.01484375
0 0.55 0.64140625 0.0125 0.01875
0 0.8083333333333333 0.63984375 0.011111111111111112 0.00703125
0 0.49027777777777776 0.63125 0.04027777777777778 0.02421875
0 0.4666666666666667 0.62734375 0.029166666666666667 0.0078125
0 0.6291666666666667 0.6265625 0.025 0.0125
0 0.6638888888888889 0.62421875 0.027777777777777776 0.01640625
0 0.40555555555555556 0.62109375 0.02361111111111111 0.01796875
0 0.3263888888888889 0.61875 0.013888888888888888 0.0171875
0 0.3138888888888889 0.609375 0.011111111111111112 0.00859375
0 0.5305555555555556 0.60234375 0.02638888888888889 0.0171875
0 0.29583333333333334 0.59609375 0.016666666666666666 0.01015625
0 0.35555555555555557 0.58125 0.011111111111111112 0.01328125
0 0.5708333333333333 0.5734375 0.034722222222222224 0.01171875
0 0.4583333333333333 0.5703125 0.009722222222222222 0.01015625
0 0.25555555555555554 0.5578125 0.009722222222222222 0.01015625
0 0.3 0.49296875 0.029166666666666667 0.01171875
0 0.7555555555555555 0.4828125 0.013888888888888888 0.00703125
0 0.33194444444444443 0.4828125 0.025 0.0140625
0 0.5652777777777778 0.475 0.0375 0.015625
0 0.6013888888888889 0.471875 0.022222222222222223 0.01328125
0 0.3458333333333333 0.46875 0.015277777777777777 0.0125
0 0.6486111111111111 0.46328125 0.03333333333333333 0.01875
0 0.6833333333333333 0.459375 0.009722222222222222 0.01015625
0 0.7666666666666667 0.45703125 0.013888888888888888 0.00859375
0 0.7361111111111112 0.4484375 0.016666666666666666 0.0109375
0 0.3680555555555556 0.44296875 0.020833333333333332 0.01015625
0 0.1638888888888889 0.4421875 0.011111111111111112 0.01015625
0 0.2625 0.42421875 0.027777777777777776 0.01796875
0 0.4375 0.42109375 0.0375 0.0234375
0 0.38472222222222224 0.42109375 0.016666666666666666 0.01171875
0 0.5847222222222223 0.41796875 0.009722222222222222 0.00859375
0 0.15833333333333333 0.40859375 0.029166666666666667 0.01484375
0 0.13333333333333333 0.40703125 0.022222222222222223 0.01171875
0 0.4791666666666667 0.4015625 0.0125 0.01015625
0 0.2652777777777778 0.39375 0.029166666666666667 0.01328125
0 0.17777777777777778 0.3921875 0.022222222222222223 0.01796875
0 0.2222222222222222 0.38828125 0.020833333333333332 0.009375
0 0.4097222222222222 0.38046875 0.0125 0.009375
0 0.1736111111111111 0.378125 0.02361111111111111 0.00390625
0 0.31527777777777777 0.37734375 0.029166666666666667 0.01484375
0 0.6652777777777777 0.37109375 0.022222222222222223 0.01796875
0 0.6222222222222222 0.36484375 0.03333333333333333 0.01171875
0 0.65 0.35390625 0.018055555555555554 0.0140625
0 0.4027777777777778 0.34296875 0.009722222222222222 0.009375
0 0.5416666666666666 0.33125 0.013888888888888888 0.0109375
0 0.5972222222222222 0.3015625 0.022222222222222223 0.01171875
0 0.5625 0.30078125 0.027777777777777776 0.0171875
0 0.475 0.28984375 0.019444444444444445 0.01796875
0 0.40555555555555556 0.2828125 0.02638888888888889 0.0171875
0 0.5388888888888889 0.28203125 0.025 0.015625
0 0.38055555555555554 0.28125 0.02361111111111111 0.01640625
0 0.4638888888888889 0.27734375 0.013888888888888888 0.0125
0 0.6277777777777778 0.2765625 0.016666666666666666 0.01171875
0 0.5833333333333334 0.2765625 0.0125 0.0125
0 0.48333333333333334 0.2703125 0.029166666666666667 0.0171875
0 0.39861111111111114 0.26953125 0.0125 0.0078125
0 0.5680555555555555 0.26875 0.015277777777777777 0.01484375
0 0.45694444444444443 0.26328125 0.020833333333333332 0.0109375
0 0.55 0.24765625 0.022222222222222223 0.0125
0 0.43333333333333335 0.2109375 0.027777777777777776 0.01171875
0 0.5 0.20703125 0.020833333333333332 0.01015625
