0 0.05555555555555555 0.72109375 0.04722222222222222 0.03203125
0 0.5083333333333333 0.7203125 0.03611111111111111 0.02578125
0 0.46805555555555556 0.7203125 0.022222222222222223 0.02109375
0 0.2722222222222222 0.70234375 0.04583333333333333 0.02734375
0 0.009722222222222222 0.6859375 0.0875 0.0328125
0 0.2125 0.68515625 0.04583333333333333 0.03046875
0 0.7388888888888889 0.6734375 0.05138888888888889 0.02265625
0 0.5361111111111111 0.66640625 0.02638888888888889 0.01484375
0 0.0 0.65 0.016666666666666666 0.01953125
0 0.44166666666666665 0.64765625 0.043055555555555555 0.01875
0 0.7111111111111111 0.64375 0.04583333333333333 0.034375
0 0.6291666666666667 0.63984375 0.04583333333333333 0.0234375
0 0.7597222222222222 0.63203125 0.05 0.01875
0 0.5638888888888889 0.61875 0.05416666666666667 0.02578125
0 0.5 0.59765625 0.0625 0.025
0 0.6458333333333334 0.58828125 0.05555555555555555 0.02734375
0 0.044444444444444446 0.55546875 0.027777777777777776 0.0171875
0 0.11388888888888889 0.55390625 0.04027777777777778 0.02578125
0 0.001388888888888889 0.54375 0.025 0.0234375
0 0.5083333333333333 0.54296875 0.020833333333333332 0.01328125
0 0.10833333333333334 0.54140625 0.029166666666666667 0.015625
0 0.5777777777777777 0.52421875 0.04583333333333333 0.028125
0 0.6055555555555555 0.5125 0.04722222222222222 0.025
0 0.059722222222222225 0.50625 0.08194444444444444 0.03359375
0 0.5833333333333334 0.4859375 0.043055555555555555 0.0265625
0 0.5291666666666667 0.48203125 0.04027777777777778 0.01875
0 0.4625 0.45703125 0.0763888888888889 0.03828125
0 0.5875 0.4453125 0.03888888888888889 0.02578125
0 0.5388888888888889 0.42890625 0.02638888888888889 0.0203125
0 0.525 0.4046875 0.06111111111111111 0.02109375
0 0.058333333333333334 0.21640625 0.0625 0.034375
0 0.03194444444444444 0.20390625 0.034722222222222224 0.021875
