0 0.9486111111111111 0.72734375 0.029166666666666667 0.021875
0 0.44305555555555554 0.715625 0.07222222222222222 0.0328125
0 0.18194444444444444 0.69921875 0.03888888888888889 0.021875
0 0.7263888888888889 0.68046875 0.019444444444444445 0.0125
0 0.8263888888888888 0.65390625 0.013888888888888888 0.009375
0 0.11805555555555555 0.653125 0.04722222222222222 0.0296875
0 0.8472222222222222 0.6515625 0.03333333333333333 0.01640625
0 0.6944444444444444 0.64765625 0.03194444444444444 0.01640625
0 0.9305555555555556 0.64296875 0.034722222222222224 0.01875
0 0.8597222222222223 0.58515625 0.018055555555555554 0.021875
0 0.275 0.58203125 0.0375 0.0203125
0 0.6472222222222223 0.58046875 0.04861111111111111 0.02890625
0 0.5708333333333333 0.575 0.027777777777777776 0.021875
0 0.4486111111111111 0.57421875 0.06944444444444445 0.03359375
0 0.3875 0.53203125 0.013888888888888888 0.015625
0 0.34444444444444444 0.52890625 0.029166666666666667 0.0171875
0 0.35833333333333334 0.46640625 0.06111111111111111 0.03125
0 0.9402777777777778 0.43984375 0.034722222222222224 0.01484375
0 0.5069444444444444 0.43046875 0.03194444444444444 0.02421875
0 0.7736111111111111 0.4109375 0.03333333333333333 0.01953125
0 0.5388888888888889 0.40546875 0.06527777777777778 0.0359375
0 0.7083333333333334 0.39609375 0.04722222222222222 0.03125
0 0.9402777777777778 0.38984375 0.025 0.01640625
0 0.32083333333333336 0.36484375 0.034722222222222224 0.02109375
0 0.001388888888888889 0.3625 0.029166666666666667 0.01640625
0 0.7291666666666666 0.3609375 0.06527777777777778 0.02578125
0 0.6652777777777777 0.3421875 0.05416666666666667 0.01640625
0 0.9069444444444444 0.32890625 0.07083333333333333 0.040625
0 0.225 0.3203125 0.075 0.05
0 0.7805555555555556 0.31796875 0.030555555555555555 0.0125
0 0.05555555555555555 0.31171875 0.034722222222222224 0.01484375
0 0.5430555555555555 0.28828125 0.02638888888888889 0.01171875
0 0.2916666666666667 0.2859375 0.03611111111111111 0.025
0 0.6194444444444445 0.28359375 0.019444444444444445 0.0140625
0 0.05277777777777778 0.27890625 0.03611111111111111 0.01796875
0 0.3541666666666667 0.278125 0.06527777777777778 0.025
0 0.8152777777777778 0.25625 0.05555555555555555 0.0359375
0 0.95 0.2515625 0.03611111111111111 0.01640625
0 0.4097222222222222 0.24375 0.05138888888888889 0.02578125
0 0.38472222222222224 0.23125 0.020833333333333332 0.01171875
0 0.7333333333333333 0.2265625 0.03194444444444444 0.015625
0 0.08055555555555556 0.22578125 0.029166666666666667 0.0171875
0 0.9569444444444445 0.22421875 0.03194444444444444 0.0203125
0 0.28888888888888886 0.22265625 0.05277777777777778 0.02578125
0 0.9222222222222223 0.21953125 0.03333333333333333 0.0234375
0 0.4305555555555556 0.21484375 0.04861111111111111 0.02578125
0 0.6402777777777777 0.2078125 0.03611111111111111 0.01328125
0 0.5125 0.20625 0.034722222222222224 0.01953125
0 0.24861111111111112 0.20390625 0.04722222222222222 0.0171875
0 0.8027777777777778 0.1953125 0.05416666666666667 0.034375
0 0.12638888888888888 0.1953125 0.0375 0.015625
0 0.2388888888888889 0.184375 0.030555555555555555 0.0171875
0 0.9805555555555555 0.18203125 0.018055555555555554 0.01640625
0 0.2833333333333333 0.1765625 0.029166666666666667 0.01171875
0 0.4583333333333333 0.175 0.02361111111111111 0.01953125
0 0.5555555555555556 0.1671875 0.06527777777777778 0.0328125
0 0.8986111111111111 0.16640625 0.02638888888888889 0.01484375
0 0.4083333333333333 0.15703125 0.030555555555555555 0.01953125
0 0.2861111111111111 0.140625 0.030555555555555555 0.01484375
0 0.1111111111111111 0.12734375 0.03888888888888889 0.0203125
0 0.41805555555555557 0.1265625 0.034722222222222224 0.02109375
0 0.31805555555555554 0.125 0.015277777777777777 0.0140625
0 0.7486111111111111 0.12265625 0.029166666666666667 0.02734375
0 0.4861111111111111 0.109375 0.019444444444444445 0.01796875
0 0.4527777777777778 0.096875 0.03194444444444444 0.01484375
0 0.21944444444444444 0.090625 0.08194444444444444 0.0546875
0 0.7319444444444444 0.08984375 0.03333333333333333 0.021875
0 0.5 0.0875 0.022222222222222223 0.0125
0 0.1486111111111111 0.08671875 0.022222222222222223 0.021875
0 0.5916666666666667 0.08515625 0.08611111111111111 0.065625
0 0.525 0.08515625 0.06111111111111111 0.0484375
0 0.09861111111111111 0.08046875 0.04861111111111111 0.03203125
0 0.26666666666666666 0.0765625 0.029166666666666667 0.01953125
0 0.15694444444444444 0.0765625 0.019444444444444445 0.01796875
0 0.7430555555555556 0.07265625 0.016666666666666666 0.01640625
0 0.3958333333333333 0.065625 0.03611111111111111 0.0203125
0 0.1 0.06171875 0.02638888888888889 0.01875
0 0.35833333333333334 0.06015625 0.03333333333333333 0.01640625
0 0.5625 0.059375 0.043055555555555555 0.02421875
0 0.675 0.0515625 0.027777777777777776 0.01875
0 0.6 0.04921875 0.05416666666666667 0.02890625
0 0.225 0.04296875 0.041666666666666664 0.0421875
0 0.18333333333333332 0.04140625 0.04027777777777778 0.025
0 0.6125 0.0234375 0.027777777777777776 0.01953125
