0 0.9513888888888888 0.97265625 0.020833333333333332 0.01875
0 0.8791666666666667 0.96640625 0.04583333333333333 0.02734375
0 0.08055555555555556 0.93515625 0.05694444444444444 0.03046875
0 0.6486111111111111 0.9171875 0.03333333333333333 0.02421875
0 0.5694444444444444 0.90078125 0.06805555555555555 0.01875
0 0.5388888888888889 0.890625 0.030555555555555555 0.025
0 0.49444444444444446 0.8578125 0.041666666666666664 0.0328125
0 0.13055555555555556 0.821875 0.05138888888888889 0.03046875
0 0.3888888888888889 0.82109375 0.06388888888888888 0.046875
0 0.5055555555555555 0.81640625 0.05138888888888889 0.02109375
0 0.46111111111111114 0.79140625 0.04861111111111111 0.03671875
0 0.2833333333333333 0.778125 0.05555555555555555 0.03515625
0 0.6875 0.74765625 0.0375 0.0171875
0 0.5708333333333333 0.74453125 0.043055555555555555 0.03046875
0 0.6277777777777778 0.7421875 0.03194444444444444 0.01875
0 0.5430555555555555 0.71015625 0.043055555555555555 0.02109375
0 0.35555555555555557 0.69765625 0.09027777777777778 0.04765625
0 0.5875 0.69609375 0.041666666666666664 0.02109375
0 0.49444444444444446 0.68203125 0.058333333333333334 0.02265625
0 0.4222222222222222 0.66796875 0.04722222222222222 0.01953125
0 0.37777777777777777 0.659375 0.04027777777777778 0.02109375
0 0.6208333333333333 0.62109375 0.09027777777777778 0.025
0 0.38055555555555554 0.6171875 0.059722222222222225 0.028125
0 0.5388888888888889 0.61328125 0.05555555555555555 0.03125
0 0.25972222222222224 0.51484375 0.04722222222222222 0.03046875
0 0.2861111111111111 0.4828125 0.03611111111111111 0.02421875
0 0.2847222222222222 0.41484375 0.05 0.02734375
0 0.42916666666666664 0.36015625 0.05416666666666667 0.02890625
0 0.38333333333333336 0.35546875 0.030555555555555555 0.0265625
0 0.3472222222222222 0.34765625 0.02638888888888889 0.0140625
0 0.37222222222222223 0.328125 0.05416666666666667 0.02421875
