0 0.9388888888888889 0.57265625 0.06111111111111111 0.028125
0 0.7263888888888889 0.53984375 0.05277777777777778 0.02109375
0 0.8902777777777777 0.525 0.03888888888888889 0.01796875
0 0.1763888888888889 0.521875 0.03194444444444444 0.02265625
0 0.22916666666666666 0.52109375 0.0375 0.0203125
0 0.8 0.51640625 0.05277777777777778 0.03046875
0 0.3055555555555556 0.5125 0.04722222222222222 0.0265625
0 0.5277777777777778 0.490625 0.04027777777777778 0.02109375
0 0.18888888888888888 0.4875 0.03611111111111111 0.0125
0 0.04027777777777778 0.484375 0.03611111111111111 0.01875
0 0.33055555555555555 0.48046875 0.027777777777777776 0.01484375
0 0.2638888888888889 0.4765625 0.034722222222222224 0.01484375
0 0.004166666666666667 0.44921875 0.02361111111111111 0.01171875
0 0.6263888888888889 0.44453125 0.03611111111111111 0.01640625
0 0.3680555555555556 0.440625 0.0375 0.02265625
0 0.44027777777777777 0.428125 0.0375 0.01875
0 0.35138888888888886 0.4046875 0.043055555555555555 0.028125
0 0.23055555555555557 0.4 0.0375 0.0140625
0 0.001388888888888889 0.384375 0.03611111111111111 0.03125
0 0.45 0.3765625 0.043055555555555555 0.02421875
0 0.5111111111111111 0.35625 0.041666666666666664 0.0265625
0 0.1625 0.3515625 0.03611111111111111 0.02421875
0 0.8638888888888889 0.34765625 0.043055555555555555 0.0171875
0 0.8055555555555556 0.34609375 0.04027777777777778 0.02578125
0 0.3375 0.34296875 0.030555555555555555 0.0203125
0 0.7236111111111111 0.34140625 0.018055555555555554 0.009375
0 0.175 0.3296875 0.029166666666666667 0.0171875
0 0.8625 0.31328125 0.04027777777777778 0.01953125
0 0.2569444444444444 0.31328125 0.034722222222222224 0.0140625
0 0.12361111111111112 0.3125 0.03194444444444444 0.015625
0 0.6138888888888889 0.309375 0.027777777777777776 0.0140625
0 0.6486111111111111 0.3046875 0.034722222222222224 0.015625
0 0.2916666666666667 0.3046875 0.027777777777777776 0.01484375
0 0.5430555555555555 0.29921875 0.029166666666666667 0.02421875
0 0.48333333333333334 0.29921875 0.041666666666666664 0.02265625
0 0.7680555555555556 0.29296875 0.0875 0.0359375
0 0.575 0.2859375 0.07222222222222222 0.021875
0 0.8416666666666667 0.28125 0.03611111111111111 0.02109375
0 0.7152777777777778 0.28046875 0.04722222222222222 0.025
0 0.6458333333333334 0.278125 0.03611111111111111 0.02265625
0 0.7013888888888888 0.265625 0.02638888888888889 0.01171875
0 0.7583333333333333 0.26328125 0.034722222222222224 0.01328125
0 0.6152777777777778 0.25546875 0.03333333333333333 0.025
0 0.9541666666666667 0.24921875 0.04027777777777778 0.02265625
0 0.5444444444444444 0.2421875 0.0375 0.03046875
0 0.8569444444444444 0.23984375 0.04027777777777778 0.0234375
0 0.9444444444444444 0.23125 0.034722222222222224 0.01484375
0 0.6361111111111111 0.21484375 0.06805555555555555 0.05546875
0 0.5347222222222222 0.209375 0.04861111111111111 0.0265625
0 0.9666666666666667 0.20859375 0.03333333333333333 0.02265625
0 0.37777777777777777 0.19609375 0.03611111111111111 0.0234375
0 0.8777777777777778 0.19375 0.05 0.021875
0 0.7194444444444444 0.190625 0.02638888888888889 0.025
0 0.4125 0.18984375 0.0375 0.021875
0 0.3472222222222222 0.18125 0.0375 0.021875
0 0.7944444444444444 0.15625 0.019444444444444445 0.01328125
0 0.5055555555555555 0.15625 0.0375 0.025
0 0.5416666666666666 0.15390625 0.030555555555555555 0.02578125
0 0.46805555555555556 0.1359375 0.04722222222222222 0.01484375
0 0.32222222222222224 0.128125 0.044444444444444446 0.0265625
0 0.7736111111111111 0.12578125 0.02638888888888889 0.01328125
0 0.36944444444444446 0.1203125 0.1125 0.065625
0 0.6027777777777777 0.11953125 0.10833333333333334 0.04921875
0 0.8597222222222223 0.0984375 0.03194444444444444 0.0203125
0 0.6180555555555556 0.07109375 0.0625 0.02734375
0 0.6833333333333333 0.06640625 0.03611111111111111 0.0265625
0 0.7277777777777777 0.06015625 0.07361111111111111 0.0453125
0 0.5652777777777778 0.0421875 0.03888888888888889 0.02890625
