0 0.5263888888888889 0.8421875 0.04583333333333333 0.03359375
0 0.5805555555555556 0.8390625 0.05 0.03046875
0 0.9125 0.796875 0.05694444444444444 0.021875
0 0.4708333333333333 0.76015625 0.043055555555555555 0.03359375
0 0.37222222222222223 0.75859375 0.034722222222222224 0.025
0 0.4361111111111111 0.71484375 0.05416666666666667 0.0296875
0 0.5388888888888889 0.70234375 0.05416666666666667 0.03203125
0 0.44027777777777777 0.6203125 0.10555555555555556 0.04375
0 0.2569444444444444 0.6 0.034722222222222224 0.0203125
0 0.32222222222222224 0.5859375 0.041666666666666664 0.01875
0 0.18888888888888888 0.56484375 0.03333333333333333 0.021875
0 0.46805555555555556 0.5625 0.043055555555555555 0.01640625
0 0.29583333333333334 0.559375 0.05277777777777778 0.03203125
0 0.3541666666666667 0.54609375 0.044444444444444446 0.03671875
0 0.5027777777777778 0.53359375 0.034722222222222224 0.0265625
0 0.5569444444444445 0.521875 0.029166666666666667 0.015625
0 0.3194444444444444 0.51875 0.03333333333333333 0.0203125
0 0.27361111111111114 0.49375 0.05555555555555555 0.03203125
0 0.21944444444444444 0.4875 0.06111111111111111 0.02734375
0 0.4722222222222222 0.475 0.07083333333333333 0.040625
0 0.25 0.459375 0.05555555555555555 0.02109375
0 0.3472222222222222 0.4296875 0.04027777777777778 0.02578125
0 0.6638888888888889 0.428125 0.03611111111111111 0.02265625
0 0.5805555555555556 0.4109375 0.07222222222222222 0.05078125
0 0.16527777777777777 0.3640625 0.043055555555555555 0.0171875
0 0.4305555555555556 0.36328125 0.04861111111111111 0.02578125
0 0.4736111111111111 0.3484375 0.020833333333333332 0.0171875
0 0.4583333333333333 0.32109375 0.07083333333333333 0.025
0 0.6430555555555556 0.309375 0.05416666666666667 0.03515625
0 0.4861111111111111 0.30859375 0.05 0.015625
0 0.5736111111111111 0.2796875 0.03888888888888889 0.02578125
0 0.29305555555555557 0.26796875 0.06111111111111111 0.03125
0 0.4708333333333333 0.24140625 0.043055555555555555 0.02421875
0 0.36666666666666664 0.22734375 0.030555555555555555 0.02578125
0 0.4986111111111111 0.21484375 0.04027777777777778 0.01953125
0 0.35138888888888886 0.16796875 0.05 0.028125
0 0.4083333333333333 0.16484375 0.10972222222222222 0.0640625
0 0.4097222222222222 0.15390625 0.0375 0.02265625
0 0.37083333333333335 0.09375 0.12361111111111112 0.05859375
0 0.4097222222222222 0.078125 0.044444444444444446 0.025
0 0.4486111111111111 0.03984375 0.06944444444444445 0.053125
