0 0.9583333333333334 0.9546875 0.041666666666666664 0.03515625
0 0.8652777777777778 0.9546875 0.03611111111111111 0.0171875
0 0.004166666666666667 0.83359375 0.07361111111111111 0.0453125
0 0.4125 0.80703125 0.05416666666666667 0.0328125
0 0.4736111111111111 0.79765625 0.05694444444444444 0.0328125
0 0.1125 0.76171875 0.04722222222222222 0.02421875
0 0.19166666666666668 0.70078125 0.0625 0.03671875
0 0.9736111111111111 0.671875 0.022222222222222223 0.021875
0 0.9305555555555556 0.66640625 0.03611111111111111 0.021875
0 0.8430555555555556 0.65546875 0.05138888888888889 0.025
0 0.37222222222222223 0.646875 0.043055555555555555 0.0265625
0 0.15 0.63125 0.034722222222222224 0.01875
0 0.5902777777777778 0.6140625 0.04583333333333333 0.03203125
0 0.5777777777777777 0.5859375 0.043055555555555555 0.0140625
0 0.4166666666666667 0.57890625 0.043055555555555555 0.01953125
0 0.11944444444444445 0.5671875 0.059722222222222225 0.02578125
0 0.31805555555555554 0.56484375 0.043055555555555555 0.03359375
0 0.5541666666666667 0.5546875 0.03888888888888889 0.01875
0 0.625 0.4828125 0.05138888888888889 0.02109375
0 0.9708333333333333 0.47734375 0.029166666666666667 0.01328125
0 0.7388888888888889 0.475 0.043055555555555555 0.01875
0 0.37222222222222223 0.4671875 0.06944444444444445 0.0375
0 0.44583333333333336 0.42890625 0.08472222222222223 0.04453125
0 0.9666666666666667 0.425 0.03333333333333333 0.028125
0 0.6055555555555555 0.4140625 0.030555555555555555 0.02578125
0 0.6416666666666667 0.4109375 0.058333333333333334 0.0296875
0 0.5236111111111111 0.4109375 0.05416666666666667 0.03046875
0 0.09166666666666666 0.31328125 0.06111111111111111 0.02890625
0 0.4666666666666667 0.3015625 0.14305555555555555 0.0640625
0 0.15138888888888888 0.2921875 0.06111111111111111 0.03359375
0 0.5861111111111111 0.27421875 0.09166666666666666 0.06015625
0 0.4888888888888889 0.246875 0.06666666666666667 0.03359375
0 0.4583333333333333 0.21796875 0.029166666666666667 0.02734375
0 0.3375 0.21171875 0.10555555555555556 0.0421875
0 0.49166666666666664 0.1734375 0.08194444444444444 0.03203125
0 0.34444444444444444 0.15 0.06527777777777778 0.03828125
0 0.3888888888888889 0.1078125 0.018055555555555554 0.03046875
0 0.4222222222222222 0.0484375 0.10277777777777777 0.09921875
