0 0.8902777777777777 0.81640625 0.075 0.04609375
0 0.1486111111111111 0.77734375 0.027777777777777776 0.0171875
0 0.015277777777777777 0.7765625 0.029166666666666667 0.01953125
0 0.39305555555555555 0.7171875 0.04861111111111111 0.03515625
0 0.06805555555555555 0.70859375 0.043055555555555555 0.028125
0 0.49166666666666664 0.65625 0.13333333333333333 0.04453125
0 0.36944444444444446 0.653125 0.03333333333333333 0.01484375
0 0.5416666666666666 0.62578125 0.075 0.02890625
0 0.1625 0.60625 0.034722222222222224 0.01953125
0 0.6583333333333333 0.60078125 0.075 0.0390625
0 0.3138888888888889 0.6 0.027777777777777776 0.02109375
0 0.39166666666666666 0.590625 0.05694444444444444 0.02578125
0 0.48055555555555557 0.584375 0.059722222222222225 0.034375
0 0.005555555555555556 0.57109375 0.04861111111111111 0.03203125
0 0.7527777777777778 0.5671875 0.06805555555555555 0.0390625
0 0.6875 0.5515625 0.059722222222222225 0.02734375
0 0.3902777777777778 0.54609375 0.027777777777777776 0.02578125
0 0.30972222222222223 0.54375 0.05277777777777778 0.0265625
0 0.02361111111111111 0.5265625 0.05138888888888889 0.02578125
0 0.08472222222222223 0.51796875 0.04583333333333333 0.03359375
0 0.8083333333333333 0.5125 0.05277777777777778 0.01328125
0 0.10138888888888889 0.48359375 0.09166666666666666 0.04921875
0 0.7347222222222223 0.46015625 0.03333333333333333 0.0375
0 0.55 0.3890625 0.04722222222222222 0.03515625
0 0.44027777777777777 0.3296875 0.044444444444444446 0.0203125
0 0.5138888888888888 0.32578125 0.030555555555555555 0.025
0 0.625 0.3125 0.043055555555555555 0.02109375
0 0.875 0.29765625 0.0625 0.03203125
0 0.4 0.296875 0.05277777777777778 0.0234375
0 0.34444444444444444 0.29140625 0.04861111111111111 0.025
0 0.8083333333333333 0.28203125 0.06527777777777778 0.03125
0 0.4875 0.2484375 0.05 0.01171875
0 0.5138888888888888 0.19609375 0.17083333333333334 0.05078125
0 0.4444444444444444 0.1609375 0.08472222222222223 0.03203125
0 0.5291666666666667 0.1484375 0.11388888888888889 0.0359375
0 0.49166666666666664 0.08984375 0.0625 0.0359375
0 0.5388888888888889 0.05390625 0.10833333333333334 0.05
0 0.5208333333333334 0.00625 0.08055555555555556 0.06015625
