0 0.6527777777777778 0.64296875 0.05416666666666667 0.03359375
0 0.8083333333333333 0.63515625 0.0375 0.02890625
0 0.5555555555555556 0.553125 0.07361111111111111 0.02421875
0 0.9847222222222223 0.54140625 0.015277777777777777 0.02734375
0 0.8083333333333333 0.5390625 0.058333333333333334 0.025
0 0.6430555555555556 0.51875 0.07222222222222222 0.053125
0 0.5541666666666667 0.5140625 0.041666666666666664 0.02421875
0 0.5277777777777778 0.46640625 0.09722222222222222 0.046875
0 0.6236111111111111 0.44296875 0.08194444444444444 0.04765625
0 0.7222222222222222 0.43984375 0.06527777777777778 0.03203125
0 0.5430555555555555 0.42265625 0.07222222222222222 0.0390625
0 0.6111111111111112 0.40625 0.059722222222222225 0.03359375
0 0.575 0.32421875 0.07083333333333333 0.040625
0 0.5666666666666667 0.20234375 0.09722222222222222 0.07421875
0 0.7458333333333333 0.01640625 0.05694444444444444 0.0296875
0 0.8763888888888889 0.0078125 0.08194444444444444 0.0515625
0 0.8361111111111111 0.0015625 0.05555555555555555 0.02734375
