0 0.7583333333333333 0.67578125 0.05 0.025
0 0.46805555555555556 0.66328125 0.019444444444444445 0.0140625
0 0.8333333333333334 0.63203125 0.02638888888888889 0.02265625
0 0.525 0.62109375 0.030555555555555555 0.01796875
0 0.7097222222222223 0.615625 0.059722222222222225 0.0328125
0 0.3013888888888889 0.61484375 0.03194444444444444 0.0171875
0 0.5111111111111111 0.60390625 0.03888888888888889 0.01640625
0 0.39861111111111114 0.5921875 0.03194444444444444 0.0171875
0 0.475 0.5890625 0.027777777777777776 0.01328125
0 0.2638888888888889 0.58828125 0.029166666666666667 0.0140625
0 0.7319444444444444 0.58671875 0.04583333333333333 0.0265625
0 0.65 0.57421875 0.02361111111111111 0.01640625
0 0.8888888888888888 0.571875 0.019444444444444445 0.01171875
0 0.4222222222222222 0.5703125 0.03611111111111111 0.0203125
0 0.9180555555555555 0.56875 0.016666666666666666 0.01015625
0 0.4777777777777778 0.56171875 0.04861111111111111 0.025
0 0.5722222222222222 0.55625 0.05277777777777778 0.0296875
0 0.40555555555555556 0.5453125 0.04583333333333333 0.0234375
0 0.7902777777777777 0.5421875 0.059722222222222225 0.0328125
0 0.4708333333333333 0.5390625 0.019444444444444445 0.0140625
0 0.6597222222222222 0.52890625 0.0375 0.0296875
0 0.8625 0.5203125 0.03888888888888889 0.02265625
0 0.015277777777777777 0.51015625 0.04861111111111111 0.025
0 0.6291666666666667 0.50859375 0.018055555555555554 0.009375
0 0.4305555555555556 0.5 0.05138888888888889 0.0234375
0 0.425 0.49375 0.020833333333333332 0.01484375
0 0.9680555555555556 0.47890625 0.03194444444444444 0.02734375
0 0.9236111111111112 0.46953125 0.03888888888888889 0.01953125
0 0.8611111111111112 0.46953125 0.027777777777777776 0.0125
0 0.7569444444444444 0.46953125 0.05138888888888889 0.0234375
0 0.6930555555555555 0.46328125 0.044444444444444446 0.02265625
0 0.12777777777777777 0.4625 0.034722222222222224 0.01484375
0 0.6111111111111112 0.4515625 0.025 0.00859375
0 0.9125 0.4390625 0.05138888888888889 0.02890625
0 0.6222222222222222 0.40859375 0.029166666666666667 0.01484375
0 0.5055555555555555 0.40390625 0.022222222222222223 0.0125
0 0.85 0.4 0.027777777777777776 0.01484375
0 0.6527777777777778 0.39921875 0.05138888888888889 0.0203125
0 0.9111111111111111 0.39609375 0.029166666666666667 0.0109375
0 0.625 0.3921875 0.03333333333333333 0.01171875
0 0.6166666666666667 0.38046875 0.02361111111111111 0.01171875
0 0.6930555555555555 0.37265625 0.016666666666666666 0.009375
0 0.7125 0.36796875 0.02361111111111111 0.01875
0 0.14027777777777778 0.36484375 0.07916666666666666 0.03828125
0 0.4736111111111111 0.35859375 0.03194444444444444 0.01640625
0 0.5541666666666667 0.35 0.03333333333333333 0.021875
0 0.019444444444444445 0.34765625 0.058333333333333334 0.0453125
0 0.25972222222222224 0.34609375 0.03333333333333333 0.01640625
0 0.3888888888888889 0.34140625 0.029166666666666667 0.0203125
0 0.5166666666666667 0.340625 0.02361111111111111 0.01484375
0 0.9194444444444444 0.33125 0.030555555555555555 0.01640625
0 0.2013888888888889 0.325 0.020833333333333332 0.009375
0 0.36527777777777776 0.3203125 0.03333333333333333 0.01484375
0 0.05416666666666667 0.31796875 0.06666666666666667 0.0265625
0 0.3194444444444444 0.2984375 0.05 0.02734375
0 0.11527777777777778 0.29140625 0.03194444444444444 0.02890625
0 0.8805555555555555 0.28984375 0.02638888888888889 0.01953125
0 0.5083333333333333 0.2890625 0.034722222222222224 0.01640625
0 0.15694444444444444 0.2828125 0.043055555555555555 0.0265625
0 0.3972222222222222 0.25546875 0.03194444444444444 0.01171875
0 0.9472222222222222 0.25390625 0.05138888888888889 0.03046875
0 0.4027777777777778 0.2390625 0.027777777777777776 0.01484375
0 0.9583333333333334 0.2359375 0.029166666666666667 0.0109375
0 0.2152777777777778 0.2359375 0.05277777777777778 0.02578125
0 0.3194444444444444 0.23125 0.029166666666666667 0.0171875
0 0.6083333333333333 0.23046875 0.029166666666666667 0.01796875
0 0.45 0.22890625 0.0375 0.0203125
0 0.5694444444444444 0.21796875 0.03611111111111111 0.015625
0 0.4861111111111111 0.21796875 0.029166666666666667 0.0203125
0 0.7583333333333333 0.2171875 0.034722222222222224 0.01953125
0 0.6847222222222222 0.2125 0.029166666666666667 0.01640625
0 0.3819444444444444 0.2109375 0.027777777777777776 0.02109375
0 0.46111111111111114 0.20390625 0.034722222222222224 0.01953125
0 0.06111111111111111 0.20390625 0.02638888888888889 0.01328125
0 0.4236111111111111 0.203125 0.03611111111111111 0.02109375
0 0.8 0.20078125 0.041666666666666664 0.02109375
0 0.3458333333333333 0.2 0.030555555555555555 0.0171875
0 0.7597222222222222 0.1953125 0.030555555555555555 0.0171875
0 0.85 0.18828125 0.03888888888888889 0.0203125
0 0.7791666666666667 0.18515625 0.04027777777777778 0.015625
0 0.030555555555555555 0.18515625 0.022222222222222223 0.01484375
0 0.7291666666666666 0.1796875 0.03611111111111111 0.02265625
0 0.2 0.1765625 0.04722222222222222 0.02890625
0 0.08194444444444444 0.1765625 0.034722222222222224 0.01484375
0 0.8263888888888888 0.1734375 0.027777777777777776 0.01875
0 0.001388888888888889 0.16875 0.016666666666666666 0.01328125
0 0.6138888888888889 0.16796875 0.027777777777777776 0.01796875
0 0.49027777777777776 0.1671875 0.019444444444444445 0.0140625
0 0.8722222222222222 0.16171875 0.03888888888888889 0.021875
0 0.7888888888888889 0.1609375 0.0375 0.0265625
0 0.6805555555555556 0.16015625 0.041666666666666664 0.0234375
0 0.9513888888888888 0.15078125 0.04027777777777778 0.01953125
0 0.04722222222222222 0.14609375 0.02361111111111111 0.015625
0 0.9180555555555555 0.140625 0.03888888888888889 0.040625
0 0.5805555555555556 0.13984375 0.03888888888888889 0.02109375
0 0.008333333333333333 0.128125 0.030555555555555555 0.01640625
0 0.6694444444444444 0.1203125 0.041666666666666664 0.0265625
0 0.15416666666666667 0.1109375 0.03333333333333333 0.02265625
0 0.22916666666666666 0.10546875 0.03888888888888889 0.02578125
0 0.22083333333333333 0.0859375 0.02638888888888889 0.0234375
0 0.1875 0.07734375 0.04027777777777778 0.02578125
0 0.18472222222222223 0.0671875 0.03333333333333333 0.0109375
0 0.2152777777777778 0.05859375 0.029166666666666667 0.02578125
0 0.1527777777777778 0.0578125 0.025 0.01640625
0 0.12777777777777777 0.04375 0.03194444444444444 0.01796875
0 0.015277777777777777 0.04375 0.03194444444444444 0.01328125
0 0.029166666666666667 0.040625 0.08055555555555556 0.0625
