0 0.7861111111111111 0.71953125 0.03194444444444444 0.02578125
0 0.3972222222222222 0.690625 0.0625 0.03359375
0 0.4486111111111111 0.68828125 0.03194444444444444 0.01484375
0 0.6166666666666667 0.60546875 0.03333333333333333 0.02421875
0 0.6472222222222223 0.584375 0.05416666666666667 0.02265625
0 0.7722222222222223 0.540625 0.022222222222222223 0.01640625
0 0.5236111111111111 0.5328125 0.03888888888888889 0.0265625
0 0.875 0.50390625 0.029166666666666667 0.01875
0 0.3625 0.5015625 0.06111111111111111 0.0265625
0 0.7013888888888888 0.4828125 0.07083333333333333 0.02421875
0 0.8041666666666667 0.46484375 0.05555555555555555 0.0296875
0 0.1986111111111111 0.46171875 0.04027777777777778 0.0171875
0 0.8541666666666666 0.45703125 0.08333333333333333 0.04140625
0 0.10138888888888889 0.44765625 0.034722222222222224 0.0203125
0 0.8805555555555555 0.4296875 0.03888888888888889 0.02109375
0 0.9361111111111111 0.428125 0.029166666666666667 0.0171875
0 0.8430555555555556 0.41953125 0.034722222222222224 0.021875
0 0.08333333333333333 0.41796875 0.04583333333333333 0.02421875
0 0.6055555555555555 0.41640625 0.08055555555555556 0.02890625
0 0.11944444444444445 0.40859375 0.04583333333333333 0.02265625
0 0.14166666666666666 0.36796875 0.044444444444444446 0.02734375
0 0.5958333333333333 0.3625 0.03611111111111111 0.02421875
0 0.05138888888888889 0.33828125 0.04583333333333333 0.02109375
0 0.9777777777777777 0.32734375 0.022222222222222223 0.0265625
0 0.10555555555555556 0.315625 0.020833333333333332 0.01484375
0 0.9291666666666667 0.22421875 0.06805555555555555 0.02734375
0 0.04722222222222222 0.21953125 0.041666666666666664 0.02421875
0 0.4722222222222222 0.203125 0.04722222222222222 0.04609375
0 0.0 0.20234375 0.022222222222222223 0.03515625
0 0.9888888888888889 0.1484375 0.011111111111111112 0.028125
0 0.0625 0.14375 0.0375 0.01953125
0 0.02638888888888889 0.1421875 0.034722222222222224 0.02421875
0 0.4625 0.1125 0.04722222222222222 0.015625
0 0.3972222222222222 0.06328125 0.05277777777777778 0.046875
0 0.33055555555555555 0.05234375 0.04861111111111111 0.03125
