0 0.6208333333333333 0.62734375 0.04861111111111111 0.021875
0 0.47638888888888886 0.61484375 0.05138888888888889 0.0265625
0 0.33194444444444443 0.60234375 0.05416666666666667 0.02734375
0 0.35833333333333334 0.58203125 0.027777777777777776 0.01171875
0 0.7 0.53671875 0.04861111111111111 0.0265625
0 0.35694444444444445 0.5328125 0.05 0.03046875
0 0.6 0.50625 0.07222222222222222 0.0359375
0 0.5097222222222222 0.50390625 0.05416666666666667 0.02734375
0 0.7013888888888888 0.4890625 0.030555555555555555 0.0234375
0 0.0375 0.48828125 0.04583333333333333 0.0265625
0 0.25277777777777777 0.46015625 0.03194444444444444 0.0171875
0 0.7625 0.459375 0.04722222222222222 0.025
0 0.6611111111111111 0.446875 0.04027777777777778 0.01640625
0 0.22361111111111112 0.4453125 0.034722222222222224 0.01875
0 0.6305555555555555 0.34375 0.03333333333333333 0.01484375
0 0.6138888888888889 0.27265625 0.06111111111111111 0.04140625
0 0.45 0.13125 0.06944444444444445 0.03828125
