0 0.3888888888888889 0.59765625 0.030555555555555555 0.0234375
0 0.9125 0.584375 0.043055555555555555 0.02421875
0 0.44722222222222224 0.5703125 0.020833333333333332 0.0140625
0 0.6388888888888888 0.55859375 0.03333333333333333 0.02109375
0 0.6777777777777778 0.553125 0.03194444444444444 0.01875
0 0.7958333333333333 0.55078125 0.022222222222222223 0.01328125
0 0.44583333333333336 0.54921875 0.03611111111111111 0.0203125
0 0.9333333333333333 0.53828125 0.03611111111111111 0.0140625
0 0.4875 0.53046875 0.05138888888888889 0.0390625
0 0.5430555555555555 0.5078125 0.019444444444444445 0.0171875
0 0.5791666666666667 0.50234375 0.027777777777777776 0.01640625
0 0.6 0.4859375 0.03333333333333333 0.03203125
0 0.12638888888888888 0.4328125 0.03611111111111111 0.0171875
0 0.6416666666666667 0.396875 0.022222222222222223 0.01328125
0 0.33611111111111114 0.38671875 0.019444444444444445 0.015625
0 0.44722222222222224 0.37734375 0.027777777777777776 0.01171875
0 0.1375 0.36640625 0.04583333333333333 0.0265625
0 0.5319444444444444 0.35859375 0.029166666666666667 0.01015625
0 0.8180555555555555 0.3421875 0.059722222222222225 0.03125
0 0.5208333333333334 0.3015625 0.0375 0.01484375
0 0.5944444444444444 0.29765625 0.04583333333333333 0.0203125
0 0.5625 0.278125 0.034722222222222224 0.01796875
0 0.4097222222222222 0.2625 0.06944444444444445 0.03515625
0 0.6194444444444445 0.2609375 0.04583333333333333 0.021875
0 0.7958333333333333 0.25703125 0.03194444444444444 0.0125
0 0.4361111111111111 0.23515625 0.04722222222222222 0.02265625
0 0.49027777777777776 0.234375 0.07916666666666666 0.02890625
0 0.5708333333333333 0.2140625 0.043055555555555555 0.01875
0 0.3347222222222222 0.2046875 0.041666666666666664 0.01875
0 0.5222222222222223 0.19921875 0.044444444444444446 0.02265625
0 0.3611111111111111 0.16953125 0.02638888888888889 0.0140625
0 0.4361111111111111 0.146875 0.04027777777777778 0.0296875
