0 0.10138888888888889 0.715625 0.05138888888888889 0.02890625
0 0.5569444444444445 0.71328125 0.025 0.0125
0 0.034722222222222224 0.6953125 0.07361111111111111 0.03984375
0 0.7708333333333334 0.6640625 0.05138888888888889 0.02421875
0 0.11805555555555555 0.65390625 0.13333333333333333 0.05390625
0 0.02361111111111111 0.6453125 0.07361111111111111 0.03125
0 0.8527777777777777 0.625 0.058333333333333334 0.03125
0 0.4305555555555556 0.60625 0.041666666666666664 0.0296875
0 0.2513888888888889 0.60546875 0.04722222222222222 0.015625
0 0.4708333333333333 0.5953125 0.08472222222222223 0.03671875
0 0.08888888888888889 0.5546875 0.0375 0.01953125
0 0.14444444444444443 0.5515625 0.03888888888888889 0.01484375
0 0.025 0.5484375 0.04027777777777778 0.01328125
0 0.5444444444444444 0.53984375 0.13472222222222222 0.053125
0 0.13055555555555556 0.52734375 0.044444444444444446 0.02421875
0 0.8847222222222222 0.52265625 0.09027777777777778 0.04609375
0 0.9805555555555555 0.5078125 0.019444444444444445 0.040625
0 0.3611111111111111 0.5078125 0.1486111111111111 0.04609375
0 0.2875 0.49296875 0.04722222222222222 0.02421875
0 0.7347222222222223 0.49140625 0.058333333333333334 0.01875
0 0.3611111111111111 0.48671875 0.03194444444444444 0.0203125
0 0.20972222222222223 0.47578125 0.043055555555555555 0.025
0 0.5736111111111111 0.46875 0.043055555555555555 0.021875
0 0.07361111111111111 0.46640625 0.0375 0.021875
0 0.2222222222222222 0.44921875 0.02638888888888889 0.01328125
0 0.7458333333333333 0.44609375 0.03888888888888889 0.02265625
0 0.9013888888888889 0.44140625 0.05138888888888889 0.02421875
0 0.05277777777777778 0.4375 0.0375 0.01640625
0 0.10138888888888889 0.43203125 0.08888888888888889 0.04375
0 0.1625 0.41953125 0.03888888888888889 0.02265625
0 0.7625 0.40625 0.041666666666666664 0.02109375
0 0.8888888888888888 0.40546875 0.05 0.02734375
0 0.6625 0.3984375 0.04027777777777778 0.02421875
0 0.8388888888888889 0.37109375 0.06666666666666667 0.0203125
0 0.26805555555555555 0.34296875 0.018055555555555554 0.01171875
0 0.15694444444444444 0.3359375 0.025 0.01015625
0 0.08194444444444444 0.33515625 0.016666666666666666 0.01171875
0 0.0375 0.328125 0.019444444444444445 0.0125
0 0.24583333333333332 0.32578125 0.022222222222222223 0.01953125
0 0.8527777777777777 0.31953125 0.041666666666666664 0.028125
0 0.30833333333333335 0.3171875 0.020833333333333332 0.01015625
0 0.15 0.315625 0.020833333333333332 0.0140625
0 0.28194444444444444 0.31484375 0.019444444444444445 0.009375
0 0.19027777777777777 0.31328125 0.019444444444444445 0.01015625
0 0.22083333333333333 0.31171875 0.03194444444444444 0.01875
0 0.32222222222222224 0.29765625 0.016666666666666666 0.01015625
0 0.6888888888888889 0.29375 0.02638888888888889 0.0140625
0 0.2847222222222222 0.2875 0.013888888888888888 0.01171875
0 0.4861111111111111 0.28125 0.044444444444444446 0.02109375
0 0.20555555555555555 0.27890625 0.025 0.0171875
0 0.03888888888888889 0.27890625 0.027777777777777776 0.01953125
0 0.43194444444444446 0.27109375 0.03333333333333333 0.01796875
0 0.31805555555555554 0.2703125 0.018055555555555554 0.0109375
0 0.38472222222222224 0.2671875 0.0375 0.01875
0 0.1361111111111111 0.26640625 0.02638888888888889 0.01875
0 0.5972222222222222 0.265625 0.03888888888888889 0.02578125
0 0.05416666666666667 0.2640625 0.034722222222222224 0.015625
0 0.5041666666666667 0.24296875 0.03888888888888889 0.028125
0 0.16805555555555557 0.23359375 0.058333333333333334 0.01953125
0 0.6472222222222223 0.2328125 0.034722222222222224 0.01953125
0 0.1388888888888889 0.23203125 0.018055555555555554 0.0078125
0 0.6861111111111111 0.22578125 0.030555555555555555 0.0171875
0 0.125 0.22578125 0.013888888888888888 0.009375
0 0.12361111111111112 0.2046875 0.019444444444444445 0.00859375
0 0.35 0.19375 0.14583333333333334 0.06484375
0 0.47638888888888886 0.1921875 0.02361111111111111 0.0203125
0 0.41944444444444445 0.17890625 0.03611111111111111 0.021875
0 0.08194444444444444 0.1328125 0.04027777777777778 0.028125
