0 0.08888888888888889 0.56015625 0.043055555555555555 0.01953125
0 0.20694444444444443 0.54375 0.03194444444444444 0.015625
0 0.1638888888888889 0.5421875 0.030555555555555555 0.021875
0 0.4305555555555556 0.5234375 0.044444444444444446 0.0125
0 0.8833333333333333 0.51328125 0.04861111111111111 0.04140625
0 0.8583333333333333 0.4875 0.041666666666666664 0.0203125
0 0.4027777777777778 0.4734375 0.05277777777777778 0.0296875
0 0.7638888888888888 0.4453125 0.04861111111111111 0.02265625
0 0.6083333333333333 0.4359375 0.02638888888888889 0.0203125
0 0.8166666666666667 0.43515625 0.04722222222222222 0.0265625
0 0.65 0.43515625 0.034722222222222224 0.0171875
0 0.1986111111111111 0.4171875 0.04722222222222222 0.03046875
0 0.21944444444444444 0.371875 0.0375 0.02578125
0 0.45 0.34765625 0.05277777777777778 0.028125
0 0.6194444444444445 0.3265625 0.029166666666666667 0.02578125
0 0.5777777777777777 0.25390625 0.02638888888888889 0.015625
0 0.39861111111111114 0.13125 0.06111111111111111 0.03046875
