0 0.5458333333333333 0.55234375 0.058333333333333334 0.04140625
0 0.3263888888888889 0.51640625 0.020833333333333332 0.021875
0 0.5305555555555556 0.50625 0.06527777777777778 0.02421875
0 0.8902777777777777 0.496875 0.030555555555555555 0.021875
0 0.6069444444444444 0.490625 0.041666666666666664 0.0203125
0 0.32916666666666666 0.45546875 0.020833333333333332 0.0109375
0 0.5125 0.44921875 0.02361111111111111 0.01484375
0 0.36944444444444446 0.44921875 0.025 0.0125
0 0.925 0.4421875 0.03194444444444444 0.015625
0 0.4861111111111111 0.4234375 0.04027777777777778 0.01484375
0 0.5861111111111111 0.4109375 0.02638888888888889 0.01640625
0 0.9277777777777778 0.4015625 0.022222222222222223 0.0125
0 0.8986111111111111 0.39609375 0.02638888888888889 0.01328125
0 0.2152777777777778 0.38984375 0.029166666666666667 0.01484375
0 0.35138888888888886 0.37421875 0.02638888888888889 0.01875
0 0.9541666666666667 0.37265625 0.03333333333333333 0.01875
0 0.8138888888888889 0.36796875 0.04583333333333333 0.021875
0 0.002777777777777778 0.36484375 0.02361111111111111 0.0109375
0 0.044444444444444446 0.36171875 0.020833333333333332 0.015625
0 0.7333333333333333 0.36015625 0.030555555555555555 0.015625
0 0.04722222222222222 0.34765625 0.020833333333333332 0.0140625
0 0.2638888888888889 0.3453125 0.04861111111111111 0.01484375
0 0.6444444444444445 0.34375 0.027777777777777776 0.0171875
0 0.7944444444444444 0.3390625 0.04027777777777778 0.03125
0 0.7027777777777777 0.3390625 0.06666666666666667 0.015625
0 0.09305555555555556 0.3390625 0.030555555555555555 0.01484375
0 0.8388888888888889 0.3375 0.03611111111111111 0.02578125
0 0.5986111111111111 0.33671875 0.02361111111111111 0.01875
0 0.3638888888888889 0.32421875 0.0375 0.021875
0 0.1763888888888889 0.3234375 0.034722222222222224 0.01796875
0 0.6736111111111112 0.3171875 0.034722222222222224 0.02421875
0 0.7486111111111111 0.3109375 0.03888888888888889 0.01875
0 0.8083333333333333 0.29609375 0.03888888888888889 0.01796875
0 0.47638888888888886 0.2828125 0.06805555555555555 0.02421875
0 0.48194444444444445 0.2625 0.04027777777777778 0.02578125
0 0.5875 0.25625 0.034722222222222224 0.0234375
0 0.7194444444444444 0.2109375 0.03194444444444444 0.021875
0 0.5694444444444444 0.19140625 0.043055555555555555 0.02265625
0 0.43194444444444446 0.15625 0.04027777777777778 0.015625
