0 0.6416666666666667 0.94140625 0.0763888888888889 0.04140625
0 0.09166666666666666 0.91875 0.029166666666666667 0.015625
0 0.6597222222222222 0.85078125 0.05555555555555555 0.03203125
0 0.875 0.79609375 0.013888888888888888 0.01875
0 0.09722222222222222 0.7796875 0.04583333333333333 0.0265625
0 0.7027777777777777 0.76640625 0.04861111111111111 0.02890625
0 0.6013888888888889 0.75703125 0.043055555555555555 0.0328125
0 0.013888888888888888 0.75703125 0.03611111111111111 0.01640625
0 0.5861111111111111 0.70390625 0.05 0.02890625
0 0.25277777777777777 0.68359375 0.05555555555555555 0.02890625
0 0.15694444444444444 0.65078125 0.02638888888888889 0.0203125
0 0.19722222222222222 0.6484375 0.04027777777777778 0.02109375
0 0.8416666666666667 0.646875 0.025 0.0109375
0 0.5513888888888889 0.6453125 0.03611111111111111 0.01875
0 0.40555555555555556 0.6109375 0.044444444444444446 0.01953125
0 0.35138888888888886 0.56953125 0.04027777777777778 0.0203125
0 0.2 0.5578125 0.04722222222222222 0.0171875
0 0.9444444444444444 0.55078125 0.041666666666666664 0.01796875
0 0.6041666666666666 0.54140625 0.034722222222222224 0.01796875
0 0.49166666666666664 0.5390625 0.029166666666666667 0.0171875
0 0.7402777777777778 0.52734375 0.030555555555555555 0.01875
0 0.44722222222222224 0.525 0.030555555555555555 0.01953125
0 0.6916666666666667 0.5234375 0.03611111111111111 0.0140625
0 0.5666666666666667 0.5234375 0.019444444444444445 0.01640625
0 0.08611111111111111 0.5234375 0.04027777777777778 0.021875
0 0.28888888888888886 0.521875 0.029166666666666667 0.01640625
0 0.24583333333333332 0.49453125 0.044444444444444446 0.01953125
0 0.36666666666666664 0.4734375 0.03194444444444444 0.0171875
0 0.3111111111111111 0.4734375 0.041666666666666664 0.02265625
0 0.34305555555555556 0.46015625 0.03194444444444444 0.0171875
0 0.26805555555555555 0.4546875 0.034722222222222224 0.021875
0 0.6652777777777777 0.4515625 0.04722222222222222 0.02578125
0 0.2763888888888889 0.42890625 0.043055555555555555 0.015625
0 0.6708333333333333 0.38828125 0.022222222222222223 0.01328125
0 0.3347222222222222 0.37578125 0.043055555555555555 0.02578125
0 0.5736111111111111 0.371875 0.03611111111111111 0.02109375
0 0.44027777777777777 0.36953125 0.029166666666666667 0.0203125
0 0.48055555555555557 0.36328125 0.07361111111111111 0.04453125
0 0.41944444444444445 0.35390625 0.02361111111111111 0.015625
0 0.46944444444444444 0.33203125 0.020833333333333332 0.02109375
0 0.6583333333333333 0.328125 0.04583333333333333 0.02578125
0 0.4527777777777778 0.30703125 0.030555555555555555 0.0171875
0 0.5680555555555555 0.2984375 0.03888888888888889 0.02265625
0 0.6222222222222222 0.29375 0.04583333333333333 0.0296875
0 0.35138888888888886 0.290625 0.05555555555555555 0.02109375
0 0.44166666666666665 0.2875 0.016666666666666666 0.0125
0 0.5041666666666667 0.27109375 0.05277777777777778 0.0421875
0 0.4222222222222222 0.26875 0.022222222222222223 0.01171875
0 0.33194444444444443 0.26640625 0.04722222222222222 0.025
0 0.5430555555555555 0.26484375 0.029166666666666667 0.01640625
0 0.5 0.23046875 0.03333333333333333 0.02109375
0 0.3902777777777778 0.2296875 0.06805555555555555 0.02109375
0 0.44722222222222224 0.2078125 0.03611111111111111 0.03203125
0 0.35833333333333334 0.20234375 0.0763888888888889 0.0265625
0 0.5625 0.17578125 0.04583333333333333 0.02578125
0 0.37777777777777777 0.16953125 0.07777777777777778 0.02890625
0 0.475 0.14765625 0.0625 0.03515625
0 0.4638888888888889 0.0953125 0.04027777777777778 0.02265625
0 0.5194444444444445 0.071875 0.043055555555555555 0.021875
