0 0.5486111111111112 0.703125 0.041666666666666664 0.01875
0 0.7027777777777777 0.6921875 0.058333333333333334 0.03125
0 0.6652777777777777 0.65703125 0.06111111111111111 0.0375
0 0.20972222222222223 0.58515625 0.0875 0.0546875
0 0.925 0.55703125 0.05555555555555555 0.02734375
0 0.6680555555555555 0.53203125 0.044444444444444446 0.0234375
0 0.6222222222222222 0.52421875 0.041666666666666664 0.028125
0 0.8902777777777777 0.51875 0.04861111111111111 0.021875
0 0.9291666666666667 0.5015625 0.03888888888888889 0.025
0 0.9819444444444444 0.475 0.018055555555555554 0.0234375
0 0.6958333333333333 0.45859375 0.05138888888888889 0.02578125
0 0.8791666666666667 0.43671875 0.05277777777777778 0.0296875
0 0.7402777777777778 0.4234375 0.04583333333333333 0.01953125
0 0.7930555555555555 0.3921875 0.05416666666666667 0.0296875
0 0.5805555555555556 0.3640625 0.022222222222222223 0.01640625
0 0.6194444444444445 0.36015625 0.018055555555555554 0.009375
0 0.8972222222222223 0.3546875 0.10138888888888889 0.03359375
0 0.9125 0.303125 0.030555555555555555 0.01875
0 0.6944444444444444 0.2984375 0.029166666666666667 0.01484375
0 0.9083333333333333 0.27734375 0.043055555555555555 0.0171875
0 0.7527777777777778 0.2765625 0.04861111111111111 0.025
0 0.7097222222222223 0.26484375 0.0375 0.015625
0 0.8069444444444445 0.2625 0.04027777777777778 0.02890625
0 0.7736111111111111 0.24765625 0.04027777777777778 0.01640625
0 0.7319444444444444 0.190625 0.04861111111111111 0.02109375
0 0.7361111111111112 0.16640625 0.12361111111111112 0.07890625
0 0.9222222222222223 0.165625 0.05416666666666667 0.0234375
0 0.9180555555555555 0.14296875 0.03194444444444444 0.0109375
0 0.8319444444444445 0.05546875 0.044444444444444446 0.03203125
0 0.7555555555555555 0.02578125 0.027777777777777776 0.01171875
0 0.7597222222222222 0.00078125 0.018055555555555554 0.0109375
