0 0.49166666666666664 0.728125 0.04861111111111111 0.015625
0 0.6333333333333333 0.6703125 0.018055555555555554 0.01953125
0 0.9416666666666667 0.66875 0.02638888888888889 0.021875
0 0.7944444444444444 0.66015625 0.03611111111111111 0.0171875
0 0.8861111111111111 0.6578125 0.043055555555555555 0.0203125
0 0.9333333333333333 0.6515625 0.03611111111111111 0.01484375
0 0.28194444444444444 0.64140625 0.044444444444444446 0.02578125
0 0.8638888888888889 0.62578125 0.041666666666666664 0.0140625
0 0.8222222222222222 0.615625 0.022222222222222223 0.0140625
0 0.6847222222222222 0.603125 0.019444444444444445 0.0234375
0 0.25277777777777777 0.590625 0.09722222222222222 0.04140625
0 0.9097222222222222 0.55546875 0.029166666666666667 0.0125
0 0.2722222222222222 0.5390625 0.07222222222222222 0.01875
0 0.0763888888888889 0.53046875 0.034722222222222224 0.01640625
0 0.11944444444444445 0.51640625 0.02361111111111111 0.0125
0 0.12083333333333333 0.48046875 0.027777777777777776 0.021875
0 0.33194444444444443 0.4484375 0.041666666666666664 0.0203125
0 0.5027777777777778 0.44140625 0.043055555555555555 0.0234375
0 0.18333333333333332 0.43828125 0.025 0.0140625
0 0.24166666666666667 0.4359375 0.030555555555555555 0.0265625
0 0.5527777777777778 0.42109375 0.029166666666666667 0.021875
0 0.3194444444444444 0.41640625 0.04861111111111111 0.02578125
0 0.7111111111111111 0.41328125 0.043055555555555555 0.0296875
0 0.6486111111111111 0.4 0.022222222222222223 0.01484375
0 0.6083333333333333 0.38984375 0.030555555555555555 0.01171875
0 0.6611111111111111 0.384375 0.034722222222222224 0.02265625
0 0.3013888888888889 0.34765625 0.06666666666666667 0.01953125
0 0.9972222222222222 0.33515625 0.002777777777777778 0.00703125
0 0.5111111111111111 0.1828125 0.04722222222222222 0.02890625
