0 0.9041666666666667 0.7109375 0.034722222222222224 0.0171875
0 0.9125 0.68984375 0.041666666666666664 0.01484375
0 0.7041666666666667 0.5984375 0.05694444444444444 0.0328125
0 0.4263888888888889 0.56484375 0.043055555555555555 0.03984375
0 0.4708333333333333 0.5578125 0.09027777777777778 0.05390625
0 0.975 0.5140625 0.025 0.02734375
0 0.5513888888888889 0.50078125 0.04722222222222222 0.0390625
0 0.8680555555555556 0.46640625 0.041666666666666664 0.03515625
0 0.6694444444444444 0.409375 0.03333333333333333 0.0171875
0 0.6236111111111111 0.40078125 0.002777777777777778 0.0015625
0 0.6625 0.39453125 0.030555555555555555 0.009375
0 0.39861111111111114 0.38984375 0.03194444444444444 0.02421875
0 0.9472222222222222 0.32265625 0.04583333333333333 0.0171875
0 0.20833333333333334 0.3109375 0.043055555555555555 0.0359375
0 0.42777777777777776 0.2984375 0.06111111111111111 0.03046875
0 0.4388888888888889 0.2796875 0.029166666666666667 0.01640625
0 0.4777777777777778 0.275 0.027777777777777776 0.01875
0 0.6319444444444444 0.2703125 0.05138888888888889 0.0234375
0 0.45694444444444443 0.2546875 0.0375 0.02109375
0 0.5027777777777778 0.25234375 0.034722222222222224 0.02421875
0 0.6722222222222223 0.2390625 0.029166666666666667 0.01640625
0 0.6166666666666667 0.2390625 0.04027777777777778 0.02109375
0 0.7138888888888889 0.23828125 0.06388888888888888 0.025
0 0.5625 0.20078125 0.07083333333333333 0.03046875
0 0.3888888888888889 0.17578125 0.058333333333333334 0.02890625
0 0.5291666666666667 0.08515625 0.05416666666666667 0.04375
