0 0.5986111111111111 0.715625 0.041666666666666664 0.0203125
0 0.0 0.64921875 0.016666666666666666 0.0109375
0 0.027777777777777776 0.646875 0.034722222222222224 0.01484375
0 0.3013888888888889 0.63125 0.058333333333333334 0.03515625
0 0.13055555555555556 0.61171875 0.05694444444444444 0.05
0 0.8722222222222222 0.59375 0.03333333333333333 0.015625
0 0.20555555555555555 0.57265625 0.04861111111111111 0.0140625
0 0.6208333333333333 0.56640625 0.04027777777777778 0.021875
0 0.8583333333333333 0.54765625 0.034722222222222224 0.015625
0 0.48194444444444445 0.54453125 0.044444444444444446 0.0265625
0 0.8763888888888889 0.53046875 0.029166666666666667 0.01328125
0 0.4152777777777778 0.52890625 0.04861111111111111 0.02890625
0 0.31527777777777777 0.49609375 0.03888888888888889 0.02421875
0 0.4666666666666667 0.48984375 0.044444444444444446 0.01796875
0 0.3972222222222222 0.48828125 0.02638888888888889 0.0125
0 0.5972222222222222 0.44921875 0.05 0.01953125
0 0.7055555555555556 0.425 0.022222222222222223 0.01640625
0 0.38472222222222224 0.421875 0.02638888888888889 0.0140625
0 0.8055555555555556 0.40703125 0.03194444444444444 0.0203125
0 0.5083333333333333 0.40703125 0.04722222222222222 0.01953125
0 0.8958333333333334 0.3953125 0.03333333333333333 0.02109375
0 0.24583333333333332 0.39140625 0.025 0.015625
0 0.07777777777777778 0.38515625 0.02638888888888889 0.02265625
0 0.6305555555555555 0.37265625 0.034722222222222224 0.015625
0 0.7444444444444445 0.371875 0.04027777777777778 0.02109375
0 0.5847222222222223 0.3546875 0.04027777777777778 0.025
0 0.9027777777777778 0.353125 0.044444444444444446 0.03359375
0 0.14166666666666666 0.35234375 0.05416666666666667 0.0265625
0 0.6986111111111111 0.3515625 0.02361111111111111 0.01796875
0 0.2263888888888889 0.34140625 0.043055555555555555 0.01953125
0 0.8513888888888889 0.3390625 0.05277777777777778 0.03203125
0 0.5708333333333333 0.32890625 0.025 0.0171875
0 0.6111111111111112 0.3171875 0.02638888888888889 0.01171875
0 0.8263888888888888 0.27578125 0.05416666666666667 0.03125
0 0.42777777777777776 0.2734375 0.07222222222222222 0.05
0 0.4263888888888889 0.24765625 0.019444444444444445 0.01484375
0 0.6652777777777777 0.24453125 0.0375 0.01875
0 0.8291666666666667 0.19921875 0.034722222222222224 0.01953125
0 0.7930555555555555 0.18515625 0.03194444444444444 0.025
0 0.4527777777777778 0.18046875 0.05138888888888889 0.03046875
0 0.5805555555555556 0.1765625 0.030555555555555555 0.025
0 0.6291666666666667 0.16875 0.09305555555555556 0.05234375
0 0.49444444444444446 0.1390625 0.020833333333333332 0.0140625
0 0.825 0.13671875 0.059722222222222225 0.0328125
0 0.5375 0.134375 0.05416666666666667 0.04765625
0 0.5361111111111111 0.1 0.04027777777777778 0.02890625
0 0.7902777777777777 0.09453125 0.05138888888888889 0.03359375
0 0.7347222222222223 0.09375 0.04722222222222222 0.02890625
0 0.6444444444444445 0.06328125 0.075 0.04921875
0 0.45555555555555555 0.04375 0.08888888888888889 0.065625
0 0.4777777777777778 0.015625 0.03333333333333333 0.0125
0 0.5013888888888889 0.00859375 0.04861111111111111 0.015625
0 0.5569444444444445 0.00078125 0.04722222222222222 0.01015625
0 0.49166666666666664 0.0 0.02638888888888889 0.0046875
