0 0.6 0.816015625 0.05 0.03671875
0 0.6013888888888889 0.747265625 0.041666666666666664 0.01796875
0 0.4166666666666667 0.737890625 0.022222222222222223 0.02265625
0 0.5111111111111111 0.704296875 0.019444444444444445 0.01015625
0 0.4013888888888889 0.708203125 0.044444444444444446 0.03046875
0 0.6534722222222222 0.6421875 0.020833333333333332 0.0171875
0 0.6909722222222222 0.6171875 0.034722222222222224 0.0140625
0 0.8138888888888889 0.615625 0.03888888888888889 0.025
0 0.5395833333333333 0.61015625 0.043055555555555555 0.021875
0 0.4791666666666667 0.59609375 0.03333333333333333 0.0125
0 0.6368055555555555 0.58984375 0.04027777777777778 0.0171875
0 0.7041666666666667 0.562890625 0.03611111111111111 0.01953125
0 0.6569444444444444 0.549609375 0.025 0.02109375
0 0.63125 0.53203125 0.034722222222222224 0.015625
0 0.7194444444444444 0.522265625 0.041666666666666664 0.02265625
0 0.44166666666666665 0.536328125 0.05555555555555555 0.06328125
0 0.6923611111111111 0.508203125 0.0375 0.01796875
0 0.5895833333333333 0.4984375 0.02638888888888889 0.0171875
0 0.2298611111111111 0.496484375 0.029166666666666667 0.01640625
0 0.39166666666666666 0.483984375 0.06111111111111111 0.02578125
0 0.5083333333333333 0.476171875 0.030555555555555555 0.02109375
0 0.3104166666666667 0.476953125 0.043055555555555555 0.02890625
0 0.5458333333333333 0.46875 0.044444444444444446 0.025
0 0.32430555555555557 0.449609375 0.04861111111111111 0.01953125
0 0.4375 0.450390625 0.044444444444444446 0.02578125
0 0.6090277777777777 0.43515625 0.043055555555555555 0.028125
0 0.5048611111111111 0.423046875 0.0375 0.02421875
0 0.3472222222222222 0.40859375 0.025 0.01875
0 0.4986111111111111 0.395703125 0.06944444444444445 0.03046875
0 0.3277777777777778 0.390234375 0.04722222222222222 0.02265625
0 0.3729166666666667 0.37734375 0.05138888888888889 0.0265625
0 0.4340277777777778 0.34921875 0.02361111111111111 0.0125
0 0.39861111111111114 0.346875 0.041666666666666664 0.025
0 0.5208333333333334 0.3390625 0.03333333333333333 0.01875
0 0.37430555555555556 0.312890625 0.04027777777777778 0.02734375
0 0.5506944444444445 0.31171875 0.043055555555555555 0.028125
0 0.44027777777777777 0.31015625 0.05555555555555555 0.03125
0 0.4444444444444444 0.269140625 0.075 0.03203125
0 0.5326388888888889 0.26015625 0.043055555555555555 0.021875
0 0.4166666666666667 0.2265625 0.019444444444444445 0.0140625
0 0.4340277777777778 0.22109375 0.018055555555555554 0.009375
0 0.38472222222222224 0.205859375 0.019444444444444445 0.01015625
0 0.46319444444444446 0.2046875 0.0375 0.028125
0 0.5444444444444444 0.183984375 0.044444444444444446 0.02421875
