0 0.39305555555555555 0.521875 0.05555555555555555 0.03984375
0 0.16944444444444445 0.49765625 0.02361111111111111 0.01640625
0 0.41805555555555557 0.4875 0.025 0.01796875
0 0.3527777777777778 0.48515625 0.02638888888888889 0.0140625
0 0.7222222222222222 0.4703125 0.034722222222222224 0.01796875
0 0.4027777777777778 0.46640625 0.0625 0.03203125
0 0.6527777777777778 0.459375 0.03611111111111111 0.015625
0 0.2902777777777778 0.43671875 0.027777777777777776 0.01328125
0 0.26666666666666666 0.42890625 0.018055555555555554 0.01484375
0 0.23055555555555557 0.42890625 0.030555555555555555 0.0171875
0 0.7305555555555555 0.41328125 0.029166666666666667 0.01953125
0 0.5388888888888889 0.41328125 0.020833333333333332 0.009375
0 0.09305555555555556 0.378125 0.02638888888888889 0.01015625
0 0.7430555555555556 0.3734375 0.03888888888888889 0.01796875
0 0.22916666666666666 0.36328125 0.025 0.0140625
0 0.7694444444444445 0.34921875 0.03333333333333333 0.01796875
0 0.6458333333333334 0.34609375 0.04027777777777778 0.0234375
0 0.5875 0.3421875 0.022222222222222223 0.0171875
0 0.17083333333333334 0.33359375 0.04027777777777778 0.01484375
0 0.001388888888888889 0.3296875 0.02638888888888889 0.015625
0 0.6180555555555556 0.3234375 0.03194444444444444 0.015625
0 0.4847222222222222 0.3234375 0.0125 0.01328125
0 0.5569444444444445 0.32265625 0.029166666666666667 0.01484375
0 0.6652777777777777 0.3171875 0.03333333333333333 0.02421875
0 0.22777777777777777 0.31328125 0.034722222222222224 0.02265625
0 0.075 0.3125 0.030555555555555555 0.01796875
0 0.5263888888888889 0.30390625 0.04027777777777778 0.025
0 0.0 0.30234375 0.022222222222222223 0.01796875
0 0.5777777777777777 0.29609375 0.0375 0.0171875
0 0.31805555555555554 0.2734375 0.022222222222222223 0.015625
0 0.34305555555555556 0.27265625 0.03888888888888889 0.0203125
0 0.31805555555555554 0.25234375 0.034722222222222224 0.025
0 0.44305555555555554 0.24921875 0.025 0.01953125
0 0.5444444444444444 0.20234375 0.03194444444444444 0.01796875
0 0.4097222222222222 0.1828125 0.0375 0.025
0 0.3138888888888889 0.159375 0.029166666666666667 0.01953125
