0 0.7805555555555556 0.81015625 0.019444444444444445 0.021875
0 0.9347222222222222 0.77109375 0.04583333333333333 0.02734375
0 0.30416666666666664 0.7390625 0.029166666666666667 0.02265625
0 0.25555555555555554 0.73828125 0.04583333333333333 0.025
0 0.20277777777777778 0.72734375 0.05 0.03046875
0 0.7125 0.71796875 0.04722222222222222 0.01953125
0 0.1638888888888889 0.7078125 0.05555555555555555 0.0234375
0 0.7625 0.690625 0.008333333333333333 0.01171875
0 0.6194444444444445 0.68359375 0.019444444444444445 0.021875
0 0.3138888888888889 0.6703125 0.041666666666666664 0.0203125
0 0.7361111111111112 0.63046875 0.029166666666666667 0.0109375
0 0.5652777777777778 0.615625 0.013888888888888888 0.01328125
0 0.2652777777777778 0.5796875 0.04027777777777778 0.02109375
0 0.22777777777777777 0.571875 0.03888888888888889 0.02578125
0 0.6416666666666667 0.57109375 0.029166666666666667 0.0171875
0 0.6041666666666666 0.5375 0.041666666666666664 0.03203125
0 0.32222222222222224 0.5203125 0.03611111111111111 0.0109375
0 0.5444444444444444 0.50859375 0.05 0.071875
0 0.5958333333333333 0.48203125 0.034722222222222224 0.03515625
0 0.36944444444444446 0.47421875 0.041666666666666664 0.02109375
0 0.3611111111111111 0.45546875 0.025 0.00703125
0 0.4041666666666667 0.4515625 0.043055555555555555 0.025
0 0.5986111111111111 0.42890625 0.04027777777777778 0.02734375
0 0.5208333333333334 0.4265625 0.041666666666666664 0.01796875
0 0.225 0.4203125 0.029166666666666667 0.01796875
0 0.6347222222222222 0.40703125 0.03611111111111111 0.02578125
0 0.5902777777777778 0.396875 0.029166666666666667 0.01796875
0 0.6444444444444445 0.390625 0.025 0.015625
0 0.5569444444444445 0.36171875 0.06944444444444445 0.0234375
0 0.3638888888888889 0.35546875 0.02638888888888889 0.0171875
0 0.4125 0.34375 0.03333333333333333 0.021875
0 0.5722222222222222 0.34296875 0.04027777777777778 0.01875
0 0.33611111111111114 0.334375 0.029166666666666667 0.01171875
0 0.4388888888888889 0.32890625 0.04861111111111111 0.0234375
0 0.4388888888888889 0.3109375 0.03888888888888889 0.0125
0 0.6555555555555556 0.2828125 0.03194444444444444 0.02578125
0 0.4041666666666667 0.27890625 0.05138888888888889 0.0296875
0 0.40555555555555556 0.25859375 0.041666666666666664 0.01953125
0 0.5708333333333333 0.24140625 0.0375 0.02109375
0 0.43333333333333335 0.23984375 0.05277777777777778 0.04296875
0 0.47638888888888886 0.1328125 0.04861111111111111 0.03046875
0 0.4388888888888889 0.07890625 0.05 0.0203125
