0 0.2125 0.93125 0.05277777777777778 0.03125
0 0.8777777777777778 0.8609375 0.06527777777777778 0.03046875
0 0.8041666666666667 0.82734375 0.059722222222222225 0.028125
0 0.24861111111111112 0.81640625 0.13055555555555556 0.05859375
0 0.49166666666666664 0.8109375 0.029166666666666667 0.03203125
0 0.34305555555555556 0.80625 0.025 0.0203125
0 0.17083333333333334 0.76171875 0.09722222222222222 0.0546875
0 0.6 0.7109375 0.027777777777777776 0.0265625
0 0.6916666666666667 0.6359375 0.04583333333333333 0.021875
0 0.6597222222222222 0.6125 0.05277777777777778 0.021875
0 0.41388888888888886 0.5828125 0.06388888888888888 0.03203125
0 0.65 0.58203125 0.03194444444444444 0.02421875
0 0.24583333333333332 0.55859375 0.04861111111111111 0.021875
0 0.6805555555555556 0.553125 0.04861111111111111 0.0296875
0 0.4986111111111111 0.53125 0.059722222222222225 0.028125
0 0.44583333333333336 0.5296875 0.05277777777777778 0.03203125
0 0.5777777777777777 0.52265625 0.059722222222222225 0.0234375
0 0.45 0.42578125 0.059722222222222225 0.04375
0 0.32222222222222224 0.40078125 0.09027777777777778 0.0375
0 0.5111111111111111 0.37265625 0.030555555555555555 0.0125
0 0.6180555555555556 0.3671875 0.05694444444444444 0.028125
0 0.27361111111111114 0.36640625 0.043055555555555555 0.01328125
0 0.6944444444444444 0.34765625 0.05416666666666667 0.0328125
0 0.3486111111111111 0.33359375 0.11388888888888889 0.06796875
0 0.49027777777777776 0.3046875 0.02638888888888889 0.02421875
0 0.5472222222222223 0.284375 0.02361111111111111 0.03046875
0 0.6416666666666667 0.275 0.029166666666666667 0.01328125
0 0.5722222222222222 0.26796875 0.043055555555555555 0.03125
0 0.6375 0.240625 0.041666666666666664 0.02421875
0 0.5958333333333333 0.2359375 0.041666666666666664 0.0265625
0 0.5027777777777778 0.23046875 0.05416666666666667 0.0296875
0 0.5763888888888888 0.2 0.058333333333333334 0.0328125
0 0.40694444444444444 0.1671875 0.03611111111111111 0.021875
0 0.5319444444444444 0.08515625 0.07361111111111111 0.0609375
