0 0.5944444444444444 0.93125 0.05 0.02734375
0 0.2375 0.8609375 0.06666666666666667 0.04296875
0 0.5083333333333333 0.8546875 0.03611111111111111 0.02890625
0 0.11388888888888889 0.8125 0.05416666666666667 0.03359375
0 0.8583333333333333 0.8109375 0.041666666666666664 0.02734375
0 0.6416666666666667 0.796875 0.10972222222222222 0.0484375
0 0.49583333333333335 0.7890625 0.027777777777777776 0.01953125
0 0.7902777777777777 0.7828125 0.058333333333333334 0.04453125
0 0.06527777777777778 0.775 0.0375 0.02890625
0 0.8583333333333333 0.7703125 0.06805555555555555 0.0296875
0 0.325 0.75 0.03194444444444444 0.02578125
0 0.7861111111111111 0.740625 0.059722222222222225 0.02578125
0 0.9777777777777777 0.73515625 0.019444444444444445 0.01640625
0 0.8 0.72421875 0.02361111111111111 0.0140625
0 0.7625 0.71171875 0.025 0.0203125
0 0.5972222222222222 0.6859375 0.05277777777777778 0.03515625
0 0.5486111111111112 0.671875 0.043055555555555555 0.0203125
0 0.7069444444444445 0.66640625 0.0375 0.02890625
0 0.7125 0.62421875 0.04861111111111111 0.01875
0 0.17916666666666667 0.60703125 0.044444444444444446 0.0265625
0 0.26944444444444443 0.59375 0.022222222222222223 0.02109375
0 0.6736111111111112 0.5921875 0.05 0.03046875
0 0.7875 0.56953125 0.09027777777777778 0.03046875
0 0.08611111111111111 0.5671875 0.027777777777777776 0.02109375
0 0.7305555555555555 0.56640625 0.04722222222222222 0.04140625
0 0.6166666666666667 0.56640625 0.0875 0.0296875
0 0.5125 0.559375 0.03333333333333333 0.02109375
0 0.1597222222222222 0.54296875 0.044444444444444446 0.028125
0 0.2652777777777778 0.540625 0.04722222222222222 0.02578125
0 0.3125 0.5375 0.03194444444444444 0.0265625
0 0.6083333333333333 0.51640625 0.041666666666666664 0.0296875
0 0.29305555555555557 0.5140625 0.04027777777777778 0.02578125
0 0.33194444444444443 0.51015625 0.06111111111111111 0.02734375
0 0.7444444444444445 0.50546875 0.05277777777777778 0.02265625
0 0.5180555555555556 0.47578125 0.03611111111111111 0.0171875
0 0.7277777777777777 0.4640625 0.06805555555555555 0.028125
0 0.35694444444444445 0.46171875 0.08888888888888889 0.03828125
0 0.7222222222222222 0.4171875 0.05138888888888889 0.0296875
0 0.5694444444444444 0.40625 0.019444444444444445 0.0234375
0 0.9208333333333333 0.4046875 0.07916666666666666 0.03203125
0 0.75 0.39921875 0.043055555555555555 0.01640625
0 0.6041666666666666 0.39765625 0.1111111111111111 0.0609375
0 0.7958333333333333 0.39609375 0.027777777777777776 0.01875
0 0.45416666666666666 0.39296875 0.09444444444444444 0.03203125
0 0.2763888888888889 0.3828125 0.04583333333333333 0.02421875
0 0.18333333333333332 0.3671875 0.0375 0.0203125
0 0.5694444444444444 0.36640625 0.016666666666666666 0.01796875
0 0.4375 0.3578125 0.05555555555555555 0.028125
0 0.5694444444444444 0.34453125 0.03333333333333333 0.01640625
0 0.375 0.32421875 0.029166666666666667 0.0234375
0 0.625 0.29921875 0.09583333333333334 0.04765625
0 0.49444444444444446 0.2875 0.03888888888888889 0.028125
0 0.6125 0.27109375 0.043055555555555555 0.02890625
0 0.4305555555555556 0.26171875 0.04583333333333333 0.02578125
0 0.46805555555555556 0.25 0.05 0.01953125
0 0.6861111111111111 0.22890625 0.05138888888888889 0.02890625
0 0.6861111111111111 0.18671875 0.05555555555555555 0.03203125
0 0.6013888888888889 0.171875 0.04583333333333333 0.028125
0 0.6333333333333333 0.1421875 0.06111111111111111 0.03359375
