0 0.09861111111111111 0.74921875 0.04027777777777778 0.01953125
0 0.1625 0.74296875 0.016666666666666666 0.0125
0 0.2638888888888889 0.71640625 0.022222222222222223 0.0234375
0 0.06527777777777778 0.675 0.03194444444444444 0.01328125
0 0.9111111111111111 0.6734375 0.03888888888888889 0.01484375
0 0.09861111111111111 0.66015625 0.03194444444444444 0.01875
0 0.019444444444444445 0.53203125 0.03194444444444444 0.0171875
0 0.001388888888888889 0.51328125 0.016666666666666666 0.015625
0 0.4986111111111111 0.49921875 0.05 0.0234375
0 0.4444444444444444 0.465625 0.020833333333333332 0.01796875
0 0.03194444444444444 0.446875 0.030555555555555555 0.01484375
0 0.0625 0.43984375 0.04722222222222222 0.01796875
0 0.03611111111111111 0.3859375 0.03194444444444444 0.01640625
0 0.008333333333333333 0.36640625 0.03194444444444444 0.02109375
0 0.05694444444444444 0.36171875 0.044444444444444446 0.0578125
0 0.02638888888888889 0.3484375 0.03888888888888889 0.01796875
0 0.001388888888888889 0.3375 0.013888888888888888 0.01953125
0 0.0 0.3171875 0.019444444444444445 0.0125
0 0.525 0.26875 0.08472222222222223 0.03359375
0 0.05277777777777778 0.26640625 0.034722222222222224 0.0203125
0 0.5111111111111111 0.2015625 0.027777777777777776 0.02265625
0 0.3472222222222222 0.18359375 0.02361111111111111 0.0203125
0 0.29444444444444445 0.134375 0.10555555555555556 0.0421875
0 0.30694444444444446 0.128125 0.03333333333333333 0.01796875
