0 0.4861111111111111 0.73046875 0.04861111111111111 0.0109375
0 0.9416666666666667 0.671875 0.020833333333333332 0.02265625
0 0.6333333333333333 0.6703125 0.015277777777777777 0.01953125
0 0.7972222222222223 0.66015625 0.020833333333333332 0.01484375
0 0.8861111111111111 0.65703125 0.034722222222222224 0.0203125
0 0.9375 0.65390625 0.02638888888888889 0.0125
0 0.2722222222222222 0.64609375 0.05138888888888889 0.02109375
0 0.8555555555555555 0.62734375 0.04583333333333333 0.015625
0 0.8194444444444444 0.61875 0.016666666666666666 0.0109375
0 0.6777777777777778 0.60625 0.019444444444444445 0.01953125
0 0.25 0.59296875 0.0875 0.03828125
0 0.9027777777777778 0.55703125 0.027777777777777776 0.01015625
0 0.26666666666666666 0.53515625 0.07916666666666666 0.02421875
0 0.06805555555555555 0.52734375 0.05694444444444444 0.02109375
0 0.11666666666666667 0.52265625 0.015277777777777777 0.009375
0 0.11666666666666667 0.503125 0.025 0.01328125
0 0.11527777777777778 0.48671875 0.022222222222222223 0.01328125
0 0.325 0.44765625 0.043055555555555555 0.02265625
0 0.5 0.440625 0.03333333333333333 0.02109375
0 0.1736111111111111 0.4359375 0.029166666666666667 0.01640625
0 0.2361111111111111 0.43515625 0.03194444444444444 0.0234375
0 0.5472222222222223 0.42890625 0.03194444444444444 0.0171875
0 0.7069444444444445 0.41796875 0.04027777777777778 0.02421875
0 0.31527777777777777 0.415625 0.043055555555555555 0.0234375
0 0.6402777777777777 0.4 0.030555555555555555 0.0171875
0 0.6125 0.38828125 0.02638888888888889 0.01875
0 0.6597222222222222 0.3859375 0.029166666666666667 0.01953125
0 0.2902777777777778 0.346875 0.07083333333333333 0.0203125
0 0.5041666666666667 0.18359375 0.04722222222222222 0.028125
