0 0.10555555555555556 0.74140625 0.04722222222222222 0.03046875
0 0.26944444444444443 0.7078125 0.043055555555555555 0.025
0 0.06527777777777778 0.67265625 0.015277777777777777 0.015625
0 0.09583333333333334 0.659375 0.027777777777777776 0.01796875
0 0.9305555555555556 0.5765625 0.025 0.01171875
0 0.001388888888888889 0.5234375 0.027777777777777776 0.0203125
0 0.2 0.51953125 0.013888888888888888 0.009375
0 0.5402777777777777 0.4890625 0.03888888888888889 0.0109375
0 0.13472222222222222 0.4859375 0.011111111111111112 0.009375
0 0.5291666666666667 0.47578125 0.04583333333333333 0.009375
0 0.2263888888888889 0.4640625 0.02638888888888889 0.00859375
0 0.005555555555555556 0.4390625 0.022222222222222223 0.01640625
0 0.02638888888888889 0.428125 0.0375 0.0203125
0 0.02361111111111111 0.38046875 0.03333333333333333 0.01875
0 0.002777777777777778 0.36640625 0.027777777777777776 0.01875
0 0.009722222222222222 0.33515625 0.03611111111111111 0.03125
0 0.5166666666666667 0.24375 0.08333333333333333 0.03828125
0 0.009722222222222222 0.2375 0.0375 0.02578125
0 0.5097222222222222 0.17578125 0.030555555555555555 0.02265625
0 0.35833333333333334 0.15859375 0.03333333333333333 0.0234375
0 0.2986111111111111 0.103125 0.11666666666666667 0.04375
0 0.30833333333333335 0.09765625 0.05416666666666667 0.0203125
