0 0.9625 0.82734375 0.030555555555555555 0.0125
0 0.9611111111111111 0.75859375 0.0375 0.021875
0 0.8888888888888888 0.74140625 0.059722222222222225 0.03984375
0 0.5861111111111111 0.65546875 0.044444444444444446 0.01640625
0 0.9777777777777777 0.58984375 0.022222222222222223 0.01640625
0 0.7305555555555555 0.584375 0.03611111111111111 0.01875
0 0.7597222222222222 0.52421875 0.020833333333333332 0.01171875
0 0.7097222222222223 0.49453125 0.05 0.0171875
0 0.9013888888888889 0.48984375 0.04861111111111111 0.02578125
0 0.15833333333333333 0.48671875 0.05277777777777778 0.0203125
0 0.7597222222222222 0.4828125 0.058333333333333334 0.03828125
0 0.8111111111111111 0.471875 0.018055555555555554 0.009375
0 0.9625 0.46796875 0.034722222222222224 0.01953125
0 0.6513888888888889 0.43125 0.02361111111111111 0.0125
0 0.8 0.42578125 0.034722222222222224 0.02109375
0 0.7402777777777778 0.415625 0.03888888888888889 0.03359375
0 0.775 0.36328125 0.0375 0.0265625
0 0.7055555555555556 0.34453125 0.04861111111111111 0.03046875
0 0.8694444444444445 0.3265625 0.04861111111111111 0.02265625
0 0.7291666666666666 0.2671875 0.11527777777777778 0.0609375
0 0.9291666666666667 0.26015625 0.02361111111111111 0.015625
0 0.8305555555555556 0.2578125 0.0875 0.03359375
0 0.19722222222222222 0.25 0.07361111111111111 0.03125
0 0.7041666666666667 0.2234375 0.04583333333333333 0.0265625
0 0.175 0.18125 0.041666666666666664 0.025
0 0.7805555555555556 0.17265625 0.07083333333333333 0.034375
0 0.004166666666666667 0.1671875 0.013888888888888888 0.015625
0 0.0 0.10546875 0.030555555555555555 0.0375
0 0.8763888888888889 0.06640625 0.05555555555555555 0.0328125
