0 0.6138888888888889 0.84140625 0.03611111111111111 0.03125
0 0.6652777777777777 0.835546875 0.05 0.02734375
0 0.9743055555555555 0.783203125 0.04583333333333333 0.02890625
0 0.45 0.76171875 0.030555555555555555 0.021875
0 0.5520833333333334 0.7640625 0.04027777777777778 0.034375
0 0.6076388888888888 0.7125 0.02361111111111111 0.0109375
0 0.5243055555555556 0.7171875 0.05138888888888889 0.028125
0 0.6347222222222222 0.698046875 0.016666666666666666 0.01640625
0 0.5444444444444444 0.633203125 0.10277777777777777 0.04453125
0 0.3284722222222222 0.601953125 0.034722222222222224 0.01953125
0 0.2638888888888889 0.571875 0.027777777777777776 0.01875
0 0.5416666666666666 0.562890625 0.03333333333333333 0.01953125
0 0.3819444444444444 0.575390625 0.06944444444444445 0.04609375
0 0.41597222222222224 0.552734375 0.020833333333333332 0.01796875
0 0.5638888888888889 0.5375 0.03333333333333333 0.0234375
0 0.60625 0.52109375 0.029166666666666667 0.0203125
0 0.3277777777777778 0.50234375 0.09444444444444444 0.0328125
0 0.5583333333333333 0.4984375 0.044444444444444446 0.0296875
0 0.5402777777777777 0.47890625 0.04722222222222222 0.0234375
0 0.32430555555555557 0.46328125 0.04861111111111111 0.0203125
0 0.3972222222222222 0.43984375 0.05 0.0234375
0 0.7145833333333333 0.4328125 0.034722222222222224 0.0234375
0 0.6465277777777778 0.428515625 0.07083333333333333 0.05078125
0 0.22916666666666666 0.372265625 0.03333333333333333 0.01484375
0 0.4965277777777778 0.3703125 0.04861111111111111 0.028125
0 0.5263888888888889 0.3515625 0.022222222222222223 0.0125
0 0.5423611111111111 0.33046875 0.03194444444444444 0.0171875
0 0.5076388888888889 0.32578125 0.029166666666666667 0.0140625
0 0.6909722222222222 0.32109375 0.05416666666666667 0.0375
0 0.5430555555555555 0.312109375 0.044444444444444446 0.01953125
0 0.61875 0.287109375 0.0375 0.02734375
0 0.36736111111111114 0.28125 0.05416666666666667 0.03125
0 0.5194444444444445 0.25234375 0.03888888888888889 0.03125
0 0.40902777777777777 0.238671875 0.034722222222222224 0.01953125
0 0.54375 0.2234375 0.0375 0.0234375
0 0.40347222222222223 0.185546875 0.04583333333333333 0.02734375
0 0.4909722222222222 0.196484375 0.10138888888888889 0.06640625
0 0.4548611111111111 0.168359375 0.034722222222222224 0.01953125
0 0.4548611111111111 0.125 0.12361111111111112 0.05625
0 0.4513888888888889 0.093359375 0.03888888888888889 0.02578125
0 0.49236111111111114 0.083203125 0.0375 0.02109375
0 0.5173611111111112 0.069921875 0.04027777777777778 0.03359375
0 0.4861111111111111 0.055859375 0.044444444444444446 0.02890625
