0 0.024305555555555556 0.781640625 0.04861111111111111 0.03359375
0 0.44375 0.75390625 0.05694444444444444 0.0359375
0 0.37430555555555556 0.74609375 0.04861111111111111 0.0328125
0 0.38333333333333336 0.714453125 0.05555555555555555 0.03046875
0 0.68125 0.709375 0.04027777777777778 0.025
0 0.5097222222222222 0.7078125 0.04722222222222222 0.0328125
0 0.5472222222222223 0.6875 0.06111111111111111 0.0234375
0 0.20625 0.683984375 0.05138888888888889 0.02734375
0 0.7166666666666667 0.669140625 0.05277777777777778 0.03203125
0 0.4965277777777778 0.67578125 0.06527777777777778 0.046875
0 0.07013888888888889 0.646484375 0.05138888888888889 0.02890625
0 0.42916666666666664 0.640234375 0.06111111111111111 0.03203125
0 0.18472222222222223 0.6015625 0.016666666666666666 0.0140625
0 0.2763888888888889 0.593359375 0.022222222222222223 0.01015625
0 0.42291666666666666 0.59375 0.043055555555555555 0.028125
0 0.8569444444444444 0.583984375 0.041666666666666664 0.02265625
0 0.6104166666666667 0.581640625 0.02638888888888889 0.01796875
0 0.1638888888888889 0.535546875 0.022222222222222223 0.02109375
0 0.9381944444444444 0.4765625 0.018055555555555554 0.0265625
0 0.8347222222222223 0.418359375 0.03611111111111111 0.01640625
0 0.9152777777777777 0.369921875 0.019444444444444445 0.01796875
0 0.7395833333333334 0.334375 0.04583333333333333 0.01875
0 0.8986111111111111 0.33359375 0.05277777777777778 0.028125
0 0.7715277777777778 0.309375 0.04583333333333333 0.025
0 0.8625 0.308203125 0.06388888888888888 0.03203125
0 0.8423611111111111 0.284765625 0.05694444444444444 0.03359375
0 0.4673611111111111 0.27578125 0.04027777777777778 0.015625
0 0.41458333333333336 0.265234375 0.07361111111111111 0.02734375
0 0.1375 0.259375 0.07777777777777778 0.0328125
0 0.30694444444444446 0.25625 0.05 0.03125
0 0.6958333333333333 0.244140625 0.03333333333333333 0.02265625
0 0.9833333333333333 0.2421875 0.03333333333333333 0.0203125
0 0.0763888888888889 0.24453125 0.044444444444444446 0.0265625
0 0.9458333333333333 0.23515625 0.05277777777777778 0.025
0 0.3548611111111111 0.21328125 0.06527777777777778 0.0359375
0 0.9826388888888888 0.196484375 0.034722222222222224 0.01640625
0 0.18819444444444444 0.205078125 0.0763888888888889 0.03359375
0 0.07916666666666666 0.19140625 0.025 0.01875
0 0.47708333333333336 0.183984375 0.020833333333333332 0.00859375
0 0.6277777777777778 0.180859375 0.025 0.01484375
0 0.9909722222222223 0.175390625 0.018055555555555554 0.01328125
0 0.7493055555555556 0.168359375 0.029166666666666667 0.01953125
0 0.6173611111111111 0.16171875 0.03194444444444444 0.0171875
0 0.9076388888888889 0.16640625 0.05416666666666667 0.0328125
0 0.5902777777777778 0.156640625 0.025 0.01484375
0 0.6909722222222222 0.1484375 0.034722222222222224 0.01875
0 0.6555555555555556 0.145703125 0.03611111111111111 0.01796875
0 0.5270833333333333 0.144140625 0.034722222222222224 0.01953125
0 0.14305555555555555 0.14140625 0.03333333333333333 0.021875
0 0.5881944444444445 0.138671875 0.03194444444444444 0.01953125
0 0.2701388888888889 0.1375 0.059722222222222225 0.0359375
0 0.4409722222222222 0.137109375 0.05138888888888889 0.03828125
0 0.6798611111111111 0.125390625 0.03194444444444444 0.01953125
0 0.9208333333333333 0.121875 0.03611111111111111 0.0203125
0 0.3972222222222222 0.12578125 0.04722222222222222 0.0328125
0 0.034027777777777775 0.11171875 0.04027777777777778 0.021875
0 0.8694444444444445 0.098828125 0.03611111111111111 0.02265625
0 0.09652777777777778 0.095703125 0.029166666666666667 0.02421875
0 0.7006944444444444 0.0828125 0.0375 0.0203125
0 0.05347222222222222 0.076953125 0.0375 0.01796875
0 0.44027777777777777 0.0828125 0.06388888888888888 0.0359375
0 0.7402777777777778 0.06640625 0.03611111111111111 0.0203125
0 0.6458333333333334 0.0671875 0.041666666666666664 0.0234375
0 0.875 0.066796875 0.03888888888888889 0.02421875
0 0.5875 0.05859375 0.025 0.0109375
0 0.26805555555555555 0.0625 0.05277777777777778 0.0359375
0 0.9361111111111111 0.048046875 0.025 0.02109375
0 0.33541666666666664 0.04296875 0.020833333333333332 0.0140625
0 0.9 0.037109375 0.03611111111111111 0.02734375
0 0.11597222222222223 0.038671875 0.05138888888888889 0.03046875
0 0.6847222222222222 0.041015625 0.09166666666666666 0.04765625
0 0.5243055555555556 0.02890625 0.034722222222222224 0.0234375
0 0.0798611111111111 0.028125 0.04027777777777778 0.021875
0 0.94375 0.023828125 0.02638888888888889 0.01484375
0 0.027083333333333334 0.040625 0.04861111111111111 0.0484375
0 0.5798611111111112 0.023828125 0.020833333333333332 0.01640625
0 0.8388888888888889 0.006640625 0.03888888888888889 0.01171875
0 0.5506944444444445 0.014453125 0.04027777777777778 0.02734375
0 0.6902777777777778 0.009765625 0.06944444444444445 0.01953125
0 0.4986111111111111 0.007421875 0.03611111111111111 0.01484375
