0 0.8208333333333333 0.78359375 0.030555555555555555 0.01328125
0 0.9666666666666667 0.7296875 0.03333333333333333 0.028125
0 0.23055555555555557 0.7078125 0.06111111111111111 0.03828125
0 0.19305555555555556 0.68046875 0.05277777777777778 0.03359375
0 0.3416666666666667 0.63828125 0.05416666666666667 0.03125
0 0.2777777777777778 0.53984375 0.044444444444444446 0.02734375
0 0.23194444444444445 0.5359375 0.044444444444444446 0.028125
0 0.5291666666666667 0.52734375 0.0375 0.0140625
0 0.5847222222222223 0.5109375 0.030555555555555555 0.015625
0 0.5930555555555556 0.48046875 0.10138888888888889 0.03515625
0 0.3458333333333333 0.46015625 0.043055555555555555 0.01640625
0 0.5125 0.446875 0.04722222222222222 0.0234375
0 0.37916666666666665 0.42421875 0.04583333333333333 0.02734375
0 0.6069444444444444 0.4203125 0.08472222222222223 0.02890625
0 0.36944444444444446 0.4046875 0.02638888888888889 0.015625
0 0.41944444444444445 0.39765625 0.05416666666666667 0.02890625
0 0.6472222222222223 0.37578125 0.06805555555555555 0.0265625
0 0.5416666666666666 0.37109375 0.04722222222222222 0.0234375
0 0.2152777777777778 0.36484375 0.03611111111111111 0.02421875
0 0.6277777777777778 0.3609375 0.022222222222222223 0.02109375
0 0.36527777777777776 0.35 0.027777777777777776 0.015625
0 0.5513888888888889 0.33828125 0.03194444444444444 0.01953125
0 0.6583333333333333 0.33046875 0.020833333333333332 0.01328125
0 0.6138888888888889 0.303125 0.041666666666666664 0.01796875
0 0.35 0.2828125 0.043055555555555555 0.02890625
0 0.5916666666666667 0.278125 0.03888888888888889 0.0265625
0 0.4222222222222222 0.24453125 0.07916666666666666 0.05859375
0 0.6791666666666667 0.2125 0.0375 0.03046875
0 0.4027777777777778 0.1875 0.10416666666666667 0.05390625
0 0.4 0.18515625 0.041666666666666664 0.0171875
0 0.6027777777777777 0.16484375 0.0375 0.01640625
0 0.4527777777777778 0.159375 0.05 0.028125
0 0.5611111111111111 0.1328125 0.03194444444444444 0.01640625
0 0.4861111111111111 0.04375 0.04583333333333333 0.034375
