0 0.1527777777777778 0.640625 0.018055555555555554 0.0140625
0 0.002777777777777778 0.63203125 0.029166666666666667 0.0234375
0 0.5777777777777777 0.62578125 0.020833333333333332 0.01015625
0 0.013888888888888888 0.59765625 0.030555555555555555 0.01484375
0 0.4125 0.58359375 0.027777777777777776 0.015625
0 0.10277777777777777 0.5796875 0.03333333333333333 0.01875
0 0.6736111111111112 0.5703125 0.03611111111111111 0.01953125
0 0.8263888888888888 0.55859375 0.03888888888888889 0.0203125
0 0.39444444444444443 0.55078125 0.025 0.01328125
0 0.5222222222222223 0.54921875 0.029166666666666667 0.01328125
0 0.6361111111111111 0.546875 0.034722222222222224 0.0203125
0 0.48055555555555557 0.53984375 0.015277777777777777 0.0140625
0 0.5819444444444445 0.53515625 0.04861111111111111 0.0265625
0 0.2 0.53125 0.02638888888888889 0.0125
0 0.14722222222222223 0.528125 0.03194444444444444 0.021875
0 0.7986111111111112 0.525 0.034722222222222224 0.01796875
0 0.030555555555555555 0.525 0.027777777777777776 0.01484375
0 0.2847222222222222 0.5234375 0.08194444444444444 0.02578125
0 0.3861111111111111 0.51875 0.05 0.0171875
0 0.5388888888888889 0.509375 0.05555555555555555 0.0328125
0 0.07916666666666666 0.50234375 0.02638888888888889 0.015625
0 0.008333333333333333 0.4953125 0.05138888888888889 0.02578125
0 0.10833333333333334 0.49375 0.027777777777777776 0.0125
0 0.2875 0.48359375 0.025 0.009375
0 0.19027777777777777 0.4828125 0.027777777777777776 0.0125
0 0.7833333333333333 0.4796875 0.05138888888888889 0.02890625
0 0.8277777777777777 0.4765625 0.05416666666666667 0.02421875
0 0.18055555555555555 0.46015625 0.043055555555555555 0.02109375
0 0.8930555555555556 0.45859375 0.05555555555555555 0.034375
0 0.7055555555555556 0.45078125 0.04722222222222222 0.03125
0 0.6180555555555556 0.4390625 0.05138888888888889 0.02578125
0 0.5097222222222222 0.43671875 0.05277777777777778 0.03671875
0 0.001388888888888889 0.42734375 0.016666666666666666 0.0140625
0 0.9333333333333333 0.4140625 0.05416666666666667 0.0296875
0 0.31666666666666665 0.4140625 0.05416666666666667 0.0234375
0 0.5347222222222222 0.4109375 0.07361111111111111 0.03984375
0 0.7361111111111112 0.4046875 0.075 0.0296875
0 0.5833333333333334 0.390625 0.030555555555555555 0.009375
0 0.6861111111111111 0.3859375 0.058333333333333334 0.02421875
0 0.7861111111111111 0.37890625 0.04583333333333333 0.01953125
0 0.28194444444444444 0.3625 0.0125 0.01328125
0 0.29583333333333334 0.3546875 0.05694444444444444 0.0359375
0 0.2111111111111111 0.3515625 0.020833333333333332 0.0109375
0 0.6777777777777778 0.34453125 0.041666666666666664 0.02578125
0 0.19444444444444445 0.3390625 0.02638888888888889 0.015625
0 0.2972222222222222 0.3375 0.02638888888888889 0.01640625
0 0.5694444444444444 0.3296875 0.03194444444444444 0.01015625
0 0.4097222222222222 0.328125 0.016666666666666666 0.01796875
0 0.09166666666666666 0.31484375 0.05694444444444444 0.02109375
0 0.9430555555555555 0.30703125 0.04027777777777778 0.0203125
0 0.4666666666666667 0.303125 0.05 0.01328125
0 0.3597222222222222 0.296875 0.030555555555555555 0.02109375
0 0.9222222222222223 0.2890625 0.030555555555555555 0.01796875
0 0.9541666666666667 0.28515625 0.03888888888888889 0.02265625
0 0.008333333333333333 0.2796875 0.020833333333333332 0.01484375
0 0.8375 0.278125 0.03611111111111111 0.01796875
0 0.8847222222222222 0.27109375 0.0375 0.01875
0 0.043055555555555555 0.26796875 0.03333333333333333 0.0109375
0 0.7416666666666667 0.2671875 0.05555555555555555 0.0234375
0 0.06666666666666667 0.26328125 0.019444444444444445 0.01015625
0 0.016666666666666666 0.2609375 0.022222222222222223 0.0109375
0 0.8958333333333334 0.25546875 0.043055555555555555 0.0203125
0 0.7833333333333333 0.2515625 0.058333333333333334 0.03828125
0 0.1736111111111111 0.246875 0.10277777777777777 0.090625
0 0.9666666666666667 0.24375 0.03333333333333333 0.015625
0 0.07222222222222222 0.23828125 0.018055555555555554 0.01328125
0 0.013888888888888888 0.23203125 0.03611111111111111 0.03125
0 0.10416666666666667 0.2171875 0.04583333333333333 0.0234375
0 0.8513888888888889 0.1625 0.034722222222222224 0.01875
0 0.9638888888888889 0.1546875 0.02361111111111111 0.01484375
0 0.8902777777777777 0.134375 0.04027777777777778 0.02421875
0 0.9375 0.1109375 0.0625 0.025
0 0.8513888888888889 0.11015625 0.05555555555555555 0.0234375
0 0.7083333333333334 0.10625 0.10416666666666667 0.0296875
0 0.9388888888888889 0.096875 0.03611111111111111 0.0140625
0 0.7861111111111111 0.0890625 0.018055555555555554 0.01015625
0 0.8069444444444445 0.0828125 0.07777777777777778 0.03125
0 0.8680555555555556 0.0625 0.04027777777777778 0.01796875
