0 0.525 0.66171875 0.041666666666666664 0.01640625
0 0.7222222222222222 0.60625 0.029166666666666667 0.01484375
0 0.5055555555555555 0.5796875 0.022222222222222223 0.01796875
0 0.19444444444444445 0.5078125 0.044444444444444446 0.02265625
0 0.15694444444444444 0.50078125 0.019444444444444445 0.01171875
0 0.08611111111111111 0.49765625 0.03888888888888889 0.01953125
0 0.23194444444444445 0.49453125 0.029166666666666667 0.01484375
0 0.09444444444444444 0.475 0.034722222222222224 0.0140625
0 0.13472222222222222 0.46953125 0.04583333333333333 0.01640625
0 0.0375 0.4671875 0.044444444444444446 0.0265625
0 0.20416666666666666 0.43515625 0.05277777777777778 0.0328125
0 0.7333333333333333 0.434375 0.05416666666666667 0.03046875
0 0.32916666666666666 0.4296875 0.034722222222222224 0.01640625
0 0.8666666666666667 0.428125 0.02638888888888889 0.015625
0 0.27361111111111114 0.40390625 0.03333333333333333 0.021875
0 0.13194444444444445 0.40390625 0.05277777777777778 0.02890625
0 0.7152777777777778 0.38671875 0.041666666666666664 0.03046875
0 0.5888888888888889 0.3828125 0.04027777777777778 0.0203125
0 0.16944444444444445 0.3453125 0.04722222222222222 0.02421875
0 0.10277777777777777 0.3359375 0.05 0.028125
0 0.7736111111111111 0.259375 0.044444444444444446 0.02890625
0 0.5472222222222223 0.2359375 0.07222222222222222 0.034375
0 0.65 0.22421875 0.05 0.01796875
0 0.1875 0.1953125 0.0625 0.01484375
0 0.1111111111111111 0.1953125 0.07361111111111111 0.0328125
0 0.6916666666666667 0.11484375 0.09305555555555556 0.06640625
0 0.75 0.09453125 0.0375 0.0265625
