0 0.125 0.83125 0.05694444444444444 0.03359375
0 0.030555555555555555 0.80859375 0.04027777777777778 0.021875
0 0.6069444444444444 0.79921875 0.07083333333333333 0.03671875
0 0.5333333333333333 0.759375 0.075 0.0703125
0 0.08888888888888889 0.746875 0.058333333333333334 0.02421875
0 0.8402777777777778 0.74609375 0.04861111111111111 0.028125
0 0.3138888888888889 0.72265625 0.059722222222222225 0.034375
0 0.0125 0.70625 0.05694444444444444 0.02734375
0 0.6416666666666667 0.703125 0.15 0.08125
0 0.9097222222222222 0.69921875 0.06805555555555555 0.0390625
0 0.15555555555555556 0.684375 0.0625 0.0359375
0 0.5652777777777778 0.671875 0.09583333333333334 0.04765625
0 0.2569444444444444 0.640625 0.030555555555555555 0.01640625
0 0.5944444444444444 0.625 0.044444444444444446 0.03203125
0 0.4388888888888889 0.6140625 0.03194444444444444 0.02265625
0 0.17222222222222222 0.58828125 0.034722222222222224 0.01640625
0 0.24583333333333332 0.5734375 0.04722222222222222 0.028125
0 0.4097222222222222 0.534375 0.03194444444444444 0.01640625
0 0.002777777777777778 0.4734375 0.022222222222222223 0.015625
0 0.8486111111111111 0.4484375 0.03194444444444444 0.015625
0 0.925 0.4359375 0.04583333333333333 0.02421875
0 0.02361111111111111 0.4265625 0.06111111111111111 0.0375
0 0.49583333333333335 0.38671875 0.02638888888888889 0.0140625
0 0.8763888888888889 0.37734375 0.043055555555555555 0.02265625
0 0.8680555555555556 0.34765625 0.058333333333333334 0.025
0 0.9055555555555556 0.31484375 0.05138888888888889 0.03125
0 0.0625 0.28515625 0.041666666666666664 0.02578125
0 0.9180555555555555 0.28203125 0.0375 0.02421875
0 0.48333333333333334 0.28125 0.10833333333333334 0.03515625
0 0.009722222222222222 0.278125 0.04583333333333333 0.02265625
0 0.4125 0.26953125 0.06388888888888888 0.0359375
0 0.15 0.26640625 0.1388888888888889 0.04375
0 0.7333333333333333 0.2640625 0.03333333333333333 0.01796875
0 0.8069444444444445 0.2578125 0.03888888888888889 0.028125
0 0.0375 0.246875 0.05694444444444444 0.028125
0 0.4722222222222222 0.2203125 0.06111111111111111 0.03671875
0 0.2625 0.21875 0.10694444444444444 0.034375
0 0.1625 0.2125 0.05138888888888889 0.028125
0 0.04861111111111111 0.18515625 0.03888888888888889 0.0265625
0 0.8375 0.18359375 0.05277777777777778 0.02421875
0 0.6458333333333334 0.1796875 0.06944444444444445 0.040625
0 0.7041666666666667 0.16796875 0.06666666666666667 0.02265625
0 0.23472222222222222 0.16171875 0.04027777777777778 0.02421875
0 0.6458333333333334 0.1578125 0.03194444444444444 0.0203125
0 0.3638888888888889 0.1453125 0.0625 0.040625
0 0.7430555555555556 0.13984375 0.044444444444444446 0.02265625
0 0.5055555555555555 0.1359375 0.13055555555555556 0.0515625
0 0.0 0.13359375 0.030555555555555555 0.0421875
0 0.09583333333333334 0.1328125 0.04583333333333333 0.028125
0 0.9569444444444445 0.109375 0.041666666666666664 0.02421875
0 0.027777777777777776 0.10078125 0.06527777777777778 0.059375
0 0.10555555555555556 0.09921875 0.05 0.03046875
0 0.7694444444444445 0.09765625 0.03888888888888889 0.02421875
0 0.5458333333333333 0.08671875 0.07083333333333333 0.040625
0 0.7125 0.0828125 0.04027777777777778 0.025
0 0.8138888888888889 0.07734375 0.03888888888888889 0.0265625
0 0.9527777777777777 0.0765625 0.041666666666666664 0.0296875
0 0.2152777777777778 0.06796875 0.05 0.03203125
0 0.3416666666666667 0.0609375 0.10555555555555556 0.05
0 0.2875 0.05859375 0.043055555555555555 0.01796875
0 0.9736111111111111 0.04375 0.02638888888888889 0.02421875
0 0.05277777777777778 0.04375 0.16944444444444445 0.059375
0 0.7291666666666666 0.040625 0.09722222222222222 0.05390625
0 0.2777777777777778 0.0359375 0.044444444444444446 0.02265625
0 0.5916666666666667 0.0265625 0.08888888888888889 0.04140625
0 0.001388888888888889 0.02265625 0.06527777777777778 0.04296875
0 0.8069444444444445 0.0109375 0.041666666666666664 0.021875
0 0.9055555555555556 0.0078125 0.05 0.0296875
0 0.15138888888888888 0.00234375 0.05138888888888889 0.01953125
0 0.8638888888888889 0.00078125 0.043055555555555555 0.01953125
0 0.6944444444444444 0.00078125 0.09861111111111111 0.0359375
