0 0.8833333333333333 0.8203125 0.09444444444444444 0.0453125
0 0.14097222222222222 0.765234375 0.043055555555555555 0.02109375
0 0.5479166666666667 0.726171875 0.03194444444444444 0.01171875
0 0.3819444444444444 0.707421875 0.04722222222222222 0.01953125
0 0.059722222222222225 0.702734375 0.03888888888888889 0.01953125
0 0.5673611111111111 0.700390625 0.0375 0.02734375
0 0.5055555555555555 0.663671875 0.07777777777777778 0.03671875
0 0.5604166666666667 0.6359375 0.0763888888888889 0.053125
0 0.08958333333333333 0.606640625 0.02361111111111111 0.02421875
0 0.1451388888888889 0.593359375 0.05694444444444444 0.01796875
0 0.675 0.603515625 0.07777777777777778 0.04140625
0 0.3104166666666667 0.587890625 0.04583333333333333 0.02734375
0 0.38958333333333334 0.58046875 0.04027777777777778 0.025
0 0.48680555555555555 0.58125 0.05694444444444444 0.0328125
0 0.7659722222222223 0.56640625 0.06527777777777778 0.03125
0 0.014583333333333334 0.56015625 0.02638888888888889 0.0234375
0 0.7020833333333333 0.549609375 0.06805555555555555 0.03046875
0 0.3194444444444444 0.53203125 0.05 0.0234375
0 0.03194444444444444 0.517578125 0.030555555555555555 0.02109375
0 0.8104166666666667 0.50078125 0.0625 0.015625
0 0.09236111111111112 0.503515625 0.029166666666666667 0.02578125
0 0.15763888888888888 0.48515625 0.05416666666666667 0.034375
0 0.13055555555555556 0.4609375 0.04722222222222222 0.0125
0 0.7347222222222223 0.457421875 0.03611111111111111 0.03359375
0 0.6416666666666667 0.43984375 0.03611111111111111 0.0203125
0 0.5611111111111111 0.390234375 0.041666666666666664 0.01796875
0 0.4534722222222222 0.308984375 0.034722222222222224 0.01484375
0 0.5125 0.309375 0.027777777777777776 0.025
0 0.8972222222222223 0.294921875 0.058333333333333334 0.03046875
0 0.3645833333333333 0.28125 0.05694444444444444 0.0328125
0 0.8256944444444444 0.2765625 0.059722222222222225 0.0296875
0 0.5979166666666667 0.19453125 0.18472222222222223 0.0546875
0 0.6215277777777778 0.134375 0.04861111111111111 0.01875
0 0.5166666666666667 0.141796875 0.1361111111111111 0.04921875
0 0.5256944444444445 0.08046875 0.059722222222222225 0.03125
0 0.5888888888888889 0.051171875 0.10833333333333334 0.04296875
0 0.5576388888888889 0.019921875 0.06527777777777778 0.03828125
