0 0.7583333333333333 0.771875 0.03194444444444444 0.01640625
0 0.9236111111111112 0.7484375 0.0375 0.01640625
0 0.6902777777777778 0.7390625 0.0763888888888889 0.040625
0 0.8736111111111111 0.72734375 0.03333333333333333 0.02578125
0 0.13055555555555556 0.65 0.041666666666666664 0.0140625
0 0.12916666666666668 0.63125 0.0375 0.0171875
0 0.03194444444444444 0.6140625 0.034722222222222224 0.0203125
0 0.9583333333333334 0.61171875 0.04027777777777778 0.01875
0 0.9041666666666667 0.59296875 0.0375 0.021875
0 0.044444444444444446 0.58828125 0.03194444444444444 0.0171875
0 0.29305555555555557 0.58046875 0.027777777777777776 0.0140625
0 0.7236111111111111 0.5640625 0.04722222222222222 0.0265625
0 0.6333333333333333 0.54140625 0.019444444444444445 0.02109375
0 0.5347222222222222 0.5328125 0.06666666666666667 0.03203125
0 0.4152777777777778 0.50078125 0.022222222222222223 0.0140625
0 0.35 0.49921875 0.04583333333333333 0.01875
0 0.24305555555555555 0.48828125 0.0375 0.034375
0 0.21944444444444444 0.45546875 0.041666666666666664 0.02265625
0 0.2652777777777778 0.44609375 0.03333333333333333 0.021875
0 0.7888888888888889 0.4421875 0.08472222222222223 0.02734375
0 0.21944444444444444 0.42890625 0.03333333333333333 0.01796875
0 0.28055555555555556 0.40234375 0.03611111111111111 0.02421875
0 0.7791666666666667 0.3890625 0.034722222222222224 0.02265625
0 0.4263888888888889 0.3828125 0.03333333333333333 0.01875
0 0.19305555555555556 0.37265625 0.034722222222222224 0.0203125
0 0.4986111111111111 0.34765625 0.020833333333333332 0.01328125
0 0.24027777777777778 0.3453125 0.030555555555555555 0.01953125
0 0.13055555555555556 0.32890625 0.013888888888888888 0.015625
0 0.22083333333333333 0.271875 0.020833333333333332 0.0140625
0 0.0125 0.2578125 0.020833333333333332 0.021875
0 0.1486111111111111 0.24765625 0.0375 0.02265625
0 0.05277777777777778 0.23125 0.05416666666666667 0.046875
0 0.6513888888888889 0.225 0.043055555555555555 0.04296875
0 0.1486111111111111 0.1703125 0.029166666666666667 0.015625
0 0.10694444444444444 0.16875 0.04027777777777778 0.02109375
0 0.6263888888888889 0.1453125 0.044444444444444446 0.01875
0 0.6375 0.128125 0.03611111111111111 0.0140625
0 0.5625 0.07890625 0.05138888888888889 0.04609375
0 0.48194444444444445 0.07109375 0.05 0.03515625
0 0.0 0.06640625 0.05138888888888889 0.0234375
0 0.05555555555555555 0.03828125 0.044444444444444446 0.0421875
0 0.0 0.025 0.02361111111111111 0.025
