0 0.008333333333333333 0.50703125 0.04861111111111111 0.03125
0 0.044444444444444446 0.471875 0.041666666666666664 0.03046875
0 0.31527777777777777 0.46328125 0.030555555555555555 0.01796875
0 0.21388888888888888 0.4546875 0.02638888888888889 0.0078125
0 0.3680555555555556 0.44453125 0.018055555555555554 0.0140625
0 0.45555555555555555 0.42109375 0.013888888888888888 0.00859375
0 0.36944444444444446 0.41953125 0.02638888888888889 0.015625
0 0.12361111111111112 0.39140625 0.020833333333333332 0.01015625
0 0.4638888888888889 0.3875 0.022222222222222223 0.01171875
0 0.49027777777777776 0.38671875 0.025 0.01484375
0 0.32916666666666666 0.3625 0.02361111111111111 0.01171875
0 0.23194444444444445 0.3578125 0.030555555555555555 0.01953125
0 0.19722222222222222 0.3546875 0.025 0.01484375
0 0.12916666666666668 0.340625 0.025 0.0140625
0 0.2375 0.3375 0.029166666666666667 0.01796875
0 0.18472222222222223 0.3375 0.02638888888888889 0.01640625
0 0.16111111111111112 0.31796875 0.03194444444444444 0.01484375
0 0.21805555555555556 0.30078125 0.02638888888888889 0.02265625
0 0.10555555555555556 0.2765625 0.020833333333333332 0.01640625
0 0.12361111111111112 0.240625 0.03194444444444444 0.01796875
0 0.02638888888888889 0.22734375 0.034722222222222224 0.02109375
