0 0.5638888888888889 0.959375 0.03611111111111111 0.0265625
0 0.9361111111111111 0.934375 0.04861111111111111 0.028125
0 0.001388888888888889 0.91796875 0.0375 0.02734375
0 0.16805555555555557 0.8890625 0.05277777777777778 0.02890625
0 0.7138888888888889 0.88515625 0.04027777777777778 0.01953125
0 0.6472222222222223 0.86328125 0.05416666666666667 0.025
0 0.6055555555555555 0.85703125 0.04027777777777778 0.0234375
0 0.5569444444444445 0.853125 0.019444444444444445 0.02109375
0 0.5666666666666667 0.82734375 0.04861111111111111 0.03046875
0 0.3902777777777778 0.81328125 0.030555555555555555 0.02109375
0 0.20972222222222223 0.778125 0.06111111111111111 0.03125
0 0.42083333333333334 0.77578125 0.08333333333333333 0.05546875
0 0.5319444444444444 0.76484375 0.1 0.0484375
0 0.35833333333333334 0.7421875 0.058333333333333334 0.0359375
0 0.6416666666666667 0.715625 0.04861111111111111 0.028125
0 0.4597222222222222 0.68984375 0.04722222222222222 0.0265625
0 0.6027777777777777 0.68359375 0.04027777777777778 0.0265625
0 0.4152777777777778 0.66484375 0.05277777777777778 0.0296875
0 0.6541666666666667 0.66328125 0.043055555555555555 0.02421875
0 0.5666666666666667 0.6546875 0.05555555555555555 0.03203125
0 0.4888888888888889 0.640625 0.04027777777777778 0.01953125
0 0.4388888888888889 0.62421875 0.04027777777777778 0.0265625
0 0.6833333333333333 0.59375 0.08333333333333333 0.03125
0 0.4486111111111111 0.59375 0.05277777777777778 0.02421875
0 0.6097222222222223 0.58203125 0.05555555555555555 0.034375
0 0.33194444444444443 0.48515625 0.0625 0.03046875
0 0.3611111111111111 0.45546875 0.041666666666666664 0.02421875
0 0.3625 0.37734375 0.05416666666666667 0.0328125
0 0.5083333333333333 0.334375 0.05416666666666667 0.021875
0 0.4375 0.325 0.0625 0.02890625
0 0.4083333333333333 0.32109375 0.0375 0.01484375
0 0.44722222222222224 0.29765625 0.05416666666666667 0.025
