0 0.9916666666666667 0.81796875 0.016666666666666666 0.03125
0 0.8236111111111111 0.7609375 0.05277777777777778 0.0375
0 0.19375 0.6921875 0.043055555555555555 0.0203125
0 0.050694444444444445 0.687109375 0.015277777777777777 0.01171875
0 0.6333333333333333 0.64609375 0.030555555555555555 0.0125
0 0.40902777777777777 0.646484375 0.0375 0.01796875
0 0.10416666666666667 0.632421875 0.044444444444444446 0.01796875
0 0.8215277777777777 0.5890625 0.034722222222222224 0.015625
0 0.36875 0.584375 0.04861111111111111 0.0234375
0 0.4861111111111111 0.582421875 0.09444444444444444 0.07265625
0 0.7763888888888889 0.547265625 0.04722222222222222 0.02421875
0 0.6173611111111111 0.54296875 0.043055555555555555 0.0265625
0 0.2222222222222222 0.5359375 0.041666666666666664 0.025
0 0.4548611111111111 0.526171875 0.05416666666666667 0.03046875
0 0.6701388888888888 0.50546875 0.1125 0.04375
0 0.05486111111111111 0.48359375 0.020833333333333332 0.015625
0 0.32083333333333336 0.480078125 0.04722222222222222 0.02578125
0 0.08680555555555555 0.465625 0.029166666666666667 0.01875
0 0.12986111111111112 0.461328125 0.02361111111111111 0.01640625
0 0.7131944444444445 0.419140625 0.034722222222222224 0.01796875
0 0.15902777777777777 0.43046875 0.06805555555555555 0.040625
0 0.34444444444444444 0.405859375 0.025 0.01015625
0 0.5479166666666667 0.347265625 0.043055555555555555 0.02109375
0 0.4736111111111111 0.275390625 0.03333333333333333 0.01953125
0 0.5319444444444444 0.281640625 0.041666666666666664 0.03984375
0 0.8895833333333333 0.25 0.04861111111111111 0.028125
0 0.37916666666666665 0.240625 0.030555555555555555 0.0125
0 0.8284722222222223 0.234375 0.05694444444444444 0.028125
0 0.7208333333333333 0.229296875 0.030555555555555555 0.01953125
0 0.5243055555555556 0.2 0.043055555555555555 0.0265625
0 0.5868055555555556 0.159375 0.17916666666666667 0.0515625
0 0.46875 0.124609375 0.02638888888888889 0.01640625
0 0.4979166666666667 0.114453125 0.02638888888888889 0.02265625
0 0.6006944444444444 0.104296875 0.05138888888888889 0.02421875
0 0.5388888888888889 0.102734375 0.05277777777777778 0.03515625
0 0.65625 0.0953125 0.02638888888888889 0.0234375
0 0.5583333333333333 0.033203125 0.12777777777777777 0.06328125
