0 0.8013888888888889 0.615625 0.059722222222222225 0.028125
0 0.5236111111111111 0.5765625 0.041666666666666664 0.03359375
0 0.5708333333333333 0.5640625 0.09166666666666666 0.05546875
0 0.6375 0.5078125 0.06111111111111111 0.0421875
0 0.9680555555555556 0.4765625 0.03194444444444444 0.03203125
0 0.7638888888888888 0.41640625 0.029166666666666667 0.01875
0 0.49583333333333335 0.39765625 0.03194444444444444 0.02109375
0 0.3111111111111111 0.315625 0.043055555555555555 0.03671875
0 0.5277777777777778 0.303125 0.06388888888888888 0.0296875
0 0.011111111111111112 0.28828125 0.030555555555555555 0.01875
0 0.5388888888888889 0.2859375 0.030555555555555555 0.01640625
0 0.5791666666666667 0.28125 0.03333333333333333 0.01953125
0 0.7375 0.278125 0.043055555555555555 0.01953125
0 0.5652777777777778 0.2578125 0.0763888888888889 0.02421875
0 0.825 0.246875 0.06388888888888888 0.0234375
0 0.725 0.2421875 0.04722222222222222 0.02734375
0 0.775 0.24140625 0.043055555555555555 0.02265625
0 0.6708333333333333 0.20390625 0.07361111111111111 0.03515625
0 0.5 0.18125 0.0625 0.02890625
0 0.6458333333333334 0.09609375 0.05416666666666667 0.0375
