0 0.8930555555555556 0.7796875 0.08055555555555556 0.0453125
0 0.33194444444444443 0.765625 0.05138888888888889 0.025
0 0.46805555555555556 0.7234375 0.03888888888888889 0.03125
0 0.9402777777777778 0.68359375 0.059722222222222225 0.025
0 0.8611111111111112 0.6796875 0.0375 0.0234375
0 0.8833333333333333 0.6546875 0.058333333333333334 0.028125
0 0.6666666666666666 0.64765625 0.020833333333333332 0.01484375
0 0.7347222222222223 0.64453125 0.030555555555555555 0.01328125
0 0.9333333333333333 0.6296875 0.05555555555555555 0.02890625
0 0.5138888888888888 0.6109375 0.058333333333333334 0.03671875
0 0.8305555555555556 0.58671875 0.10555555555555556 0.05390625
0 0.6486111111111111 0.575 0.06805555555555555 0.03671875
0 0.9208333333333333 0.5671875 0.025 0.01484375
0 0.8222222222222222 0.55625 0.027777777777777776 0.01171875
0 0.7513888888888889 0.53203125 0.0375 0.02890625
0 0.7027777777777777 0.52265625 0.05416666666666667 0.01953125
0 0.12638888888888888 0.503125 0.04027777777777778 0.015625
0 0.6611111111111111 0.4984375 0.05555555555555555 0.0265625
0 0.8652777777777778 0.48046875 0.09583333333333334 0.05234375
0 0.6041666666666666 0.4546875 0.15694444444444444 0.05625
0 0.0 0.45 0.06111111111111111 0.02421875
0 0.09305555555555556 0.44296875 0.05416666666666667 0.03046875
0 0.6736111111111112 0.41640625 0.03194444444444444 0.0265625
0 0.9388888888888889 0.40859375 0.05694444444444444 0.034375
0 0.5375 0.3 0.08333333333333333 0.03984375
0 0.001388888888888889 0.29375 0.020833333333333332 0.0203125
0 0.0625 0.27890625 0.016666666666666666 0.02265625
0 0.5875 0.265625 0.03888888888888889 0.0328125
0 0.8027777777777778 0.25234375 0.02361111111111111 0.02265625
0 0.018055555555555554 0.24765625 0.06805555555555555 0.03203125
0 0.7875 0.23203125 0.020833333333333332 0.01171875
0 0.6444444444444445 0.17734375 0.058333333333333334 0.0359375
0 0.7777777777777778 0.1234375 0.058333333333333334 0.025
0 0.6958333333333333 0.11953125 0.05138888888888889 0.03046875
0 0.6472222222222223 0.1 0.02638888888888889 0.02265625
0 0.6861111111111111 0.0859375 0.05277777777777778 0.025
