0 0.5680555555555555 0.67109375 0.05 0.0234375
0 0.36666666666666664 0.665625 0.019444444444444445 0.0140625
0 0.6319444444444444 0.62578125 0.04583333333333333 0.0265625
0 0.41805555555555557 0.625 0.029166666666666667 0.0140625
0 0.20972222222222223 0.6171875 0.03611111111111111 0.01953125
0 0.5236111111111111 0.61015625 0.04722222222222222 0.02890625
0 0.2986111111111111 0.59921875 0.027777777777777776 0.0140625
0 0.17083333333333334 0.59375 0.027777777777777776 0.01484375
0 0.37083333333333335 0.59140625 0.03333333333333333 0.0171875
0 0.5375 0.58671875 0.04027777777777778 0.0203125
0 0.2833333333333333 0.57421875 0.034722222222222224 0.0171875
0 0.32916666666666666 0.56328125 0.05138888888888889 0.0234375
0 0.4125 0.559375 0.04722222222222222 0.02734375
0 0.6888888888888889 0.5578125 0.029166666666666667 0.021875
0 0.2625 0.54921875 0.041666666666666664 0.02265625
0 0.6013888888888889 0.540625 0.05277777777777778 0.03203125
0 0.16527777777777777 0.53203125 0.013888888888888888 0.0078125
0 0.4777777777777778 0.53046875 0.04722222222222222 0.0265625
0 0.6708333333333333 0.51796875 0.03888888888888889 0.0234375
0 0.875 0.51171875 0.041666666666666664 0.025
0 0.7819444444444444 0.5078125 0.03611111111111111 0.01640625
0 0.2833333333333333 0.503125 0.04861111111111111 0.0234375
0 0.9291666666666667 0.50234375 0.06111111111111111 0.025
0 0.7513888888888889 0.4765625 0.04583333333333333 0.028125
0 0.6597222222222222 0.47578125 0.034722222222222224 0.01640625
0 0.5902777777777778 0.47421875 0.04583333333333333 0.0234375
0 0.7194444444444444 0.47109375 0.020833333333333332 0.01953125
0 0.009722222222222222 0.46796875 0.025 0.01796875
0 0.5291666666666667 0.46640625 0.04027777777777778 0.0234375
0 0.7083333333333334 0.4421875 0.034722222222222224 0.0265625
0 0.9388888888888889 0.4328125 0.04583333333333333 0.0234375
0 0.3902777777777778 0.41171875 0.022222222222222223 0.01328125
0 0.5208333333333334 0.41015625 0.06666666666666667 0.0203125
0 0.5138888888888888 0.38828125 0.019444444444444445 0.0109375
0 0.0 0.3875 0.03194444444444444 0.02734375
0 0.027777777777777776 0.37265625 0.041666666666666664 0.0265625
0 0.3527777777777778 0.36796875 0.029166666666666667 0.0171875
0 0.4652777777777778 0.3671875 0.015277777777777777 0.00859375
0 0.4486111111111111 0.3578125 0.019444444444444445 0.00625
0 0.4097222222222222 0.3515625 0.022222222222222223 0.0140625
0 0.2388888888888889 0.34375 0.043055555555555555 0.028125
0 0.7902777777777777 0.3390625 0.02361111111111111 0.0125
0 0.06805555555555555 0.3328125 0.029166666666666667 0.01171875
0 0.2125 0.33125 0.03194444444444444 0.015625
0 0.9055555555555556 0.3203125 0.016666666666666666 0.0140625
0 0.8652777777777778 0.3203125 0.025 0.015625
0 0.8902777777777777 0.31875 0.018055555555555554 0.0125
0 0.16805555555555557 0.3109375 0.05 0.02734375
0 0.9388888888888889 0.30703125 0.020833333333333332 0.009375
0 0.8583333333333333 0.3046875 0.019444444444444445 0.0140625
0 0.7569444444444444 0.30078125 0.041666666666666664 0.02421875
0 0.37083333333333335 0.3 0.03194444444444444 0.0171875
0 0.005555555555555556 0.296875 0.041666666666666664 0.02421875
0 0.8930555555555556 0.2953125 0.025 0.0109375
0 0.8513888888888889 0.2875 0.029166666666666667 0.01484375
0 0.9402777777777778 0.2765625 0.030555555555555555 0.01484375
0 0.9861111111111112 0.271875 0.0125 0.025
0 0.25833333333333336 0.26796875 0.029166666666666667 0.01015625
0 0.8208333333333333 0.2640625 0.02638888888888889 0.0171875
0 0.7555555555555555 0.26015625 0.0625 0.03046875
0 0.26944444444444443 0.253125 0.025 0.00703125
0 0.058333333333333334 0.2484375 0.04722222222222222 0.0296875
0 0.18472222222222223 0.24609375 0.030555555555555555 0.01875
0 0.7694444444444445 0.24453125 0.027777777777777776 0.0125
0 0.4722222222222222 0.24375 0.02638888888888889 0.01640625
0 0.3125 0.24296875 0.03194444444444444 0.0203125
0 0.8125 0.2390625 0.025 0.02421875
0 0.9333333333333333 0.2375 0.027777777777777776 0.01875
0 0.41388888888888886 0.23125 0.03333333333333333 0.0171875
0 0.6055555555555555 0.228125 0.03194444444444444 0.01953125
0 0.9138888888888889 0.22578125 0.020833333333333332 0.02734375
0 0.24444444444444444 0.22578125 0.027777777777777776 0.0171875
0 0.5444444444444444 0.22421875 0.029166666666666667 0.01796875
0 0.20833333333333334 0.2203125 0.029166666666666667 0.0125
0 0.2763888888888889 0.215625 0.1 0.03671875
0 0.6458333333333334 0.21015625 0.034722222222222224 0.01875
0 0.6833333333333333 0.20078125 0.03333333333333333 0.02109375
0 0.03611111111111111 0.1953125 0.04722222222222222 0.02890625
0 0.5694444444444444 0.19375 0.034722222222222224 0.02421875
0 0.8083333333333333 0.19296875 0.018055555555555554 0.0109375
0 0.45694444444444443 0.1828125 0.020833333333333332 0.0203125
0 0.34444444444444444 0.18125 0.02361111111111111 0.01796875
0 0.7486111111111111 0.17890625 0.018055555555555554 0.01484375
0 0.7013888888888888 0.17578125 0.03611111111111111 0.02109375
0 0.6055555555555555 0.175 0.07916666666666666 0.0484375
0 0.525 0.1734375 0.022222222222222223 0.02265625
0 0.7652777777777777 0.16640625 0.041666666666666664 0.015625
0 0.42083333333333334 0.15546875 0.03611111111111111 0.01796875
0 0.7361111111111112 0.153125 0.03333333333333333 0.02109375
0 0.4930555555555556 0.13984375 0.041666666666666664 0.021875
0 0.0125 0.12734375 0.04027777777777778 0.028125
0 0.07777777777777778 0.1265625 0.041666666666666664 0.02421875
0 0.02361111111111111 0.090625 0.07222222222222222 0.0390625
0 0.05694444444444444 0.0796875 0.04027777777777778 0.02578125
0 0.001388888888888889 0.07890625 0.020833333333333332 0.01875
