0 0.5166666666666667 0.55234375 0.041666666666666664 0.02421875
0 0.4986111111111111 0.53203125 0.03888888888888889 0.02265625
0 0.2763888888888889 0.5046875 0.02361111111111111 0.0203125
0 0.46944444444444444 0.4984375 0.034722222222222224 0.01875
0 0.5083333333333333 0.4890625 0.05416666666666667 0.0328125
0 0.8361111111111111 0.48359375 0.044444444444444446 0.02265625
0 0.5527777777777778 0.4796875 0.04722222222222222 0.0171875
0 0.7861111111111111 0.47109375 0.043055555555555555 0.02265625
0 0.5013888888888889 0.440625 0.019444444444444445 0.01171875
0 0.3680555555555556 0.440625 0.03194444444444444 0.01796875
0 0.3194444444444444 0.43046875 0.05 0.03046875
0 0.8486111111111111 0.42890625 0.07222222222222222 0.028125
0 0.48055555555555557 0.41953125 0.034722222222222224 0.01328125
0 0.13472222222222222 0.41328125 0.02638888888888889 0.01015625
0 0.22083333333333333 0.4078125 0.03888888888888889 0.01875
0 0.475 0.403125 0.022222222222222223 0.0109375
0 0.9583333333333334 0.3859375 0.027777777777777776 0.02421875
0 0.19444444444444445 0.384375 0.03194444444444444 0.01484375
0 0.8652777777777778 0.3796875 0.044444444444444446 0.02265625
0 0.33055555555555555 0.37265625 0.027777777777777776 0.01484375
0 0.004166666666666667 0.3578125 0.034722222222222224 0.02109375
0 0.8986111111111111 0.35078125 0.058333333333333334 0.03359375
0 0.7569444444444444 0.35 0.05555555555555555 0.03125
0 0.6902777777777778 0.34921875 0.044444444444444446 0.01953125
0 0.25972222222222224 0.34375 0.019444444444444445 0.009375
0 0.05277777777777778 0.34296875 0.02638888888888889 0.0203125
0 0.6333333333333333 0.33984375 0.025 0.01328125
0 0.2763888888888889 0.3375 0.03333333333333333 0.01875
0 0.07916666666666666 0.33359375 0.04027777777777778 0.01796875
0 0.6722222222222223 0.3328125 0.03194444444444444 0.01640625
0 0.7458333333333333 0.33203125 0.03888888888888889 0.01953125
0 0.7069444444444445 0.33203125 0.027777777777777776 0.015625
0 0.7861111111111111 0.3296875 0.043055555555555555 0.025
0 0.3333333333333333 0.321875 0.03333333333333333 0.021875
0 0.17222222222222222 0.3203125 0.03194444444444444 0.0171875
0 0.6444444444444445 0.3109375 0.044444444444444446 0.02265625
0 0.08055555555555556 0.30546875 0.030555555555555555 0.015625
0 0.7013888888888888 0.303125 0.041666666666666664 0.021875
0 0.9402777777777778 0.28671875 0.030555555555555555 0.01875
0 0.7680555555555556 0.28515625 0.03611111111111111 0.0234375
0 0.3277777777777778 0.259375 0.022222222222222223 0.01640625
0 0.4361111111111111 0.2578125 0.06388888888888888 0.0453125
0 0.5611111111111111 0.2515625 0.025 0.02109375
0 0.675 0.20625 0.03194444444444444 0.021875
0 0.5013888888888889 0.18125 0.075 0.02890625
0 0.43194444444444446 0.16171875 0.03888888888888889 0.02890625
0 0.3875 0.1546875 0.03194444444444444 0.0265625
