0 0.8180555555555555 0.6609375 0.041666666666666664 0.025
0 0.3111111111111111 0.6125 0.025 0.02109375
0 0.20694444444444443 0.59140625 0.025 0.01796875
0 0.5444444444444444 0.5828125 0.04583333333333333 0.02578125
0 0.03611111111111111 0.57109375 0.03611111111111111 0.02109375
0 0.3597222222222222 0.5671875 0.044444444444444446 0.04609375
0 0.5097222222222222 0.559375 0.034722222222222224 0.01484375
0 0.43333333333333335 0.5296875 0.02638888888888889 0.01328125
0 0.8305555555555556 0.52421875 0.03888888888888889 0.015625
0 0.6930555555555555 0.50078125 0.05138888888888889 0.02265625
0 0.6375 0.48359375 0.03611111111111111 0.021875
0 0.5375 0.4515625 0.043055555555555555 0.01796875
0 0.6819444444444445 0.44453125 0.044444444444444446 0.01875
0 0.05138888888888889 0.4265625 0.05694444444444444 0.02265625
0 0.8125 0.4 0.04861111111111111 0.0203125
0 0.5791666666666667 0.37734375 0.02638888888888889 0.0140625
0 0.7111111111111111 0.3578125 0.05416666666666667 0.0171875
0 0.475 0.3515625 0.019444444444444445 0.028125
0 0.2791666666666667 0.3453125 0.04861111111111111 0.02109375
0 0.95 0.325 0.034722222222222224 0.01796875
0 0.8430555555555556 0.325 0.029166666666666667 0.01640625
0 0.7944444444444444 0.31171875 0.03888888888888889 0.02109375
0 0.3486111111111111 0.31171875 0.05 0.028125
0 0.4875 0.3078125 0.04027777777777778 0.021875
0 0.42916666666666664 0.296875 0.034722222222222224 0.0203125
0 0.6611111111111111 0.25 0.0375 0.02421875
0 0.6486111111111111 0.23046875 0.025 0.01484375
0 0.001388888888888889 0.20546875 0.018055555555555554 0.02265625
0 0.001388888888888889 0.1875 0.0125 0.01796875
0 0.6583333333333333 0.13515625 0.05416666666666667 0.02890625
0 0.7847222222222222 0.13125 0.034722222222222224 0.0203125
0 0.8444444444444444 0.11796875 0.09305555555555556 0.05390625
0 0.75 0.1078125 0.04722222222222222 0.025
0 0.7458333333333333 0.0875 0.044444444444444446 0.015625
0 0.7027777777777777 0.08359375 0.02361111111111111 0.01953125
0 0.7444444444444445 0.06015625 0.030555555555555555 0.01484375
0 0.9458333333333333 0.04375 0.05138888888888889 0.0296875
0 0.05277777777777778 0.0359375 0.03611111111111111 0.021875
0 0.6805555555555556 0.0296875 0.05416666666666667 0.0296875
0 0.8583333333333333 0.009375 0.07361111111111111 0.05234375
0 0.7083333333333334 0.0 0.05555555555555555 0.0265625
0 0.11527777777777778 0.0 0.06805555555555555 0.028125
