0 0.8055555555555556 0.5984375 0.04861111111111111 0.02265625
0 0.8652777777777778 0.57890625 0.058333333333333334 0.03046875
0 0.8527777777777777 0.56953125 0.03888888888888889 0.01640625
0 0.9097222222222222 0.50625 0.04722222222222222 0.0296875
0 0.8277777777777777 0.49765625 0.08055555555555556 0.0390625
0 0.8972222222222223 0.45859375 0.07222222222222222 0.0265625
0 0.9722222222222222 0.4171875 0.027777777777777776 0.01875
0 0.825 0.4015625 0.059722222222222225 0.01875
0 0.9833333333333333 0.35703125 0.016666666666666666 0.02734375
0 0.9138888888888889 0.35078125 0.04722222222222222 0.03359375
0 0.9222222222222223 0.31015625 0.07361111111111111 0.0296875
0 0.5722222222222222 0.29609375 0.06527777777777778 0.0359375
