0 0.03194444444444444 0.65703125 0.07361111111111111 0.03828125
0 0.9555555555555556 0.6421875 0.025 0.01796875
0 0.8638888888888889 0.6390625 0.030555555555555555 0.02109375
0 0.45 0.63828125 0.03611111111111111 0.01640625
0 0.6833333333333333 0.6234375 0.04861111111111111 0.03671875
0 0.5388888888888889 0.6140625 0.05138888888888889 0.01796875
0 0.4152777777777778 0.609375 0.034722222222222224 0.01875
0 0.9513888888888888 0.60078125 0.04583333333333333 0.0171875
0 0.7347222222222223 0.58359375 0.05277777777777778 0.0296875
0 0.8486111111111111 0.5796875 0.08333333333333333 0.0328125
0 0.6569444444444444 0.56796875 0.05 0.053125
0 0.9361111111111111 0.553125 0.06388888888888888 0.02890625
0 0.5444444444444444 0.553125 0.020833333333333332 0.0203125
0 0.26944444444444443 0.54296875 0.058333333333333334 0.02734375
0 0.19166666666666668 0.534375 0.04583333333333333 0.0234375
0 0.020833333333333332 0.53046875 0.10277777777777777 0.03515625
0 0.8166666666666667 0.51953125 0.02361111111111111 0.00703125
0 0.6569444444444444 0.5140625 0.0763888888888889 0.034375
0 0.8208333333333333 0.49140625 0.030555555555555555 0.0109375
0 0.001388888888888889 0.48984375 0.041666666666666664 0.03046875
0 0.9472222222222222 0.48125 0.04861111111111111 0.02421875
0 0.1638888888888889 0.45625 0.030555555555555555 0.0234375
0 0.8222222222222222 0.43671875 0.022222222222222223 0.01796875
0 0.9069444444444444 0.43203125 0.03333333333333333 0.015625
0 0.6541666666666667 0.4171875 0.02638888888888889 0.01796875
0 0.7708333333333334 0.40859375 0.059722222222222225 0.02890625
0 0.10972222222222222 0.40546875 0.05555555555555555 0.025
0 0.7458333333333333 0.40390625 0.020833333333333332 0.01328125
0 0.25972222222222224 0.4 0.04583333333333333 0.01953125
0 0.8902777777777777 0.3921875 0.030555555555555555 0.015625
0 0.7263888888888889 0.3921875 0.027777777777777776 0.01640625
0 0.225 0.3921875 0.030555555555555555 0.01875
0 0.9305555555555556 0.38984375 0.030555555555555555 0.01953125
0 0.4111111111111111 0.38671875 0.0375 0.02421875
0 0.9569444444444445 0.38125 0.03194444444444444 0.0140625
0 0.15 0.3765625 0.059722222222222225 0.03515625
0 0.8055555555555556 0.375 0.027777777777777776 0.02421875
0 0.6305555555555555 0.37421875 0.034722222222222224 0.01875
0 0.3055555555555556 0.3734375 0.05416666666666667 0.03125
0 0.5875 0.3390625 0.03611111111111111 0.015625
0 0.011111111111111112 0.3390625 0.030555555555555555 0.01875
0 0.32222222222222224 0.328125 0.07361111111111111 0.0390625
0 0.9680555555555556 0.32578125 0.03194444444444444 0.0234375
0 0.5444444444444444 0.3171875 0.05555555555555555 0.0296875
0 0.39861111111111114 0.30234375 0.04722222222222222 0.0203125
0 0.6916666666666667 0.30078125 0.03611111111111111 0.0234375
0 0.2902777777777778 0.27109375 0.03194444444444444 0.015625
0 0.041666666666666664 0.26171875 0.03611111111111111 0.021875
0 0.0763888888888889 0.26015625 0.041666666666666664 0.02109375
0 0.5694444444444444 0.25234375 0.04027777777777778 0.01640625
0 0.4486111111111111 0.25 0.06111111111111111 0.03515625
0 0.001388888888888889 0.24765625 0.027777777777777776 0.01796875
0 0.7625 0.228125 0.04027777777777778 0.021875
0 0.9375 0.22734375 0.03333333333333333 0.01953125
0 0.8486111111111111 0.22265625 0.027777777777777776 0.01796875
0 0.5583333333333333 0.22265625 0.02361111111111111 0.01875
0 0.2 0.2171875 0.043055555555555555 0.0203125
0 0.5972222222222222 0.21484375 0.09722222222222222 0.05
0 0.9722222222222222 0.2109375 0.027777777777777776 0.0234375
0 0.001388888888888889 0.2078125 0.02638888888888889 0.03046875
0 0.0875 0.2046875 0.06944444444444445 0.0515625
0 0.17916666666666667 0.2 0.020833333333333332 0.015625
0 0.3416666666666667 0.19609375 0.043055555555555555 0.021875
0 0.4361111111111111 0.19375 0.05694444444444444 0.03359375
0 0.23333333333333334 0.1921875 0.043055555555555555 0.02265625
0 0.8041666666666667 0.1859375 0.02638888888888889 0.015625
0 0.1361111111111111 0.18203125 0.03611111111111111 0.02265625
0 0.6611111111111111 0.17890625 0.019444444444444445 0.01953125
0 0.9569444444444445 0.16953125 0.043055555555555555 0.04375
0 0.8930555555555556 0.16953125 0.06527777777777778 0.05078125
0 0.275 0.16328125 0.05138888888888889 0.025
0 0.1875 0.1625 0.03611111111111111 0.01875
0 0.7694444444444445 0.14921875 0.04722222222222222 0.02421875
0 0.14444444444444443 0.14453125 0.03611111111111111 0.01875
0 0.8819444444444444 0.1328125 0.04722222222222222 0.0265625
0 0.15833333333333333 0.11484375 0.04027777777777778 0.02421875
0 0.06388888888888888 0.109375 0.03611111111111111 0.0203125
0 0.2625 0.08671875 0.06805555555555555 0.034375
0 0.0 0.08671875 0.05416666666666667 0.03359375
0 0.1986111111111111 0.0859375 0.025 0.0171875
0 0.2152777777777778 0.08125 0.05 0.046875
0 0.3861111111111111 0.07578125 0.075 0.06953125
0 0.020833333333333332 0.06640625 0.025 0.01640625
0 0.0 0.05625 0.013888888888888888 0.01796875
0 0.3416666666666667 0.05546875 0.03888888888888889 0.03515625
0 0.25 0.05234375 0.06805555555555555 0.02890625
0 0.11666666666666667 0.04609375 0.06111111111111111 0.0296875
0 0.18055555555555555 0.0453125 0.022222222222222223 0.00859375
