0 0.4388888888888889 0.71953125 0.027777777777777776 0.01484375
0 0.425 0.7015625 0.025 0.021875
0 0.47638888888888886 0.68828125 0.029166666666666667 0.01875
0 0.9416666666666667 0.6484375 0.025 0.0125
0 0.5986111111111111 0.646875 0.025 0.00859375
0 0.3763888888888889 0.63515625 0.022222222222222223 0.01484375
0 0.5361111111111111 0.615625 0.018055555555555554 0.01328125
0 0.2875 0.615625 0.009722222222222222 0.01328125
0 0.7777777777777778 0.61015625 0.019444444444444445 0.015625
0 0.48194444444444445 0.60390625 0.0375 0.01953125
0 0.23472222222222222 0.59296875 0.030555555555555555 0.01640625
0 0.6972222222222222 0.59140625 0.029166666666666667 0.0171875
0 0.3625 0.590625 0.020833333333333332 0.01484375
0 0.975 0.5890625 0.025 0.01796875
0 0.6555555555555556 0.58515625 0.019444444444444445 0.01640625
0 0.5944444444444444 0.56875 0.03194444444444444 0.0171875
0 0.35 0.5671875 0.041666666666666664 0.01953125
0 0.7486111111111111 0.5546875 0.03888888888888889 0.0171875
0 0.001388888888888889 0.553125 0.018055555555555554 0.0171875
0 0.7805555555555556 0.54453125 0.029166666666666667 0.0109375
0 0.2972222222222222 0.53671875 0.041666666666666664 0.02109375
0 0.8597222222222223 0.53359375 0.030555555555555555 0.01484375
0 0.8277777777777777 0.525 0.03333333333333333 0.01796875
0 0.3819444444444444 0.52421875 0.059722222222222225 0.034375
0 0.1736111111111111 0.5125 0.043055555555555555 0.025
0 0.25277777777777777 0.51015625 0.04583333333333333 0.0203125
0 0.9361111111111111 0.50859375 0.020833333333333332 0.009375
0 0.6708333333333333 0.50859375 0.0375 0.01953125
0 0.4083333333333333 0.50390625 0.04027777777777778 0.0203125
0 0.07916666666666666 0.50078125 0.043055555555555555 0.01875
0 0.32916666666666666 0.49921875 0.030555555555555555 0.01484375
0 0.7555555555555555 0.49765625 0.043055555555555555 0.01875
0 0.7402777777777778 0.47890625 0.04027777777777778 0.02421875
0 0.4222222222222222 0.46328125 0.03194444444444444 0.015625
0 0.001388888888888889 0.4515625 0.019444444444444445 0.0234375
0 0.2625 0.4421875 0.03194444444444444 0.0203125
0 0.09305555555555556 0.43515625 0.05138888888888889 0.04375
0 0.058333333333333334 0.4109375 0.044444444444444446 0.0203125
0 0.6055555555555555 0.36796875 0.029166666666666667 0.0203125
0 0.24583333333333332 0.359375 0.04027777777777778 0.0203125
0 0.43333333333333335 0.35390625 0.029166666666666667 0.0140625
0 0.5111111111111111 0.353125 0.06111111111111111 0.0234375
0 0.28194444444444444 0.34140625 0.03888888888888889 0.01796875
0 0.40694444444444444 0.33515625 0.04583333333333333 0.02265625
0 0.24305555555555555 0.3234375 0.03611111111111111 0.01953125
0 0.1527777777777778 0.31875 0.030555555555555555 0.021875
0 0.26944444444444443 0.3109375 0.027777777777777776 0.01953125
0 0.0125 0.3046875 0.09027777777777778 0.02890625
0 0.1875 0.303125 0.022222222222222223 0.01953125
0 0.10138888888888889 0.3015625 0.03194444444444444 0.02421875
0 0.43333333333333335 0.29765625 0.044444444444444446 0.02421875
0 0.49444444444444446 0.2859375 0.04722222222222222 0.021875
0 0.19305555555555556 0.28046875 0.06944444444444445 0.02578125
0 0.8583333333333333 0.2765625 0.05555555555555555 0.025
0 0.09444444444444444 0.2765625 0.08194444444444444 0.02734375
0 0.7805555555555556 0.27578125 0.034722222222222224 0.01875
0 0.5 0.2640625 0.03333333333333333 0.01953125
0 0.8138888888888889 0.26328125 0.034722222222222224 0.0234375
0 0.5347222222222222 0.2609375 0.0375 0.015625
0 0.8486111111111111 0.2484375 0.03888888888888889 0.01953125
0 0.32222222222222224 0.23984375 0.05 0.0265625
0 0.24583333333333332 0.23359375 0.030555555555555555 0.01640625
0 0.11388888888888889 0.2203125 0.10138888888888889 0.0546875
0 0.13472222222222222 0.209375 0.0375 0.0140625
0 0.37222222222222223 0.20625 0.020833333333333332 0.01640625
0 0.7194444444444444 0.20546875 0.030555555555555555 0.01171875
0 0.6375 0.19609375 0.027777777777777776 0.021875
0 0.06666666666666667 0.19296875 0.02361111111111111 0.0140625
0 0.0 0.1796875 0.06527777777777778 0.0203125
0 0.3 0.17421875 0.027777777777777776 0.0140625
0 0.075 0.17265625 0.029166666666666667 0.015625
0 0.26944444444444443 0.165625 0.02361111111111111 0.01484375
0 0.20416666666666666 0.1625 0.027777777777777776 0.0125
0 0.375 0.153125 0.034722222222222224 0.01640625
0 0.35694444444444445 0.1375 0.025 0.015625
0 0.3597222222222222 0.121875 0.0125 0.0109375
0 0.28194444444444444 0.11953125 0.03333333333333333 0.0234375
0 0.2361111111111111 0.1015625 0.027777777777777776 0.02890625
