0 0.015277777777777777 0.71328125 0.07083333333333333 0.02265625
0 0.001388888888888889 0.68046875 0.043055555555555555 0.03203125
0 0.09444444444444444 0.66640625 0.02638888888888889 0.01875
0 0.7930555555555555 0.64921875 0.04722222222222222 0.01328125
0 0.5194444444444445 0.64453125 0.043055555555555555 0.01953125
0 0.6972222222222222 0.6390625 0.0375 0.021875
0 0.39305555555555555 0.61796875 0.08888888888888889 0.0609375
0 0.6736111111111112 0.61015625 0.07777777777777778 0.03203125
0 0.5986111111111111 0.596875 0.044444444444444446 0.03671875
0 0.5111111111111111 0.58671875 0.044444444444444446 0.0171875
0 0.5930555555555556 0.56953125 0.06388888888888888 0.02578125
0 0.7152777777777778 0.55703125 0.04722222222222222 0.021875
0 0.6833333333333333 0.53515625 0.03194444444444444 0.021875
0 0.7319444444444444 0.521875 0.041666666666666664 0.01640625
0 0.6263888888888889 0.50078125 0.020833333333333332 0.01875
0 0.5527777777777778 0.44453125 0.07222222222222222 0.0328125
0 0.6916666666666667 0.4390625 0.020833333333333332 0.01640625
0 0.6458333333333334 0.43359375 0.020833333333333332 0.0125
