0 0.49722222222222223 0.7296875 0.044444444444444446 0.0140625
0 0.9388888888888889 0.67265625 0.022222222222222223 0.01875
0 0.6375 0.66796875 0.016666666666666666 0.0203125
0 0.7944444444444444 0.6625 0.027777777777777776 0.0171875
0 0.8791666666666667 0.66015625 0.03333333333333333 0.01875
0 0.9208333333333333 0.6484375 0.04027777777777778 0.01953125
0 0.27361111111111114 0.64375 0.05 0.0265625
0 0.8555555555555555 0.62734375 0.05 0.01328125
0 0.8194444444444444 0.6171875 0.016666666666666666 0.0109375
0 0.25 0.6078125 0.059722222222222225 0.0234375
0 0.6763888888888889 0.603125 0.02638888888888889 0.0234375
0 0.3013888888888889 0.59609375 0.029166666666666667 0.015625
0 0.9055555555555556 0.5578125 0.02638888888888889 0.009375
0 0.26666666666666666 0.5359375 0.075 0.02265625
0 0.06944444444444445 0.52265625 0.06666666666666667 0.03125
0 0.11805555555555555 0.48671875 0.02638888888888889 0.025
0 0.3263888888888889 0.44921875 0.04027777777777778 0.0203125
0 0.49722222222222223 0.44375 0.041666666666666664 0.0234375
0 0.17083333333333334 0.43671875 0.03888888888888889 0.0171875
0 0.22777777777777777 0.43515625 0.03611111111111111 0.02421875
0 0.5458333333333333 0.43125 0.030555555555555555 0.0125
0 0.7041666666666667 0.4171875 0.0375 0.02734375
0 0.3125 0.415625 0.04861111111111111 0.03046875
0 0.6388888888888888 0.4046875 0.02638888888888889 0.0140625
0 0.6083333333333333 0.3890625 0.029166666666666667 0.02265625
0 0.6583333333333333 0.3859375 0.030555555555555555 0.02265625
0 0.3333333333333333 0.35234375 0.027777777777777776 0.0171875
0 0.29305555555555557 0.3453125 0.04027777777777778 0.0203125
0 0.5111111111111111 0.18671875 0.0375 0.028125
