0 0.8541666666666666 0.60546875 0.07222222222222222 0.04453125
0 0.6263888888888889 0.57109375 0.034722222222222224 0.0265625
0 0.07777777777777778 0.56796875 0.025 0.02109375
0 0.5791666666666667 0.565625 0.030555555555555555 0.025
0 0.11527777777777778 0.559375 0.0375 0.021875
0 0.8208333333333333 0.55546875 0.06111111111111111 0.03046875
0 0.9583333333333334 0.540625 0.04027777777777778 0.02109375
0 0.12361111111111112 0.52421875 0.043055555555555555 0.0203125
0 0.009722222222222222 0.46640625 0.03888888888888889 0.0359375
0 0.7111111111111111 0.44921875 0.034722222222222224 0.0109375
0 0.029166666666666667 0.4375 0.0375 0.01484375
0 0.3013888888888889 0.428125 0.020833333333333332 0.01171875
0 0.26805555555555555 0.41796875 0.03611111111111111 0.01640625
0 0.043055555555555555 0.41484375 0.02638888888888889 0.01640625
0 0.44166666666666665 0.4046875 0.034722222222222224 0.0296875
0 0.5472222222222223 0.39765625 0.0375 0.01796875
0 0.4 0.384375 0.0375 0.01171875
0 0.5041666666666667 0.38359375 0.019444444444444445 0.01484375
0 0.10972222222222222 0.38125 0.027777777777777776 0.0078125
0 0.7263888888888889 0.38046875 0.027777777777777776 0.01796875
0 0.16111111111111112 0.37890625 0.020833333333333332 0.0125
0 0.6930555555555555 0.375 0.03333333333333333 0.021875
0 0.15555555555555556 0.3609375 0.027777777777777776 0.015625
0 0.44305555555555554 0.3578125 0.029166666666666667 0.01875
0 0.9625 0.353125 0.03333333333333333 0.02109375
0 0.6125 0.34921875 0.019444444444444445 0.01875
0 0.2361111111111111 0.34375 0.03611111111111111 0.02734375
0 0.8291666666666667 0.34140625 0.04722222222222222 0.03125
0 0.33611111111111114 0.33515625 0.0375 0.01953125
0 0.9361111111111111 0.33203125 0.03611111111111111 0.02421875
0 0.18055555555555555 0.31484375 0.029166666666666667 0.02109375
0 0.8166666666666667 0.2953125 0.04583333333333333 0.0265625
0 0.7805555555555556 0.2921875 0.03611111111111111 0.025
0 0.7930555555555555 0.2734375 0.04861111111111111 0.028125
0 0.6083333333333333 0.26640625 0.04027777777777778 0.015625
0 0.8611111111111112 0.26171875 0.03194444444444444 0.02109375
0 0.11805555555555555 0.234375 0.03888888888888889 0.01796875
0 0.8111111111111111 0.18359375 0.044444444444444446 0.02421875
0 0.8138888888888889 0.15390625 0.022222222222222223 0.02265625
0 0.7680555555555556 0.15 0.02638888888888889 0.021875
