0 0.5791666666666667 0.63359375 0.04722222222222222 0.025
0 0.44513888888888886 0.62109375 0.04583333333333333 0.0234375
0 0.30416666666666664 0.604296875 0.05555555555555555 0.02890625
0 0.32083333333333336 0.578125 0.022222222222222223 0.015625
0 0.6715277777777777 0.545703125 0.04583333333333333 0.02890625
0 0.32569444444444445 0.53671875 0.04861111111111111 0.03125
0 0.5868055555555556 0.5203125 0.06805555555555555 0.0390625
0 0.48541666666666666 0.51015625 0.05694444444444444 0.0296875
0 0.6638888888888889 0.496875 0.03888888888888889 0.0296875
0 0.015277777777777777 0.48671875 0.030555555555555555 0.0265625
0 0.2125 0.455859375 0.03333333333333333 0.01328125
0 0.7347222222222223 0.462109375 0.044444444444444446 0.03046875
0 0.6361111111111111 0.451171875 0.03888888888888889 0.01953125
0 0.5979166666666667 0.441796875 0.02638888888888889 0.00859375
0 0.18958333333333333 0.439453125 0.0375 0.01796875
0 0.5583333333333333 0.41875 0.025 0.0109375
0 0.6020833333333333 0.3453125 0.043055555555555555 0.0234375
0 0.6166666666666667 0.2828125 0.058333333333333334 0.034375
0 0.5527777777777778 0.13359375 0.030555555555555555 0.0140625
0 0.4527777777777778 0.141015625 0.058333333333333334 0.03671875
