0 0.26805555555555555 0.72734375 0.05277777777777778 0.02421875
0 0.11944444444444445 0.70546875 0.059722222222222225 0.02734375
0 0.9819444444444444 0.690625 0.018055555555555554 0.0125
0 0.9875 0.671875 0.0125 0.01796875
0 0.7333333333333333 0.66484375 0.03888888888888889 0.015625
0 0.5736111111111111 0.590625 0.058333333333333334 0.025
0 0.5472222222222223 0.5734375 0.05694444444444444 0.0234375
0 0.6166666666666667 0.5640625 0.03611111111111111 0.01875
0 0.2763888888888889 0.54140625 0.044444444444444446 0.025
0 0.19583333333333333 0.459375 0.018055555555555554 0.01171875
0 0.22916666666666666 0.4484375 0.0375 0.02109375
