0 0.6486111111111111 0.6828125 0.034722222222222224 0.0140625
0 0.8347222222222223 0.66953125 0.027777777777777776 0.01796875
0 0.9847222222222223 0.6609375 0.015277777777777777 0.01796875
0 0.8569444444444444 0.6390625 0.041666666666666664 0.021875
0 0.9861111111111112 0.62578125 0.013888888888888888 0.01796875
0 0.575 0.6171875 0.03888888888888889 0.0234375
0 0.5013888888888889 0.61328125 0.025 0.01875
0 0.4486111111111111 0.61328125 0.03194444444444444 0.0171875
0 0.9069444444444444 0.61171875 0.03888888888888889 0.01875
0 0.4597222222222222 0.590625 0.02361111111111111 0.00859375
0 0.37916666666666665 0.58984375 0.030555555555555555 0.02421875
0 0.55 0.5796875 0.058333333333333334 0.01875
0 0.4708333333333333 0.5609375 0.044444444444444446 0.01484375
0 0.6013888888888889 0.5421875 0.022222222222222223 0.01640625
0 0.49722222222222223 0.49921875 0.04027777777777778 0.021875
0 0.5402777777777777 0.47109375 0.03611111111111111 0.0171875
0 0.5902777777777778 0.46484375 0.04583333333333333 0.02109375
0 0.5361111111111111 0.43515625 0.03333333333333333 0.02421875
