0 0.7791666666666667 0.7421875 0.016666666666666666 0.015625
0 0.7013888888888888 0.740625 0.05694444444444444 0.02578125
0 0.059722222222222225 0.7234375 0.03333333333333333 0.02421875
0 0.725 0.7203125 0.019444444444444445 0.00625
0 0.6611111111111111 0.7140625 0.0125 0.0109375
0 0.5930555555555556 0.71015625 0.027777777777777776 0.0140625
0 0.575 0.70390625 0.020833333333333332 0.0140625
0 0.6375 0.6984375 0.018055555555555554 0.0109375
0 0.8430555555555556 0.6921875 0.016666666666666666 0.0125
0 0.07777777777777778 0.6921875 0.030555555555555555 0.01875
0 0.6097222222222223 0.66875 0.03611111111111111 0.0234375
0 0.8375 0.66640625 0.02638888888888889 0.0125
0 0.0375 0.665625 0.015277777777777777 0.01953125
0 0.2513888888888889 0.65234375 0.044444444444444446 0.0171875
0 0.2972222222222222 0.63984375 0.05416666666666667 0.02265625
0 0.7958333333333333 0.6390625 0.034722222222222224 0.01875
0 0.8152777777777778 0.61796875 0.018055555555555554 0.00859375
0 0.5319444444444444 0.6140625 0.03611111111111111 0.01640625
0 0.5 0.60625 0.03194444444444444 0.0078125
0 0.6902777777777778 0.6015625 0.027777777777777776 0.01328125
0 0.23194444444444445 0.60078125 0.0125 0.0078125
0 0.45416666666666666 0.59765625 0.020833333333333332 0.01796875
0 0.5666666666666667 0.584375 0.03194444444444444 0.0125
0 0.25 0.5640625 0.020833333333333332 0.0109375
0 0.5916666666666667 0.56171875 0.009722222222222222 0.00546875
0 0.6027777777777777 0.5546875 0.020833333333333332 0.01171875
0 0.5013888888888889 0.553125 0.020833333333333332 0.0125
0 0.26944444444444443 0.53828125 0.015277777777777777 0.009375
0 0.25416666666666665 0.5234375 0.016666666666666666 0.0078125
0 0.34444444444444444 0.4671875 0.05 0.015625
0 0.7236111111111111 0.46484375 0.0125 0.00703125
0 0.6958333333333333 0.43984375 0.016666666666666666 0.01328125
0 0.7347222222222223 0.43515625 0.013888888888888888 0.01171875
0 0.5902777777777778 0.43203125 0.0125 0.00703125
0 0.38055555555555554 0.42734375 0.013888888888888888 0.00546875
0 0.1736111111111111 0.41875 0.013888888888888888 0.009375
0 0.45694444444444443 0.4046875 0.0125 0.01171875
0 0.2777777777777778 0.40234375 0.030555555555555555 0.01640625
0 0.4013888888888889 0.4 0.020833333333333332 0.015625
0 0.5138888888888888 0.39921875 0.013888888888888888 0.00859375
0 0.6180555555555556 0.39140625 0.03194444444444444 0.00859375
0 0.14444444444444443 0.384375 0.019444444444444445 0.01171875
0 0.3902777777777778 0.3828125 0.006944444444444444 0.00625
0 0.3625 0.38046875 0.011111111111111112 0.00703125
0 0.16666666666666666 0.3640625 0.043055555555555555 0.03828125
0 0.32222222222222224 0.35859375 0.027777777777777776 0.0140625
0 0.7027777777777777 0.35625 0.018055555555555554 0.0109375
0 0.6763888888888889 0.3390625 0.018055555555555554 0.01015625
0 0.41388888888888886 0.321875 0.008333333333333333 0.0078125
0 0.5444444444444444 0.31328125 0.022222222222222223 0.01171875
0 0.5333333333333333 0.29453125 0.013888888888888888 0.01484375
0 0.6138888888888889 0.28125 0.02638888888888889 0.01484375
0 0.5847222222222223 0.28125 0.02638888888888889 0.0171875
0 0.47638888888888886 0.26796875 0.03333333333333333 0.01796875
0 0.5597222222222222 0.26328125 0.022222222222222223 0.0171875
0 0.6069444444444444 0.26171875 0.019444444444444445 0.01015625
0 0.41805555555555557 0.2609375 0.025 0.01796875
0 0.3888888888888889 0.26015625 0.027777777777777776 0.01640625
0 0.4736111111111111 0.25859375 0.018055555555555554 0.01015625
0 0.6583333333333333 0.25703125 0.0125 0.0125
0 0.5986111111111111 0.25 0.011111111111111112 0.01328125
0 0.5013888888888889 0.25 0.027777777777777776 0.01796875
0 0.4041666666666667 0.246875 0.020833333333333332 0.01015625
0 0.46944444444444444 0.240625 0.020833333333333332 0.01328125
0 0.5708333333333333 0.22734375 0.025 0.0140625
0 0.4527777777777778 0.1890625 0.02361111111111111 0.01171875
0 0.5236111111111111 0.18828125 0.011111111111111112 0.0078125
