0 0.8180555555555555 0.81171875 0.03888888888888889 0.02265625
0 0.9666666666666667 0.76640625 0.03333333333333333 0.0328125
0 0.24305555555555555 0.73203125 0.11388888888888889 0.034375
0 0.7652777777777777 0.7234375 0.03194444444444444 0.0140625
0 0.21388888888888888 0.70234375 0.05555555555555555 0.03125
0 0.35555555555555557 0.66796875 0.05138888888888889 0.025
0 0.6222222222222222 0.665625 0.022222222222222223 0.01640625
0 0.0 0.6640625 0.03611111111111111 0.02421875
0 0.7791666666666667 0.6296875 0.022222222222222223 0.01328125
0 0.0 0.61796875 0.020833333333333332 0.02421875
0 0.3125 0.57890625 0.03888888888888889 0.02265625
0 0.6888888888888889 0.571875 0.030555555555555555 0.015625
0 0.2722222222222222 0.56796875 0.0375 0.028125
0 0.5888888888888889 0.55625 0.04583333333333333 0.025
0 0.6513888888888889 0.534375 0.04583333333333333 0.0234375
0 0.5972222222222222 0.52578125 0.05138888888888889 0.0296875
0 0.38333333333333336 0.50390625 0.034722222222222224 0.01640625
0 0.6138888888888889 0.50078125 0.03194444444444444 0.0140625
0 0.5361111111111111 0.49296875 0.029166666666666667 0.01796875
0 0.4125 0.4703125 0.044444444444444446 0.02578125
0 0.6375 0.46875 0.058333333333333334 0.02890625
0 0.4013888888888889 0.45078125 0.029166666666666667 0.0109375
0 0.44722222222222224 0.44453125 0.05 0.02890625
0 0.6513888888888889 0.42421875 0.04861111111111111 0.028125
0 0.5666666666666667 0.42265625 0.043055555555555555 0.02109375
0 0.26805555555555555 0.41015625 0.034722222222222224 0.0265625
0 0.7166666666666667 0.40546875 0.015277777777777777 0.0203125
0 0.6277777777777778 0.3859375 0.041666666666666664 0.0265625
0 0.6763888888888889 0.38046875 0.034722222222222224 0.0265625
0 0.6055555555555555 0.35546875 0.07083333333333333 0.02734375
0 0.40694444444444444 0.34609375 0.034722222222222224 0.0265625
0 0.6194444444444445 0.3359375 0.03611111111111111 0.01953125
0 0.3736111111111111 0.33046875 0.034722222222222224 0.0078125
0 0.41944444444444445 0.328125 0.02361111111111111 0.00859375
0 0.45694444444444443 0.3234375 0.08194444444444444 0.0390625
0 0.4583333333333333 0.30703125 0.06527777777777778 0.01484375
0 0.6972222222222222 0.27734375 0.04027777777777778 0.028125
0 0.6194444444444445 0.2328125 0.0375 0.02421875
0 0.44583333333333336 0.23203125 0.09166666666666666 0.0703125
0 0.5902777777777778 0.20625 0.027777777777777776 0.0140625
0 0.5194444444444445 0.1203125 0.05138888888888889 0.03125
0 0.49027777777777776 0.0703125 0.04861111111111111 0.0203125
