0 0.6166666666666667 0.95859375 0.059722222222222225 0.03828125
0 0.8111111111111111 0.9578125 0.058333333333333334 0.02734375
0 0.17777777777777778 0.934375 0.07777777777777778 0.04609375
0 0.6180555555555556 0.9234375 0.058333333333333334 0.034375
0 0.3055555555555556 0.8609375 0.05 0.02578125
0 0.8083333333333333 0.86015625 0.059722222222222225 0.02734375
0 0.8972222222222223 0.85625 0.03194444444444444 0.0234375
0 0.7652777777777777 0.85234375 0.044444444444444446 0.0296875
0 0.4222222222222222 0.84375 0.03333333333333333 0.0203125
0 0.6152777777777778 0.82421875 0.05 0.02265625
0 0.7402777777777778 0.81171875 0.020833333333333332 0.0171875
0 0.7625 0.81015625 0.05277777777777778 0.03046875
0 0.19166666666666668 0.7921875 0.04861111111111111 0.0265625
0 0.23472222222222222 0.77109375 0.05555555555555555 0.03046875
0 0.4152777777777778 0.75078125 0.05694444444444444 0.0359375
0 0.28194444444444444 0.69296875 0.09027777777777778 0.06484375
0 0.5597222222222222 0.6578125 0.05416666666666667 0.0421875
0 0.7319444444444444 0.65234375 0.030555555555555555 0.015625
0 0.6555555555555556 0.64140625 0.05138888888888889 0.0265625
0 0.40555555555555556 0.63671875 0.027777777777777776 0.02109375
0 0.25277777777777777 0.6203125 0.06388888888888888 0.0421875
0 0.7333333333333333 0.61640625 0.04583333333333333 0.02109375
0 0.8 0.6078125 0.04583333333333333 0.02421875
0 0.3597222222222222 0.58984375 0.0375 0.02890625
0 0.7166666666666667 0.58515625 0.05277777777777778 0.02890625
0 0.37916666666666665 0.5484375 0.027777777777777776 0.015625
0 0.5819444444444445 0.5453125 0.05277777777777778 0.03359375
0 0.49444444444444446 0.5390625 0.04027777777777778 0.01953125
0 0.6875 0.5203125 0.022222222222222223 0.01796875
0 0.5444444444444444 0.51484375 0.02361111111111111 0.00859375
0 0.4 0.5078125 0.05 0.02421875
0 0.5666666666666667 0.48203125 0.05138888888888889 0.025
0 0.49027777777777776 0.39375 0.03194444444444444 0.0171875
0 0.4305555555555556 0.3796875 0.05138888888888889 0.025
0 0.33611111111111114 0.3796875 0.05416666666666667 0.028125
0 0.35833333333333334 0.3359375 0.07777777777777778 0.03203125
0 0.4736111111111111 0.29921875 0.030555555555555555 0.0234375
0 0.4388888888888889 0.271875 0.03194444444444444 0.0203125
0 0.40694444444444444 0.215625 0.03194444444444444 0.0203125
