0 0.9013888888888889 0.58515625 0.03333333333333333 0.01640625
0 0.625 0.56328125 0.016666666666666666 0.01171875
0 0.95 0.5453125 0.03333333333333333 0.0125
0 0.9388888888888889 0.40546875 0.043055555555555555 0.01640625
0 0.5027777777777778 0.39296875 0.02638888888888889 0.01640625
0 0.4 0.3875 0.041666666666666664 0.01484375
0 0.7569444444444444 0.3625 0.015277777777777777 0.01640625
0 0.7819444444444444 0.315625 0.034722222222222224 0.01953125
0 0.8027777777777778 0.30078125 0.03333333333333333 0.01953125
0 0.6569444444444444 0.28671875 0.04861111111111111 0.03125
