0 0.07222222222222222 0.7609375 0.05 0.02890625
0 0.07222222222222222 0.72890625 0.043055555555555555 0.0171875
0 0.49722222222222223 0.70234375 0.03611111111111111 0.025
0 0.6972222222222222 0.70078125 0.04722222222222222 0.028125
0 0.1125 0.6875 0.034722222222222224 0.0328125
0 0.6972222222222222 0.6796875 0.02361111111111111 0.02109375
0 0.06805555555555555 0.671875 0.030555555555555555 0.01953125
0 0.8958333333333334 0.665625 0.04027777777777778 0.01953125
0 0.7694444444444445 0.66328125 0.05 0.0265625
0 0.5875 0.65546875 0.04027777777777778 0.02109375
0 0.5 0.653125 0.02361111111111111 0.02421875
0 0.20277777777777778 0.6515625 0.034722222222222224 0.02578125
0 0.15416666666666667 0.64453125 0.029166666666666667 0.01953125
0 0.42777777777777776 0.6421875 0.03611111111111111 0.0265625
0 0.3638888888888889 0.63359375 0.03611111111111111 0.02265625
0 0.10833333333333334 0.603125 0.03888888888888889 0.0234375
0 0.2638888888888889 0.59296875 0.04722222222222222 0.01796875
0 0.8527777777777777 0.58515625 0.0625 0.0296875
0 0.37777777777777777 0.5796875 0.043055555555555555 0.02734375
0 0.5291666666666667 0.571875 0.030555555555555555 0.01484375
0 0.3194444444444444 0.5703125 0.05 0.021875
0 0.13472222222222222 0.56953125 0.05277777777777778 0.0296875
0 0.6944444444444444 0.54140625 0.04027777777777778 0.01953125
0 0.4638888888888889 0.5390625 0.025 0.01171875
0 0.33055555555555555 0.52890625 0.029166666666666667 0.025
0 0.18333333333333332 0.51171875 0.03611111111111111 0.0234375
0 0.6194444444444445 0.4875 0.04861111111111111 0.03125
0 0.45416666666666666 0.48359375 0.05138888888888889 0.0234375
0 0.5888888888888889 0.46484375 0.025 0.01484375
0 0.17916666666666667 0.459375 0.05277777777777778 0.02734375
0 0.48194444444444445 0.45546875 0.03333333333333333 0.0125
0 0.32083333333333336 0.44765625 0.03611111111111111 0.01640625
0 0.6805555555555556 0.43203125 0.03888888888888889 0.01953125
0 0.005555555555555556 0.4265625 0.03888888888888889 0.01796875
0 0.2972222222222222 0.42109375 0.041666666666666664 0.02578125
0 0.24444444444444444 0.42109375 0.043055555555555555 0.02578125
0 0.10416666666666667 0.4171875 0.03888888888888889 0.0203125
0 0.6208333333333333 0.41640625 0.04027777777777778 0.025
0 0.16666666666666666 0.40546875 0.03888888888888889 0.0125
0 0.020833333333333332 0.40546875 0.041666666666666664 0.01953125
0 0.5166666666666667 0.40390625 0.07361111111111111 0.03671875
0 0.6305555555555555 0.40234375 0.015277777777777777 0.0109375
0 0.6694444444444444 0.4015625 0.018055555555555554 0.0140625
0 0.8916666666666667 0.40078125 0.06111111111111111 0.0296875
0 0.3861111111111111 0.4 0.043055555555555555 0.025
0 0.07361111111111111 0.39765625 0.044444444444444446 0.0203125
0 0.9694444444444444 0.39609375 0.019444444444444445 0.01796875
0 0.027777777777777776 0.37265625 0.043055555555555555 0.02578125
0 0.2833333333333333 0.36640625 0.08472222222222223 0.02734375
0 0.16805555555555557 0.36328125 0.034722222222222224 0.0296875
0 0.20972222222222223 0.359375 0.05138888888888889 0.015625
0 0.10694444444444444 0.3328125 0.06388888888888888 0.04453125
0 0.9680555555555556 0.33203125 0.03194444444444444 0.0296875
0 0.5277777777777778 0.3078125 0.02638888888888889 0.025
0 0.4111111111111111 0.3046875 0.02361111111111111 0.01484375
0 0.4513888888888889 0.2859375 0.043055555555555555 0.03515625
0 0.3375 0.275 0.027777777777777776 0.02734375
0 0.29444444444444445 0.275 0.0375 0.0171875
0 0.375 0.271875 0.0375 0.0171875
0 0.32222222222222224 0.25234375 0.025 0.01328125
0 0.4361111111111111 0.2265625 0.059722222222222225 0.0296875
0 0.3138888888888889 0.1984375 0.04027777777777778 0.028125
0 0.3763888888888889 0.19765625 0.02638888888888889 0.02265625
0 0.5361111111111111 0.178125 0.04583333333333333 0.02734375
0 0.49583333333333335 0.15703125 0.0375 0.0546875
0 0.3111111111111111 0.13671875 0.1125 0.0546875
0 0.40694444444444444 0.12265625 0.02638888888888889 0.01875
0 0.4666666666666667 0.10546875 0.08472222222222223 0.053125
0 0.4152777777777778 0.07734375 0.05 0.02265625
0 0.4736111111111111 0.07109375 0.030555555555555555 0.02578125
