0 0.6375 0.62421875 0.043055555555555555 0.021875
0 0.49722222222222223 0.61328125 0.04722222222222222 0.02578125
0 0.35 0.603125 0.05277777777777778 0.02734375
0 0.35138888888888886 0.571875 0.05 0.02734375
0 0.7152777777777778 0.5328125 0.05 0.0265625
0 0.33194444444444443 0.515625 0.0875 0.046875
0 0.6152777777777778 0.50546875 0.07916666666666666 0.0359375
0 0.5041666666666667 0.4984375 0.07361111111111111 0.03828125
0 0.7097222222222223 0.490625 0.03888888888888889 0.02265625
0 0.043055555555555555 0.484375 0.06666666666666667 0.034375
0 0.7472222222222222 0.4578125 0.05 0.02890625
0 0.6708333333333333 0.4390625 0.044444444444444446 0.02578125
0 0.225 0.4390625 0.07777777777777778 0.040625
0 0.5625 0.42734375 0.04722222222222222 0.025
0 0.32916666666666666 0.42265625 0.02638888888888889 0.01875
0 0.15555555555555556 0.3796875 0.034722222222222224 0.01953125
0 0.6347222222222222 0.3390625 0.041666666666666664 0.01953125
0 0.6208333333333333 0.265625 0.059722222222222225 0.04296875
0 0.5777777777777777 0.13125 0.03611111111111111 0.01796875
0 0.4638888888888889 0.12109375 0.06944444444444445 0.04453125
