0 0.08055555555555556 0.73515625 0.03888888888888889 0.028125
0 0.14444444444444443 0.734375 0.044444444444444446 0.02421875
0 0.030555555555555555 0.68046875 0.03888888888888889 0.02578125
0 0.9611111111111111 0.64609375 0.02361111111111111 0.01640625
0 0.9833333333333333 0.61171875 0.015277777777777777 0.01953125
0 0.7472222222222222 0.59375 0.02638888888888889 0.0203125
0 0.6416666666666667 0.58984375 0.029166666666666667 0.015625
0 0.5944444444444444 0.58828125 0.03194444444444444 0.0234375
0 0.6805555555555556 0.58125 0.020833333333333332 0.0078125
0 0.07777777777777778 0.578125 0.043055555555555555 0.0265625
0 0.002777777777777778 0.5765625 0.015277777777777777 0.03671875
0 0.6 0.56953125 0.019444444444444445 0.0078125
0 0.525 0.56640625 0.022222222222222223 0.025
0 0.7041666666666667 0.55390625 0.04722222222222222 0.0234375
0 0.6138888888888889 0.540625 0.0375 0.01640625
0 0.7555555555555555 0.525 0.029166666666666667 0.0140625
0 0.6777777777777778 0.490625 0.022222222222222223 0.01171875
0 0.6444444444444445 0.47890625 0.04027777777777778 0.0171875
0 0.6805555555555556 0.44921875 0.03611111111111111 0.025
0 0.7458333333333333 0.4453125 0.04861111111111111 0.02109375
0 0.6833333333333333 0.41640625 0.034722222222222224 0.0234375
