0 0.6194444444444445 0.7484375 0.05416666666666667 0.02265625
0 0.3486111111111111 0.7375 0.059722222222222225 0.0296875
0 0.43472222222222223 0.6734375 0.04027777777777778 0.03046875
0 0.18055555555555555 0.6625 0.020833333333333332 0.0140625
0 0.7680555555555556 0.65078125 0.043055555555555555 0.01875
0 0.6027777777777777 0.62265625 0.03333333333333333 0.0203125
0 0.8791666666666667 0.61640625 0.0375 0.01796875
0 0.44722222222222224 0.6140625 0.029166666666666667 0.02421875
0 0.11944444444444445 0.5046875 0.02638888888888889 0.0125
0 0.31805555555555554 0.49765625 0.03194444444444444 0.02109375
0 0.38333333333333336 0.4859375 0.03333333333333333 0.015625
0 0.5111111111111111 0.484375 0.041666666666666664 0.03046875
0 0.1638888888888889 0.46171875 0.03611111111111111 0.01640625
0 0.30694444444444446 0.44921875 0.029166666666666667 0.01171875
0 0.1388888888888889 0.44296875 0.0375 0.0171875
0 0.5097222222222222 0.40234375 0.03194444444444444 0.01484375
0 0.10138888888888889 0.3875 0.025 0.01875
0 0.002777777777777778 0.32734375 0.027777777777777776 0.01875
0 0.5555555555555556 0.290625 0.043055555555555555 0.02734375
0 0.08611111111111111 0.28359375 0.0375 0.01953125
0 0.02638888888888889 0.28203125 0.030555555555555555 0.01640625
0 0.016666666666666666 0.25859375 0.03333333333333333 0.01640625
0 0.06111111111111111 0.25234375 0.0375 0.02265625
0 0.016666666666666666 0.153125 0.03194444444444444 0.01640625
0 0.0 0.0609375 0.029166666666666667 0.025
0 0.5041666666666667 0.00703125 0.05277777777777778 0.04296875
