0 0.7236111111111111 0.62265625 0.041666666666666664 0.02109375
0 0.5888888888888889 0.60703125 0.044444444444444446 0.025
0 0.44027777777777777 0.59140625 0.04861111111111111 0.02578125
0 0.45555555555555555 0.5640625 0.03611111111111111 0.01953125
0 0.46944444444444444 0.54140625 0.013888888888888888 0.0109375
0 0.8111111111111111 0.53359375 0.04722222222222222 0.0265625
0 0.49027777777777776 0.52578125 0.02361111111111111 0.0234375
0 0.7152777777777778 0.5046875 0.07083333333333333 0.034375
0 0.6069444444444444 0.49765625 0.06944444444444445 0.03125
0 0.8180555555555555 0.49375 0.027777777777777776 0.0203125
0 0.16111111111111112 0.478125 0.044444444444444446 0.0265625
0 0.8611111111111112 0.45625 0.044444444444444446 0.02734375
0 0.3736111111111111 0.4515625 0.02638888888888889 0.01640625
0 0.7805555555555556 0.44375 0.03333333333333333 0.01796875
0 0.3472222222222222 0.4359375 0.03333333333333333 0.01875
0 0.6708333333333333 0.4328125 0.034722222222222224 0.01796875
0 0.03611111111111111 0.428125 0.03888888888888889 0.01328125
0 0.4305555555555556 0.4203125 0.027777777777777776 0.01953125
0 0.75 0.33984375 0.03333333333333333 0.0140625
0 0.7569444444444444 0.2734375 0.05277777777777778 0.03828125
0 0.5958333333333333 0.1453125 0.043055555555555555 0.0265625
0 0.7152777777777778 0.1359375 0.019444444444444445 0.0171875
0 0.6291666666666667 0.13515625 0.029166666666666667 0.01875
