0 0.25833333333333336 0.75625 0.043055555555555555 0.02578125
0 0.25 0.74453125 0.016666666666666666 0.01953125
0 0.19027777777777777 0.68828125 0.07361111111111111 0.02109375
0 0.24305555555555555 0.66953125 0.03888888888888889 0.01796875
0 0.1875 0.6453125 0.04861111111111111 0.03046875
0 0.8722222222222222 0.625 0.0375 0.0171875
0 0.22916666666666666 0.62109375 0.05138888888888889 0.02734375
0 0.9569444444444445 0.6125 0.03333333333333333 0.0171875
0 0.22361111111111112 0.48984375 0.0375 0.0171875
0 0.8194444444444444 0.4859375 0.022222222222222223 0.01640625
0 0.22916666666666666 0.4640625 0.02638888888888889 0.02109375
0 0.8666666666666667 0.41953125 0.034722222222222224 0.01875
0 0.75 0.4109375 0.034722222222222224 0.01171875
