0 0.9694444444444444 0.7359375 0.030555555555555555 0.0171875
0 0.31527777777777777 0.70625 0.08888888888888889 0.040625
0 0.9638888888888889 0.675 0.03611111111111111 0.0265625
0 0.7402777777777778 0.66875 0.06666666666666667 0.0375
0 0.7458333333333333 0.63359375 0.05694444444444444 0.03203125
0 0.9083333333333333 0.60390625 0.034722222222222224 0.01484375
0 0.1625 0.6015625 0.05555555555555555 0.0359375
0 0.5486111111111112 0.59296875 0.044444444444444446 0.02890625
0 0.4986111111111111 0.58359375 0.03888888888888889 0.0203125
0 0.5097222222222222 0.55546875 0.075 0.02578125
0 0.2861111111111111 0.55 0.04027777777777778 0.01484375
0 0.9680555555555556 0.546875 0.03194444444444444 0.0171875
0 0.8111111111111111 0.54453125 0.043055555555555555 0.0171875
0 0.9583333333333334 0.52265625 0.027777777777777776 0.015625
0 0.9875 0.4734375 0.0125 0.0140625
0 0.9083333333333333 0.46328125 0.029166666666666667 0.01640625
0 0.4652777777777778 0.45859375 0.04027777777777778 0.021875
0 0.2513888888888889 0.45703125 0.04861111111111111 0.0171875
0 0.08472222222222223 0.45703125 0.05138888888888889 0.02734375
0 0.2875 0.44375 0.06805555555555555 0.06796875
0 0.46944444444444444 0.41484375 0.03611111111111111 0.0140625
0 0.5236111111111111 0.41171875 0.06944444444444445 0.04140625
0 0.2 0.396875 0.02638888888888889 0.01640625
0 0.34305555555555556 0.3921875 0.043055555555555555 0.02265625
0 0.45416666666666666 0.38125 0.019444444444444445 0.01484375
0 0.2763888888888889 0.378125 0.03611111111111111 0.01640625
0 0.31805555555555554 0.32890625 0.04861111111111111 0.0203125
0 0.44027777777777777 0.32109375 0.027777777777777776 0.01875
0 0.24722222222222223 0.30859375 0.04722222222222222 0.03046875
0 0.37916666666666665 0.290625 0.06388888888888888 0.025
0 0.3611111111111111 0.25859375 0.05138888888888889 0.02890625
0 0.5402777777777777 0.2421875 0.022222222222222223 0.01796875
0 0.3055555555555556 0.23203125 0.043055555555555555 0.03203125
0 0.2625 0.228125 0.04722222222222222 0.03125
0 0.49166666666666664 0.2234375 0.022222222222222223 0.01640625
0 0.39444444444444443 0.22265625 0.0875 0.03046875
0 0.44305555555555554 0.1875 0.0375 0.03359375
0 0.2388888888888889 0.184375 0.04583333333333333 0.02109375
0 0.3972222222222222 0.146875 0.018055555555555554 0.0234375
0 0.31805555555555554 0.13984375 0.0763888888888889 0.02734375
0 0.44305555555555554 0.0234375 0.0625 0.0328125
