0 0.14305555555555555 0.74375 0.04722222222222222 0.0265625
0 0.20555555555555555 0.7390625 0.022222222222222223 0.0171875
0 0.30416666666666664 0.70703125 0.03888888888888889 0.03359375
0 0.10833333333333334 0.67421875 0.04027777777777778 0.01328125
0 0.2875 0.67109375 0.016666666666666666 0.0140625
0 0.9763888888888889 0.66796875 0.02361111111111111 0.015625
0 0.14027777777777778 0.65546875 0.041666666666666664 0.02421875
0 0.06527777777777778 0.53125 0.03611111111111111 0.021875
0 0.2513888888888889 0.51796875 0.016666666666666666 0.01015625
0 0.001388888888888889 0.51484375 0.0125 0.02265625
0 0.029166666666666667 0.5140625 0.03611111111111111 0.0171875
0 0.001388888888888889 0.4921875 0.022222222222222223 0.021875
0 0.5458333333333333 0.490625 0.04861111111111111 0.02578125
0 0.08055555555555556 0.43828125 0.06805555555555555 0.02421875
0 0.1111111111111111 0.378125 0.03611111111111111 0.0390625
0 0.001388888888888889 0.378125 0.05 0.02578125
0 0.05416666666666667 0.3671875 0.022222222222222223 0.015625
0 0.08055555555555556 0.35859375 0.04583333333333333 0.04296875
0 0.06944444444444445 0.346875 0.0375 0.01875
0 0.008333333333333333 0.33359375 0.04861111111111111 0.028125
0 0.025 0.315625 0.030555555555555555 0.01328125
0 0.6055555555555555 0.271875 0.04027777777777778 0.0203125
0 0.5708333333333333 0.26328125 0.03333333333333333 0.0234375
0 0.09166666666666666 0.259375 0.0375 0.02421875
0 0.006944444444444444 0.21796875 0.03194444444444444 0.02265625
0 0.5555555555555556 0.19375 0.029166666666666667 0.02109375
0 0.001388888888888889 0.19296875 0.015277777777777777 0.0125
0 0.39861111111111114 0.1765625 0.025 0.0203125
0 0.34444444444444444 0.1234375 0.10416666666666667 0.0453125
0 0.35138888888888886 0.11875 0.03611111111111111 0.01875
