0 0.11527777777777778 0.94765625 0.04027777777777778 0.0203125
0 0.18333333333333332 0.940625 0.05694444444444444 0.03984375
0 0.36527777777777776 0.76171875 0.03333333333333333 0.0109375
0 0.24305555555555555 0.7375 0.041666666666666664 0.01875
0 0.3416666666666667 0.71171875 0.06805555555555555 0.0359375
0 0.48055555555555557 0.68046875 0.04027777777777778 0.0203125
0 0.7611111111111111 0.66796875 0.027777777777777776 0.0140625
0 0.4888888888888889 0.65234375 0.04722222222222222 0.0265625
0 0.6986111111111111 0.64453125 0.029166666666666667 0.01328125
0 0.48055555555555557 0.625 0.04027777777777778 0.01640625
0 0.3638888888888889 0.60390625 0.03611111111111111 0.0203125
0 0.7722222222222223 0.59375 0.05416666666666667 0.034375
0 0.6861111111111111 0.51875 0.04722222222222222 0.03515625
0 0.3194444444444444 0.50859375 0.06527777777777778 0.03359375
0 0.4083333333333333 0.503125 0.13333333333333333 0.0640625
0 0.275 0.4984375 0.025 0.021875
0 0.001388888888888889 0.48359375 0.013888888888888888 0.03046875
0 0.8472222222222222 0.415625 0.0625 0.02890625
0 0.3638888888888889 0.3921875 0.09027777777777778 0.06484375
0 0.2791666666666667 0.36953125 0.08611111111111111 0.0953125
0 0.3277777777777778 0.35234375 0.03611111111111111 0.0109375
0 0.6638888888888889 0.321875 0.05277777777777778 0.0390625
0 0.5444444444444444 0.3078125 0.05555555555555555 0.03515625
0 0.7111111111111111 0.303125 0.05138888888888889 0.02109375
0 0.5958333333333333 0.2875 0.06527777777777778 0.0515625
0 0.5430555555555555 0.27890625 0.030555555555555555 0.0109375
0 0.5930555555555556 0.240625 0.05694444444444444 0.0234375
0 0.5152777777777777 0.21875 0.06527777777777778 0.04375
0 0.3819444444444444 0.19921875 0.0625 0.02890625
0 0.5736111111111111 0.18984375 0.07361111111111111 0.04375
0 0.001388888888888889 0.16484375 0.03194444444444444 0.0328125
0 0.4083333333333333 0.1484375 0.05555555555555555 0.034375
0 0.4777777777777778 0.034375 0.07916666666666666 0.0453125
