0 0.5694444444444444 0.81640625 0.011111111111111112 0.01796875
0 0.7569444444444444 0.7828125 0.05138888888888889 0.02109375
0 0.0 0.71796875 0.027777777777777776 0.01875
0 0.15 0.7109375 0.03888888888888889 0.0140625
0 0.3333333333333333 0.709375 0.05555555555555555 0.03515625
0 0.44722222222222224 0.69140625 0.05138888888888889 0.03046875
0 0.25416666666666665 0.66015625 0.03611111111111111 0.0265625
0 0.6916666666666667 0.625 0.058333333333333334 0.0328125
0 0.5513888888888889 0.6171875 0.03194444444444444 0.01171875
0 0.25 0.615625 0.0625 0.0234375
0 0.43194444444444446 0.61015625 0.041666666666666664 0.025
0 0.6361111111111111 0.55703125 0.043055555555555555 0.02578125
0 0.9694444444444444 0.54375 0.030555555555555555 0.01953125
0 0.6791666666666667 0.53125 0.05555555555555555 0.03046875
0 0.5708333333333333 0.515625 0.03611111111111111 0.01796875
0 0.7555555555555555 0.4875 0.05138888888888889 0.0203125
0 0.43194444444444446 0.46796875 0.05416666666666667 0.02265625
0 0.5986111111111111 0.440625 0.15555555555555556 0.075
0 0.39166666666666666 0.41953125 0.06527777777777778 0.02890625
0 0.6847222222222222 0.37265625 0.05138888888888889 0.0234375
0 0.5625 0.35234375 0.11666666666666667 0.0484375
0 0.725 0.3 0.03333333333333333 0.0171875
0 0.49444444444444446 0.23984375 0.08055555555555556 0.05234375
0 0.5861111111111111 0.2234375 0.044444444444444446 0.0265625
0 0.6319444444444444 0.1953125 0.08611111111111111 0.03203125
0 0.6458333333333334 0.1671875 0.041666666666666664 0.02421875
0 0.6291666666666667 0.1453125 0.04583333333333333 0.01640625
0 0.5680555555555555 0.01484375 0.05 0.04921875
0 0.6208333333333333 0.0140625 0.04861111111111111 0.03515625
0 0.4736111111111111 0.00546875 0.08611111111111111 0.028125
