0 0.4236111111111111 0.81640625 0.08472222222222223 0.04375
0 0.8472222222222222 0.778125 0.06111111111111111 0.03984375
0 0.8402777777777778 0.73828125 0.06111111111111111 0.03671875
0 0.25277777777777777 0.72421875 0.03611111111111111 0.01796875
0 0.2375 0.703125 0.02361111111111111 0.01875
0 0.6291666666666667 0.7 0.04722222222222222 0.02265625
0 0.5833333333333334 0.68515625 0.03611111111111111 0.01484375
0 0.5861111111111111 0.6640625 0.03888888888888889 0.01640625
0 0.37083333333333335 0.6609375 0.025 0.0140625
0 0.625 0.65703125 0.043055555555555555 0.01953125
0 0.5555555555555556 0.65625 0.02638888888888889 0.01484375
0 0.8958333333333334 0.64765625 0.03333333333333333 0.0140625
0 0.375 0.58515625 0.027777777777777776 0.03203125
0 0.15694444444444444 0.56328125 0.02361111111111111 0.01796875
0 0.33194444444444443 0.55859375 0.05277777777777778 0.01796875
0 0.5430555555555555 0.55625 0.044444444444444446 0.02578125
0 0.18055555555555555 0.5546875 0.029166666666666667 0.01953125
0 0.3819444444444444 0.546875 0.058333333333333334 0.0546875
0 0.6013888888888889 0.534375 0.0375 0.01875
0 0.6222222222222222 0.5125 0.044444444444444446 0.021875
0 0.5347222222222222 0.50859375 0.03333333333333333 0.01875
0 0.2791666666666667 0.49921875 0.02361111111111111 0.01796875
0 0.42777777777777776 0.48671875 0.04027777777777778 0.03046875
0 0.35833333333333334 0.4828125 0.03888888888888889 0.02578125
0 0.5208333333333334 0.47421875 0.020833333333333332 0.02265625
0 0.6569444444444444 0.4515625 0.020833333333333332 0.01640625
0 0.7069444444444445 0.4484375 0.02361111111111111 0.009375
0 0.4027777777777778 0.43671875 0.041666666666666664 0.01875
0 0.5222222222222223 0.42578125 0.013888888888888888 0.0109375
0 0.3347222222222222 0.41484375 0.04583333333333333 0.02734375
0 0.4513888888888889 0.396875 0.034722222222222224 0.015625
0 0.48055555555555557 0.3953125 0.04583333333333333 0.02265625
0 0.4361111111111111 0.365625 0.044444444444444446 0.02421875
0 0.6097222222222223 0.346875 0.019444444444444445 0.01328125
0 0.3486111111111111 0.3390625 0.08194444444444444 0.03125
0 0.5680555555555555 0.33203125 0.043055555555555555 0.0140625
0 0.46805555555555556 0.32734375 0.08055555555555556 0.03203125
0 0.5152777777777777 0.30546875 0.02638888888888889 0.01171875
0 0.325 0.29609375 0.04583333333333333 0.01796875
0 0.46805555555555556 0.2546875 0.020833333333333332 0.02421875
0 0.4027777777777778 0.2515625 0.0625 0.02578125
0 0.5180555555555556 0.14296875 0.04861111111111111 0.028125
0 0.5652777777777778 0.07578125 0.03333333333333333 0.0203125
0 0.6013888888888889 0.059375 0.04722222222222222 0.03828125
0 0.5319444444444444 0.05234375 0.02638888888888889 0.0171875
0 0.5666666666666667 0.04375 0.019444444444444445 0.0125
