0 0.6868055555555556 0.58515625 0.05416666666666667 0.0296875
0 0.23541666666666666 0.528125 0.05138888888888889 0.0265625
0 0.5979166666666667 0.514453125 0.04861111111111111 0.02734375
0 0.49375 0.479296875 0.0375 0.02265625
0 0.6798611111111111 0.483203125 0.059722222222222225 0.04140625
0 0.9826388888888888 0.4765625 0.03194444444444444 0.0375
0 0.8263888888888888 0.465234375 0.04722222222222222 0.02890625
0 0.23541666666666666 0.410546875 0.05416666666666667 0.03671875
0 0.9638888888888889 0.4015625 0.044444444444444446 0.025
0 0.7534722222222222 0.391796875 0.05138888888888889 0.02421875
0 0.9854166666666667 0.38671875 0.029166666666666667 0.03125
0 0.9333333333333333 0.383984375 0.041666666666666664 0.03984375
0 0.47638888888888886 0.359765625 0.06111111111111111 0.03046875
0 0.6118055555555556 0.323828125 0.05138888888888889 0.03203125
0 0.1597222222222222 0.32578125 0.1111111111111111 0.0609375
0 0.2777777777777778 0.305078125 0.08888888888888889 0.03515625
0 0.5666666666666667 0.296875 0.044444444444444446 0.025
0 0.5104166666666666 0.301171875 0.05694444444444444 0.04140625
0 0.3625 0.293359375 0.09444444444444444 0.03046875
0 0.03194444444444444 0.283203125 0.06111111111111111 0.04921875
0 0.56875 0.269140625 0.059722222222222225 0.02890625
0 0.35347222222222224 0.2609375 0.05694444444444444 0.03125
0 0.42569444444444443 0.240625 0.0625 0.021875
0 0.3736111111111111 0.21484375 0.06111111111111111 0.0296875
0 0.5923611111111111 0.2078125 0.04583333333333333 0.021875
0 0.35555555555555557 0.181640625 0.05277777777777778 0.03046875
0 0.6194444444444445 0.176953125 0.1 0.03671875
0 0.15833333333333333 0.182421875 0.13055555555555556 0.04765625
0 0.42569444444444443 0.16015625 0.04861111111111111 0.0296875
0 0.34930555555555554 0.14609375 0.06527777777777778 0.0375
0 0.5416666666666666 0.109375 0.06388888888888888 0.034375
0 0.29583333333333334 0.104296875 0.058333333333333334 0.02890625
0 0.3645833333333333 0.092578125 0.05138888888888889 0.03203125
0 0.4375 0.06484375 0.03333333333333333 0.0265625
0 0.2902777777777778 0.059765625 0.05555555555555555 0.03203125
0 0.56875 0.036328125 0.05694444444444444 0.03046875
0 0.4847222222222222 0.03671875 0.05555555555555555 0.034375
0 0.2791666666666667 0.024609375 0.05 0.03359375
0 0.42777777777777776 0.02265625 0.075 0.0421875
0 0.5486111111111112 0.011328125 0.05277777777777778 0.02109375
0 0.35625 0.0046875 0.034722222222222224 0.009375
0 0.3104166666666667 0.00625 0.059722222222222225 0.0125
