0 0.013888888888888888 0.721875 0.03611111111111111 0.01640625
0 0.10694444444444444 0.69609375 0.044444444444444446 0.02109375
0 0.15833333333333333 0.68125 0.025 0.0171875
0 0.1125 0.625 0.04027777777777778 0.01640625
0 0.2722222222222222 0.5921875 0.05694444444444444 0.0234375
0 0.175 0.5703125 0.05138888888888889 0.021875
0 0.4013888888888889 0.56015625 0.02361111111111111 0.0171875
0 0.013888888888888888 0.425 0.05555555555555555 0.0296875
0 0.02361111111111111 0.32734375 0.04861111111111111 0.025
0 0.07777777777777778 0.21953125 0.02361111111111111 0.01484375
