0 0.24027777777777778 0.8140625 0.058333333333333334 0.0375
0 0.23333333333333334 0.71875 0.06805555555555555 0.05
0 0.975 0.60859375 0.025 0.01484375
0 0.9694444444444444 0.58203125 0.030555555555555555 0.01953125
0 0.14583333333333334 0.52890625 0.0375 0.025
0 0.125 0.4921875 0.06527777777777778 0.03046875
0 0.08055555555555556 0.46953125 0.041666666666666664 0.0296875
0 0.8347222222222223 0.46875 0.044444444444444446 0.0203125
0 0.1388888888888889 0.45625 0.034722222222222224 0.02265625
0 0.07361111111111111 0.428125 0.044444444444444446 0.02578125
0 0.9680555555555556 0.384375 0.03194444444444444 0.025
