0 0.7861111111111111 0.62421875 0.041666666666666664 0.02578125
0 0.07777777777777778 0.61796875 0.05277777777777778 0.02578125
0 0.3013888888888889 0.54921875 0.025 0.0171875
0 0.0 0.53046875 0.02638888888888889 0.01171875
0 0.7583333333333333 0.528125 0.04583333333333333 0.0203125
0 0.7902777777777777 0.48125 0.05 0.0203125
0 0.20972222222222223 0.4765625 0.027777777777777776 0.02109375
0 0.3527777777777778 0.46875 0.04583333333333333 0.0296875
0 0.5013888888888889 0.4265625 0.05277777777777778 0.0234375
0 0.6833333333333333 0.42578125 0.044444444444444446 0.0203125
0 0.5638888888888889 0.415625 0.044444444444444446 0.02421875
0 0.1125 0.40859375 0.03611111111111111 0.01796875
0 0.9194444444444444 0.3921875 0.030555555555555555 0.015625
0 0.9666666666666667 0.384375 0.03194444444444444 0.0125
0 0.04583333333333333 0.3828125 0.03611111111111111 0.02109375
0 0.7680555555555556 0.37421875 0.030555555555555555 0.02109375
0 0.3138888888888889 0.3703125 0.04722222222222222 0.015625
0 0.44027777777777777 0.36953125 0.03888888888888889 0.015625
0 0.8694444444444445 0.3578125 0.075 0.0328125
0 0.42916666666666664 0.31796875 0.029166666666666667 0.02421875
0 0.775 0.31640625 0.0375 0.01875
0 0.4986111111111111 0.31015625 0.0625 0.02578125
0 0.9763888888888889 0.29296875 0.02361111111111111 0.02421875
0 0.3125 0.28984375 0.027777777777777776 0.01796875
0 0.9152777777777777 0.278125 0.034722222222222224 0.02265625
0 0.9777777777777777 0.2578125 0.020833333333333332 0.01171875
0 0.25972222222222224 0.25546875 0.03888888888888889 0.01796875
0 0.19027777777777777 0.23828125 0.04861111111111111 0.028125
0 0.8027777777777778 0.23515625 0.03888888888888889 0.0265625
0 0.9347222222222222 0.21953125 0.015277777777777777 0.0171875
0 0.325 0.21796875 0.034722222222222224 0.02109375
0 0.8486111111111111 0.20390625 0.04027777777777778 0.04453125
0 0.8027777777777778 0.19921875 0.041666666666666664 0.02890625
0 0.375 0.18359375 0.043055555555555555 0.02265625
0 0.28055555555555556 0.1671875 0.0625 0.0203125
0 0.30277777777777776 0.13046875 0.03333333333333333 0.01484375
0 0.34305555555555556 0.1265625 0.03333333333333333 0.0265625
0 0.8902777777777777 0.07421875 0.0625 0.04921875
