0 0.7083333333333334 0.990625 0.059722222222222225 0.009375
0 0.044444444444444446 0.9328125 0.03888888888888889 0.028125
0 0.6569444444444444 0.91796875 0.058333333333333334 0.03671875
0 0.31805555555555554 0.82265625 0.05555555555555555 0.028125
0 0.07083333333333333 0.79921875 0.03333333333333333 0.02109375
0 0.5194444444444445 0.775 0.12361111111111112 0.0546875
0 0.4013888888888889 0.73515625 0.05555555555555555 0.04609375
0 0.5861111111111111 0.72578125 0.03611111111111111 0.0109375
0 0.6694444444444444 0.7015625 0.020833333333333332 0.0171875
0 0.45694444444444443 0.69453125 0.05555555555555555 0.03046875
0 0.6083333333333333 0.69296875 0.041666666666666664 0.0234375
0 0.6263888888888889 0.6421875 0.09166666666666666 0.04453125
0 0.21944444444444444 0.640625 0.0375 0.01875
0 0.3375 0.634375 0.08333333333333333 0.028125
0 0.5111111111111111 0.6140625 0.08194444444444444 0.0578125
0 0.41388888888888886 0.6125 0.016666666666666666 0.02265625
0 0.2722222222222222 0.61015625 0.04027777777777778 0.015625
0 0.35833333333333334 0.6015625 0.03611111111111111 0.02734375
0 0.2972222222222222 0.55859375 0.07777777777777778 0.0421875
0 0.5222222222222223 0.55234375 0.09444444444444444 0.03125
0 0.6666666666666666 0.43984375 0.09305555555555556 0.0375
0 0.5361111111111111 0.42109375 0.05555555555555555 0.02109375
0 0.42916666666666664 0.39609375 0.05555555555555555 0.028125
0 0.4847222222222222 0.3703125 0.0375 0.03203125
0 0.3763888888888889 0.36328125 0.058333333333333334 0.025
0 0.6277777777777778 0.33828125 0.05 0.0265625
0 0.4625 0.33203125 0.05277777777777778 0.0359375
0 0.44305555555555554 0.303125 0.05277777777777778 0.028125
0 0.65 0.27265625 0.04027777777777778 0.02734375
0 0.5833333333333334 0.26796875 0.04861111111111111 0.03515625
0 0.6833333333333333 0.265625 0.022222222222222223 0.0140625
0 0.5805555555555556 0.24375 0.10972222222222222 0.028125
