0 0.5138888888888888 0.74375 0.04027777777777778 0.0234375
0 0.43194444444444446 0.72109375 0.04722222222222222 0.01796875
0 0.42083333333333334 0.6609375 0.043055555555555555 0.0203125
0 0.5 0.6328125 0.0375 0.021875
0 0.13194444444444445 0.60546875 0.03194444444444444 0.02109375
0 0.0763888888888889 0.59453125 0.05416666666666667 0.02265625
0 0.49027777777777776 0.565625 0.044444444444444446 0.02421875
0 0.8333333333333334 0.55390625 0.04583333333333333 0.0265625
0 0.12222222222222222 0.55078125 0.10138888888888889 0.04453125
0 0.006944444444444444 0.53359375 0.041666666666666664 0.0296875
0 0.23472222222222222 0.52265625 0.030555555555555555 0.01953125
0 0.4305555555555556 0.51171875 0.04861111111111111 0.0234375
0 0.9583333333333334 0.50625 0.04027777777777778 0.0265625
0 0.7444444444444445 0.50625 0.02638888888888889 0.01953125
0 0.21944444444444444 0.49453125 0.034722222222222224 0.0234375
0 0.8819444444444444 0.48203125 0.04583333333333333 0.03984375
0 0.2972222222222222 0.48125 0.044444444444444446 0.02734375
0 0.7791666666666667 0.4796875 0.05277777777777778 0.028125
0 0.42083333333333334 0.4671875 0.027777777777777776 0.0203125
0 0.6638888888888889 0.46171875 0.027777777777777776 0.0140625
0 0.8777777777777778 0.45546875 0.02361111111111111 0.01796875
0 0.9125 0.44609375 0.08611111111111111 0.0265625
0 0.34444444444444444 0.4171875 0.04722222222222222 0.02421875
0 0.8097222222222222 0.41484375 0.029166666666666667 0.01171875
0 0.7180555555555556 0.40234375 0.08055555555555556 0.0296875
0 0.65 0.378125 0.04027777777777778 0.021875
0 0.7652777777777777 0.37421875 0.04027777777777778 0.01796875
0 0.9236111111111112 0.37109375 0.0763888888888889 0.05546875
0 0.2375 0.3375 0.08472222222222223 0.0265625
0 0.0875 0.33671875 0.025 0.01171875
0 0.03194444444444444 0.33515625 0.05416666666666667 0.0203125
0 0.18194444444444444 0.3265625 0.044444444444444446 0.02734375
0 0.9236111111111112 0.31171875 0.0763888888888889 0.028125
0 0.009722222222222222 0.30703125 0.059722222222222225 0.02890625
0 0.3541666666666667 0.30625 0.04583333333333333 0.02578125
0 0.6583333333333333 0.2984375 0.03194444444444444 0.01484375
0 0.7513888888888889 0.28203125 0.03194444444444444 0.021875
0 0.08888888888888889 0.25703125 0.06111111111111111 0.03515625
0 0.027777777777777776 0.23359375 0.07361111111111111 0.0328125
0 0.16944444444444445 0.22578125 0.16111111111111112 0.06484375
0 0.20972222222222223 0.19453125 0.043055555555555555 0.0265625
0 0.1111111111111111 0.1921875 0.07777777777777778 0.03203125
0 0.9736111111111111 0.184375 0.02638888888888889 0.02421875
0 0.001388888888888889 0.17734375 0.058333333333333334 0.053125
0 0.3541666666666667 0.1765625 0.06666666666666667 0.04609375
0 0.3 0.17421875 0.03888888888888889 0.02421875
0 0.0375 0.1671875 0.04583333333333333 0.02421875
0 0.8888888888888888 0.1625 0.05416666666666667 0.02890625
0 0.001388888888888889 0.15 0.022222222222222223 0.01171875
0 0.9305555555555556 0.13984375 0.04861111111111111 0.02734375
0 0.8777777777777778 0.125 0.044444444444444446 0.02734375
0 0.1361111111111111 0.11640625 0.04722222222222222 0.02734375
0 0.29583333333333334 0.11328125 0.05 0.02890625
0 0.025 0.10859375 0.05416666666666667 0.04140625
0 0.9513888888888888 0.096875 0.041666666666666664 0.0140625
0 0.1375 0.09609375 0.05555555555555555 0.01953125
0 0.043055555555555555 0.0875 0.0375 0.0234375
0 0.14583333333333334 0.06953125 0.0375 0.021875
0 0.9138888888888889 0.0671875 0.05277777777777778 0.02890625
0 0.0 0.06640625 0.03333333333333333 0.0328125
0 0.20694444444444443 0.06171875 0.08333333333333333 0.065625
0 0.058333333333333334 0.0546875 0.05277777777777778 0.0296875
0 0.1361111111111111 0.025 0.027777777777777776 0.0265625
0 0.14722222222222223 0.00078125 0.043055555555555555 0.02421875
