0 0.3486111111111111 0.7765625 0.06944444444444445 0.04453125
0 0.5444444444444444 0.68046875 0.04722222222222222 0.03046875
0 0.25 0.66484375 0.05277777777777778 0.03125
0 0.5916666666666667 0.66171875 0.07222222222222222 0.0359375
0 0.39444444444444443 0.66171875 0.05277777777777778 0.0265625
0 0.8638888888888889 0.65703125 0.09444444444444444 0.02890625
0 0.04027777777777778 0.6546875 0.05138888888888889 0.02265625
0 0.6777777777777778 0.6421875 0.03888888888888889 0.021875
0 0.4041666666666667 0.59921875 0.05416666666666667 0.02890625
0 0.29444444444444445 0.59765625 0.03611111111111111 0.01796875
0 0.6069444444444444 0.58984375 0.041666666666666664 0.01875
0 0.48333333333333334 0.56328125 0.043055555555555555 0.02578125
0 0.32222222222222224 0.55078125 0.03611111111111111 0.01953125
0 0.13472222222222222 0.54765625 0.05 0.03125
0 0.26944444444444443 0.534375 0.05694444444444444 0.025
0 0.5722222222222222 0.52109375 0.05694444444444444 0.02421875
0 0.5 0.48125 0.03333333333333333 0.01328125
0 0.22916666666666666 0.48046875 0.04027777777777778 0.02265625
0 0.2763888888888889 0.4796875 0.04583333333333333 0.025
0 0.33055555555555555 0.45 0.0625 0.03671875
0 0.7 0.4453125 0.02638888888888889 0.01484375
0 0.5319444444444444 0.42734375 0.0625 0.01796875
0 0.6819444444444445 0.40859375 0.06111111111111111 0.034375
0 0.4125 0.3875 0.06805555555555555 0.0359375
0 0.49722222222222223 0.3703125 0.08194444444444444 0.0609375
0 0.4652777777777778 0.359375 0.06805555555555555 0.025
0 0.4597222222222222 0.3140625 0.06111111111111111 0.02890625
0 0.5111111111111111 0.3015625 0.044444444444444446 0.0171875
0 0.39166666666666666 0.2875 0.020833333333333332 0.028125
0 0.5041666666666667 0.24140625 0.030555555555555555 0.02109375
0 0.5833333333333334 0.225 0.05694444444444444 0.03671875
0 0.3194444444444444 0.18125 0.06388888888888888 0.0359375
0 0.49027777777777776 0.17578125 0.06666666666666667 0.0359375
0 0.5555555555555556 0.15625 0.0625 0.05
0 0.4888888888888889 0.14609375 0.058333333333333334 0.0203125
