0 0.7305555555555555 0.421875 0.02638888888888889 0.0171875
0 0.15 0.42109375 0.02361111111111111 0.0140625
0 0.19583333333333333 0.40625 0.027777777777777776 0.01484375
0 0.2916666666666667 0.38671875 0.018055555555555554 0.0078125
0 0.2125 0.384375 0.025 0.01015625
0 0.09722222222222222 0.3765625 0.043055555555555555 0.0203125
0 0.3277777777777778 0.3578125 0.019444444444444445 0.0109375
0 0.05138888888888889 0.32109375 0.04861111111111111 0.01875
0 0.21666666666666667 0.3140625 0.02361111111111111 0.01328125
0 0.022222222222222223 0.30234375 0.020833333333333332 0.0171875
0 0.0625 0.30078125 0.06388888888888888 0.0203125
0 0.005555555555555556 0.2828125 0.027777777777777776 0.015625
0 0.0625 0.2734375 0.020833333333333332 0.0078125
