0 0.32083333333333336 0.81640625 0.06111111111111111 0.03671875
0 0.31666666666666665 0.71875 0.06944444444444445 0.0375
0 0.23055555555555557 0.5296875 0.044444444444444446 0.021875
0 0.2125 0.48828125 0.06666666666666667 0.03125
0 0.1875 0.4828125 0.02638888888888889 0.01640625
0 0.9263888888888889 0.47109375 0.04027777777777778 0.021875
0 0.16805555555555557 0.465625 0.030555555555555555 0.0234375
0 0.22361111111111112 0.4578125 0.0375 0.021875
0 0.16527777777777777 0.42421875 0.04027777777777778 0.028125
0 0.03611111111111111 0.36953125 0.011111111111111112 0.01953125
0 0.001388888888888889 0.36953125 0.011111111111111112 0.0203125
