0 0.8513888888888889 0.734375 0.059722222222222225 0.04375
0 0.20416666666666666 0.6859375 0.04583333333333333 0.0203125
0 0.08611111111111111 0.68515625 0.019444444444444445 0.0171875
0 0.6638888888888889 0.63984375 0.022222222222222223 0.01015625
0 0.43472222222222223 0.6390625 0.029166666666666667 0.015625
0 0.125 0.628125 0.04583333333333333 0.01484375
0 0.5555555555555556 0.62578125 0.030555555555555555 0.01328125
0 0.4861111111111111 0.58203125 0.05555555555555555 0.0375
0 0.8541666666666666 0.571875 0.041666666666666664 0.01953125
0 0.4486111111111111 0.5671875 0.020833333333333332 0.01015625
0 0.3902777777777778 0.559375 0.05277777777777778 0.03984375
0 0.5152777777777777 0.54453125 0.06805555555555555 0.05859375
0 0.7958333333333333 0.5296875 0.041666666666666664 0.0234375
0 0.6416666666666667 0.52890625 0.04583333333333333 0.025
0 0.2375 0.525 0.04027777777777778 0.02421875
0 0.4722222222222222 0.51171875 0.05277777777777778 0.02890625
0 0.7125 0.49609375 0.06944444444444445 0.03125
0 0.6777777777777778 0.49609375 0.0375 0.0125
0 0.08333333333333333 0.47890625 0.019444444444444445 0.01640625
0 0.3388888888888889 0.4671875 0.05138888888888889 0.02890625
0 0.1625 0.45859375 0.029166666666666667 0.0171875
0 0.10138888888888889 0.45859375 0.04583333333333333 0.01796875
0 0.1638888888888889 0.4109375 0.08194444444444444 0.04375
0 0.7402777777777778 0.4046875 0.03888888888888889 0.02265625
0 0.013888888888888888 0.3640625 0.034722222222222224 0.01796875
0 0.5736111111111111 0.33125 0.03888888888888889 0.025
0 0.44166666666666665 0.27265625 0.02638888888888889 0.0171875
0 0.49027777777777776 0.2625 0.041666666666666664 0.01953125
0 0.5458333333333333 0.259375 0.044444444444444446 0.03671875
0 0.39444444444444443 0.2296875 0.034722222222222224 0.025
0 0.9041666666666667 0.22734375 0.05555555555555555 0.03203125
0 0.8388888888888889 0.215625 0.05555555555555555 0.02890625
0 0.5333333333333333 0.1796875 0.043055555555555555 0.02734375
0 0.5263888888888889 0.1375 0.09305555555555556 0.03984375
0 0.6097222222222223 0.1296875 0.10416666666666667 0.04921875
0 0.4888888888888889 0.1125 0.029166666666666667 0.0203125
0 0.5166666666666667 0.0984375 0.025 0.0140625
0 0.6138888888888889 0.08828125 0.044444444444444446 0.02265625
0 0.55 0.08203125 0.05138888888888889 0.0328125
0 0.6722222222222223 0.07890625 0.03194444444444444 0.02109375
0 0.5375 0.0 0.11666666666666667 0.0609375
