0 0.5125 0.871875 0.07222222222222222 0.04921875
0 0.9097222222222222 0.86640625 0.04861111111111111 0.0140625
0 0.5930555555555556 0.8578125 0.058333333333333334 0.015625
0 0.9333333333333333 0.8265625 0.058333333333333334 0.03984375
0 0.9263888888888889 0.790625 0.06111111111111111 0.03359375
0 0.30277777777777776 0.76328125 0.05277777777777778 0.025
0 0.7319444444444444 0.7546875 0.027777777777777776 0.0171875
0 0.29444444444444445 0.7453125 0.02361111111111111 0.015625
0 0.6444444444444445 0.7265625 0.05555555555555555 0.0296875
0 0.6583333333333333 0.6984375 0.07916666666666666 0.02578125
0 0.43472222222222223 0.69140625 0.03888888888888889 0.0234375
0 0.4388888888888889 0.62109375 0.041666666666666664 0.02734375
0 0.4 0.59453125 0.058333333333333334 0.02578125
0 0.6125 0.59296875 0.04722222222222222 0.03125
0 0.2013888888888889 0.5890625 0.059722222222222225 0.03125
0 0.4486111111111111 0.584375 0.0625 0.04609375
0 0.5458333333333333 0.5609375 0.011111111111111112 0.01875
0 0.6638888888888889 0.55 0.075 0.0390625
0 0.34305555555555556 0.52890625 0.034722222222222224 0.0234375
0 0.5041666666666667 0.5265625 0.03611111111111111 0.025
0 0.4236111111111111 0.51484375 0.04722222222222222 0.03671875
0 0.7166666666666667 0.484375 0.04583333333333333 0.02421875
0 0.4666666666666667 0.4671875 0.05138888888888889 0.02421875
0 0.4041666666666667 0.4484375 0.04861111111111111 0.0296875
0 0.5569444444444445 0.43046875 0.05 0.02734375
0 0.5208333333333334 0.42890625 0.02638888888888889 0.01875
0 0.4986111111111111 0.3953125 0.05694444444444444 0.0328125
0 0.42083333333333334 0.36875 0.08472222222222223 0.03515625
0 0.6333333333333333 0.36328125 0.034722222222222224 0.0171875
0 0.5361111111111111 0.36015625 0.08333333333333333 0.0328125
0 0.5777777777777777 0.32890625 0.05 0.02578125
0 0.39861111111111114 0.32578125 0.04722222222222222 0.0265625
0 0.5347222222222222 0.2875 0.03194444444444444 0.02421875
0 0.4777777777777778 0.2828125 0.05555555555555555 0.0265625
0 0.5888888888888889 0.17421875 0.05138888888888889 0.0296875
0 0.6486111111111111 0.10625 0.03194444444444444 0.02109375
0 0.6819444444444445 0.09296875 0.05416666666666667 0.0390625
0 0.6319444444444444 0.0734375 0.041666666666666664 0.02109375
