0 0.9083333333333333 0.696875 0.09166666666666666 0.0734375
0 0.8722222222222222 0.4703125 0.044444444444444446 0.021875
0 0.4111111111111111 0.446875 0.029166666666666667 0.01015625
0 0.35694444444444445 0.43984375 0.041666666666666664 0.02109375
0 0.5097222222222222 0.4234375 0.03194444444444444 0.01875
0 0.45 0.4234375 0.041666666666666664 0.02109375
0 0.8708333333333333 0.4203125 0.027777777777777776 0.02421875
0 0.28055555555555556 0.41640625 0.025 0.01875
0 0.7152777777777778 0.4125 0.034722222222222224 0.01484375
0 0.15138888888888888 0.40703125 0.07222222222222222 0.02109375
0 0.9583333333333334 0.40234375 0.04027777777777778 0.02421875
0 0.9222222222222223 0.3875 0.03194444444444444 0.0203125
0 0.95 0.32265625 0.04583333333333333 0.02890625
0 0.1111111111111111 0.2875 0.0625 0.0296875
0 0.9055555555555556 0.284375 0.041666666666666664 0.02265625
0 0.8486111111111111 0.28359375 0.05555555555555555 0.02421875
0 0.002777777777777778 0.2765625 0.027777777777777776 0.0203125
