0 0.3263888888888889 0.62890625 0.034722222222222224 0.015625
0 0.6736111111111112 0.62109375 0.022222222222222223 0.01328125
0 0.275 0.61953125 0.034722222222222224 0.01953125
0 0.35555555555555557 0.6171875 0.05416666666666667 0.021875
0 0.9416666666666667 0.590625 0.03888888888888889 0.02421875
0 0.3138888888888889 0.56875 0.03333333333333333 0.015625
0 0.1 0.56484375 0.044444444444444446 0.0125
0 0.7805555555555556 0.5578125 0.04722222222222222 0.021875
0 0.5541666666666667 0.546875 0.034722222222222224 0.01875
0 0.425 0.54375 0.03194444444444444 0.015625
0 0.4847222222222222 0.540625 0.025 0.0140625
0 0.6125 0.51484375 0.027777777777777776 0.01484375
0 0.6430555555555556 0.51328125 0.02638888888888889 0.0171875
0 0.2777777777777778 0.50234375 0.029166666666666667 0.015625
0 0.6361111111111111 0.496875 0.022222222222222223 0.01015625
0 0.3333333333333333 0.490625 0.027777777777777776 0.01171875
0 0.2902777777777778 0.48828125 0.029166666666666667 0.0140625
0 0.16111111111111112 0.47578125 0.029166666666666667 0.02734375
0 0.4 0.475 0.018055555555555554 0.0125
0 0.6097222222222223 0.471875 0.025 0.01796875
0 0.2875 0.46171875 0.0375 0.02578125
0 0.6166666666666667 0.45390625 0.029166666666666667 0.015625
0 0.4375 0.4515625 0.025 0.0203125
0 0.5027777777777778 0.45078125 0.03194444444444444 0.01328125
0 0.33194444444444443 0.4484375 0.0625 0.03515625
0 0.13194444444444445 0.440625 0.016666666666666666 0.01640625
0 0.1527777777777778 0.43828125 0.0375 0.0234375
0 0.6138888888888889 0.42578125 0.022222222222222223 0.00859375
0 0.08611111111111111 0.41484375 0.08055555555555556 0.0265625
0 0.35694444444444445 0.41015625 0.030555555555555555 0.0203125
0 0.16111111111111112 0.39921875 0.05694444444444444 0.0234375
0 0.11944444444444445 0.38984375 0.04861111111111111 0.0171875
0 0.35555555555555557 0.38515625 0.030555555555555555 0.01875
0 0.3486111111111111 0.3640625 0.02638888888888889 0.01484375
0 0.09861111111111111 0.35078125 0.05555555555555555 0.01328125
0 0.2902777777777778 0.34140625 0.04722222222222222 0.02578125
0 0.39861111111111114 0.340625 0.034722222222222224 0.01953125
0 0.5305555555555556 0.3328125 0.034722222222222224 0.02421875
0 0.10833333333333334 0.3234375 0.04583333333333333 0.0265625
0 0.6083333333333333 0.32265625 0.02361111111111111 0.009375
0 0.16944444444444445 0.32109375 0.029166666666666667 0.0203125
0 0.3486111111111111 0.30625 0.05138888888888889 0.02265625
0 0.09861111111111111 0.29921875 0.030555555555555555 0.01953125
0 0.4847222222222222 0.29140625 0.07361111111111111 0.04140625
0 0.6263888888888889 0.28984375 0.020833333333333332 0.01171875
0 0.4597222222222222 0.2859375 0.04583333333333333 0.03046875
0 0.5361111111111111 0.2734375 0.029166666666666667 0.0125
0 0.16111111111111112 0.2578125 0.030555555555555555 0.01953125
0 0.3 0.23515625 0.029166666666666667 0.015625
0 0.14444444444444443 0.19765625 0.03611111111111111 0.0203125
0 0.19166666666666668 0.19296875 0.0625 0.0234375
0 0.2652777777777778 0.159375 0.025 0.02109375
0 0.3013888888888889 0.15703125 0.059722222222222225 0.02578125
0 0.2986111111111111 0.13515625 0.0375 0.01796875
0 0.24166666666666667 0.10625 0.034722222222222224 0.01875
0 0.19166666666666668 0.09296875 0.025 0.01796875
0 0.2375 0.07578125 0.041666666666666664 0.021875
0 0.14583333333333334 0.075 0.020833333333333332 0.0125
0 0.2 0.0734375 0.022222222222222223 0.0171875
0 0.11944444444444445 0.01328125 0.07222222222222222 0.05390625
