0 0.39444444444444443 0.71328125 0.03611111111111111 0.02578125
0 0.15138888888888888 0.69609375 0.04583333333333333 0.02734375
0 0.08888888888888889 0.67734375 0.04583333333333333 0.03046875
0 0.6347222222222222 0.66796875 0.05138888888888889 0.02265625
0 0.43333333333333335 0.65859375 0.02638888888888889 0.01484375
0 0.9041666666666667 0.6421875 0.022222222222222223 0.01171875
0 0.3347222222222222 0.63828125 0.043055555555555555 0.01875
0 0.6055555555555555 0.6359375 0.04583333333333333 0.034375
0 0.5263888888888889 0.63359375 0.04583333333333333 0.0234375
0 0.6583333333333333 0.62421875 0.05 0.01875
0 0.4625 0.6125 0.05416666666666667 0.02578125
0 0.9041666666666667 0.61015625 0.058333333333333334 0.03359375
0 0.9597222222222223 0.5921875 0.04027777777777778 0.0234375
0 0.39166666666666666 0.58984375 0.0625 0.025
0 0.5444444444444444 0.58125 0.05555555555555555 0.02734375
0 0.0 0.53828125 0.03194444444444444 0.02578125
0 0.3972222222222222 0.53203125 0.020833333333333332 0.01328125
0 0.0 0.52421875 0.015277777777777777 0.01171875
0 0.4736111111111111 0.5046875 0.07083333333333333 0.03671875
0 0.0 0.49140625 0.019444444444444445 0.02421875
0 0.48194444444444445 0.47578125 0.043055555555555555 0.025
0 0.4263888888888889 0.46953125 0.041666666666666664 0.01796875
0 0.36666666666666664 0.46640625 0.027777777777777776 0.021875
0 0.3819444444444444 0.44453125 0.05277777777777778 0.02734375
0 0.48194444444444445 0.43359375 0.03888888888888889 0.02578125
0 0.43472222222222223 0.41796875 0.02638888888888889 0.0203125
0 0.41944444444444445 0.39296875 0.0625 0.01953125
