0 0.7472222222222222 0.85625 0.043055555555555555 0.0234375
0 0.9152777777777777 0.8453125 0.075 0.0390625
0 0.9236111111111112 0.81328125 0.07361111111111111 0.02734375
0 0.8138888888888889 0.73359375 0.04027777777777778 0.01875
0 0.6597222222222222 0.72734375 0.05694444444444444 0.0375
0 0.5083333333333333 0.7171875 0.0875 0.04609375
0 0.7513888888888889 0.67421875 0.034722222222222224 0.02734375
0 0.46944444444444444 0.67265625 0.05 0.0265625
0 0.3111111111111111 0.6640625 0.044444444444444446 0.0234375
0 0.9194444444444444 0.66171875 0.05694444444444444 0.0359375
0 0.8277777777777777 0.6609375 0.015277777777777777 0.0203125
0 0.7333333333333333 0.646875 0.03194444444444444 0.01171875
0 0.7777777777777778 0.628125 0.044444444444444446 0.03046875
0 0.9277777777777778 0.6265625 0.06527777777777778 0.02890625
0 0.8902777777777777 0.62421875 0.022222222222222223 0.02890625
0 0.6305555555555555 0.62421875 0.04583333333333333 0.02890625
0 0.10694444444444444 0.60859375 0.0625 0.03203125
0 0.0 0.6046875 0.015277777777777777 0.021875
0 0.6805555555555556 0.60390625 0.04861111111111111 0.0328125
0 0.5152777777777777 0.603125 0.05 0.02109375
0 0.8430555555555556 0.57890625 0.043055555555555555 0.02421875
0 0.7972222222222223 0.5640625 0.05138888888888889 0.028125
0 0.5944444444444444 0.5625 0.041666666666666664 0.0265625
0 0.2513888888888889 0.5625 0.04027777777777778 0.0234375
0 0.5486111111111112 0.534375 0.02361111111111111 0.0171875
0 0.26666666666666666 0.515625 0.04722222222222222 0.0203125
0 0.6652777777777777 0.5125 0.05416666666666667 0.03984375
0 0.23472222222222222 0.49921875 0.027777777777777776 0.01953125
0 0.7347222222222223 0.478125 0.08194444444444444 0.0453125
0 0.8791666666666667 0.47421875 0.05277777777777778 0.0296875
0 0.9402777777777778 0.4734375 0.059722222222222225 0.04296875
0 0.4777777777777778 0.4734375 0.05555555555555555 0.02734375
0 0.6777777777777778 0.4703125 0.027777777777777776 0.021875
0 0.3388888888888889 0.46953125 0.05277777777777778 0.02734375
0 0.825 0.465625 0.04861111111111111 0.02734375
0 0.7319444444444444 0.44765625 0.059722222222222225 0.028125
0 0.02638888888888889 0.44375 0.05 0.0265625
0 0.5375 0.4421875 0.11805555555555555 0.05703125
0 0.9361111111111111 0.43515625 0.06388888888888888 0.0328125
0 0.40694444444444444 0.42578125 0.03611111111111111 0.02421875
0 0.022222222222222223 0.41953125 0.044444444444444446 0.01640625
0 0.5097222222222222 0.3890625 0.05694444444444444 0.02578125
0 0.39861111111111114 0.38515625 0.05 0.025
0 0.5722222222222222 0.36484375 0.04583333333333333 0.0234375
0 0.7569444444444444 0.340625 0.05 0.025
0 0.39861111111111114 0.33359375 0.04027777777777778 0.01953125
0 0.5458333333333333 0.3109375 0.125 0.040625
0 0.4125 0.29375 0.04583333333333333 0.02890625
0 0.22361111111111112 0.29140625 0.05 0.02734375
0 0.7402777777777778 0.27734375 0.09861111111111111 0.04140625
0 0.22916666666666666 0.2578125 0.04583333333333333 0.0296875
0 0.6402777777777777 0.2515625 0.08611111111111111 0.03359375
0 0.4222222222222222 0.24921875 0.06111111111111111 0.0375
0 0.5513888888888889 0.2484375 0.0763888888888889 0.0171875
0 0.2861111111111111 0.23828125 0.05694444444444444 0.034375
0 0.2361111111111111 0.20546875 0.058333333333333334 0.046875
0 0.001388888888888889 0.20078125 0.12777777777777777 0.053125
0 0.4361111111111111 0.18515625 0.05 0.03359375
0 0.3541666666666667 0.17265625 0.0625 0.03671875
0 0.7027777777777777 0.1609375 0.10555555555555556 0.04609375
0 0.5041666666666667 0.14609375 0.0625 0.03984375
0 0.5694444444444444 0.1375 0.06527777777777778 0.06640625
0 0.7472222222222222 0.125 0.04861111111111111 0.03671875
0 0.44305555555555554 0.11640625 0.05 0.04609375
0 0.6222222222222222 0.11171875 0.058333333333333334 0.03515625
0 0.9791666666666666 0.0953125 0.020833333333333332 0.03203125
0 0.06388888888888888 0.09296875 0.0625 0.028125
0 0.8236111111111111 0.090625 0.07222222222222222 0.03984375
0 0.001388888888888889 0.0859375 0.03888888888888889 0.02890625
0 0.6472222222222223 0.0765625 0.0625 0.034375
0 0.5180555555555556 0.07265625 0.04583333333333333 0.0484375
0 0.23055555555555557 0.053125 0.06111111111111111 0.0359375
0 0.5236111111111111 0.04609375 0.05416666666666667 0.028125
0 0.4111111111111111 0.03515625 0.10277777777777777 0.07890625
0 0.14027777777777778 0.02578125 0.12916666666666668 0.0515625
0 0.5597222222222222 0.009375 0.09444444444444444 0.03828125
0 0.49027777777777776 0.0 0.0375 0.01484375
