0 0.4041666666666667 0.80546875 0.07916666666666666 0.04375
0 0.825 0.76796875 0.06111111111111111 0.03828125
0 0.8111111111111111 0.72734375 0.06111111111111111 0.03671875
0 0.23472222222222222 0.71015625 0.03611111111111111 0.01796875
0 0.2222222222222222 0.690625 0.02361111111111111 0.01875
0 0.6111111111111112 0.6890625 0.04722222222222222 0.02265625
0 0.5680555555555555 0.675 0.03611111111111111 0.01484375
0 0.5736111111111111 0.64609375 0.07777777777777778 0.02265625
0 0.5402777777777777 0.64609375 0.02638888888888889 0.01484375
0 0.35 0.6453125 0.0375 0.01640625
0 0.8847222222222222 0.6390625 0.03333333333333333 0.0140625
0 0.35694444444444445 0.571875 0.027777777777777776 0.0328125
0 0.1486111111111111 0.54921875 0.02361111111111111 0.01796875
0 0.5319444444444444 0.54609375 0.044444444444444446 0.02578125
0 0.17083333333333334 0.5421875 0.029166666666666667 0.01953125
0 0.3194444444444444 0.53515625 0.10416666666666667 0.05546875
0 0.5861111111111111 0.525 0.0375 0.01875
0 0.7805555555555556 0.5125 0.05277777777777778 0.02421875
0 0.5263888888888889 0.50625 0.03194444444444444 0.0109375
0 0.6111111111111112 0.50390625 0.044444444444444446 0.021875
0 0.26666666666666666 0.48828125 0.03194444444444444 0.01796875
0 0.41388888888888886 0.47734375 0.04027777777777778 0.03046875
0 0.34305555555555556 0.47109375 0.03888888888888889 0.02578125
0 0.5069444444444444 0.4609375 0.030555555555555555 0.025
0 0.6458333333333334 0.44140625 0.022222222222222223 0.021875
0 0.7013888888888888 0.43984375 0.02361111111111111 0.009375
0 0.3861111111111111 0.42578125 0.041666666666666664 0.01875
0 0.5097222222222222 0.415625 0.019444444444444445 0.01328125
0 0.325 0.403125 0.04583333333333333 0.02734375
0 0.4375 0.3875 0.034722222222222224 0.015625
0 0.46805555555555556 0.384375 0.04583333333333333 0.02265625
0 0.4305555555555556 0.35078125 0.04861111111111111 0.03203125
0 0.5972222222222222 0.33828125 0.019444444444444445 0.01328125
0 0.3388888888888889 0.3265625 0.08055555555555556 0.0328125
0 0.45694444444444443 0.3234375 0.03888888888888889 0.0265625
0 0.5555555555555556 0.3203125 0.015277777777777777 0.01640625
0 0.5 0.3171875 0.041666666666666664 0.03046875
0 0.5 0.28671875 0.041666666666666664 0.03046875
0 0.31527777777777777 0.284375 0.04583333333333333 0.01796875
0 0.4583333333333333 0.24375 0.020833333333333332 0.02421875
0 0.39166666666666666 0.240625 0.06111111111111111 0.02578125
0 0.5097222222222222 0.13359375 0.04861111111111111 0.028125
0 0.5597222222222222 0.06640625 0.03333333333333333 0.0203125
0 0.5958333333333333 0.04921875 0.05 0.03671875
0 0.5194444444444445 0.04296875 0.02638888888888889 0.0171875
0 0.5597222222222222 0.0328125 0.019444444444444445 0.0125
