0 0.6902777777777778 0.840625 0.029166666666666667 0.0265625
0 0.7277777777777777 0.8234375 0.059722222222222225 0.04453125
0 0.8680555555555556 0.7796875 0.05555555555555555 0.0296875
0 0.9402777777777778 0.73515625 0.044444444444444446 0.02109375
0 0.13472222222222222 0.70546875 0.07222222222222222 0.03984375
0 0.4888888888888889 0.69375 0.05138888888888889 0.065625
0 0.6666666666666666 0.6515625 0.044444444444444446 0.025
0 0.23194444444444445 0.64765625 0.043055555555555555 0.02109375
0 0.6222222222222222 0.64140625 0.04027777777777778 0.028125
0 0.3486111111111111 0.6296875 0.04722222222222222 0.0265625
0 0.49583333333333335 0.61328125 0.043055555555555555 0.0265625
0 0.6305555555555555 0.6078125 0.034722222222222224 0.025
0 0.13333333333333333 0.58984375 0.05 0.025
0 0.8319444444444445 0.58828125 0.03333333333333333 0.015625
0 0.16805555555555557 0.57109375 0.05 0.02578125
0 0.35833333333333334 0.5546875 0.04861111111111111 0.0265625
0 0.8527777777777777 0.553125 0.019444444444444445 0.0140625
0 0.3736111111111111 0.5484375 0.016666666666666666 0.00546875
0 0.6972222222222222 0.54453125 0.030555555555555555 0.01171875
0 0.11666666666666667 0.5203125 0.02638888888888889 0.02109375
0 0.9638888888888889 0.51171875 0.034722222222222224 0.0171875
0 0.9194444444444444 0.5046875 0.02361111111111111 0.0078125
0 0.21388888888888888 0.5046875 0.08888888888888889 0.05859375
0 0.8708333333333333 0.490625 0.03333333333333333 0.01484375
0 0.6166666666666667 0.48203125 0.018055555555555554 0.01953125
0 0.475 0.48203125 0.04722222222222222 0.03046875
0 0.20555555555555555 0.47734375 0.019444444444444445 0.01640625
0 0.5347222222222222 0.47109375 0.04722222222222222 0.021875
0 0.32916666666666666 0.46796875 0.03194444444444444 0.03046875
0 0.9847222222222223 0.459375 0.015277777777777777 0.01484375
0 0.6083333333333333 0.453125 0.0375 0.0125
0 0.6611111111111111 0.44375 0.05 0.02421875
0 0.16944444444444445 0.43203125 0.08472222222222223 0.0484375
0 0.6097222222222223 0.42109375 0.04583333333333333 0.0234375
0 0.28194444444444444 0.415625 0.04722222222222222 0.02890625
0 0.5041666666666667 0.37890625 0.03611111111111111 0.0234375
0 0.29444444444444445 0.37890625 0.022222222222222223 0.0140625
0 0.41805555555555557 0.36875 0.034722222222222224 0.02421875
0 0.5916666666666667 0.36171875 0.019444444444444445 0.01640625
0 0.18055555555555555 0.35859375 0.020833333333333332 0.01328125
0 0.4722222222222222 0.34921875 0.013888888888888888 0.0109375
0 0.3236111111111111 0.34296875 0.03888888888888889 0.0265625
0 0.2 0.3328125 0.015277777777777777 0.01328125
0 0.41944444444444445 0.3203125 0.02638888888888889 0.0203125
0 0.49444444444444446 0.31796875 0.05277777777777778 0.0265625
0 0.4875 0.30859375 0.022222222222222223 0.00625
0 0.1625 0.28359375 0.02361111111111111 0.0171875
0 0.5819444444444445 0.275 0.018055555555555554 0.0109375
0 0.24444444444444444 0.271875 0.025 0.0109375
0 0.20555555555555555 0.26171875 0.009722222222222222 0.01015625
0 0.3611111111111111 0.246875 0.02638888888888889 0.01796875
0 0.42083333333333334 0.23125 0.0375 0.01796875
0 0.36666666666666664 0.21796875 0.04861111111111111 0.02265625
0 0.275 0.2140625 0.05138888888888889 0.02578125
0 0.3055555555555556 0.16953125 0.07361111111111111 0.03203125
0 0.40694444444444444 0.1390625 0.041666666666666664 0.0234375
0 0.38055555555555554 0.10546875 0.044444444444444446 0.0234375
0 0.35555555555555557 0.0515625 0.0375 0.0203125
