0 0.3875 0.67421875 0.03194444444444444 0.0171875
0 0.7430555555555556 0.6671875 0.04722222222222222 0.0296875
0 0.35555555555555557 0.6453125 0.08888888888888889 0.0296875
0 0.5902777777777778 0.61640625 0.030555555555555555 0.02109375
0 0.625 0.61484375 0.025 0.021875
0 0.24861111111111112 0.58359375 0.018055555555555554 0.0140625
0 0.019444444444444445 0.58203125 0.034722222222222224 0.01640625
0 0.07777777777777778 0.58125 0.022222222222222223 0.009375
0 0.40694444444444444 0.559375 0.027777777777777776 0.015625
0 0.19444444444444445 0.55703125 0.04027777777777778 0.01640625
0 0.15694444444444444 0.534375 0.06944444444444445 0.03359375
0 0.44305555555555554 0.52265625 0.016666666666666666 0.01640625
0 0.2611111111111111 0.515625 0.043055555555555555 0.025
0 0.5972222222222222 0.48203125 0.0375 0.01796875
0 0.5305555555555556 0.4546875 0.043055555555555555 0.0203125
0 0.5402777777777777 0.43125 0.0375 0.01875
0 0.5027777777777778 0.41875 0.027777777777777776 0.015625
0 0.5972222222222222 0.35703125 0.059722222222222225 0.02578125
0 0.5069444444444444 0.35 0.03194444444444444 0.01640625
0 0.5430555555555555 0.3484375 0.03194444444444444 0.02734375
