0 0.5527777777777778 0.54609375 0.02638888888888889 0.0171875
0 0.9347222222222222 0.50390625 0.05416666666666667 0.01796875
0 0.5597222222222222 0.49296875 0.0375 0.015625
0 0.49027777777777776 0.48828125 0.0375 0.0234375
0 0.8041666666666667 0.4875 0.03194444444444444 0.01796875
0 0.8541666666666666 0.47890625 0.02638888888888889 0.01640625
0 0.7388888888888889 0.46640625 0.025 0.01484375
0 0.21666666666666667 0.4625 0.03888888888888889 0.03046875
0 0.5666666666666667 0.46171875 0.020833333333333332 0.01953125
0 0.6138888888888889 0.45546875 0.043055555555555555 0.01875
0 0.6736111111111112 0.44765625 0.05 0.02734375
0 0.6861111111111111 0.42578125 0.030555555555555555 0.01328125
0 0.7402777777777778 0.421875 0.018055555555555554 0.01953125
0 0.7138888888888889 0.40546875 0.030555555555555555 0.01484375
0 0.8666666666666667 0.3796875 0.07222222222222222 0.0359375
0 0.9861111111111112 0.36875 0.013888888888888888 0.02109375
0 0.5069444444444444 0.35703125 0.02361111111111111 0.015625
0 0.125 0.35390625 0.019444444444444445 0.015625
0 0.7194444444444444 0.35078125 0.034722222222222224 0.01875
0 0.02361111111111111 0.3390625 0.029166666666666667 0.01875
0 0.3472222222222222 0.33359375 0.030555555555555555 0.015625
0 0.05277777777777778 0.32578125 0.030555555555555555 0.01875
0 0.46805555555555556 0.3125 0.019444444444444445 0.009375
0 0.016666666666666666 0.30234375 0.02638888888888889 0.01484375
0 0.3333333333333333 0.2984375 0.027777777777777776 0.0140625
0 0.4083333333333333 0.2875 0.03333333333333333 0.02109375
0 0.08611111111111111 0.27578125 0.043055555555555555 0.02578125
0 0.8194444444444444 0.259375 0.03611111111111111 0.0203125
0 0.15833333333333333 0.25625 0.027777777777777776 0.01796875
0 0.3902777777777778 0.253125 0.03194444444444444 0.01640625
0 0.29305555555555557 0.2453125 0.025 0.01875
0 0.24166666666666667 0.234375 0.013888888888888888 0.0109375
0 0.3055555555555556 0.21484375 0.034722222222222224 0.021875
0 0.08194444444444444 0.209375 0.027777777777777776 0.01796875
0 0.24583333333333332 0.19921875 0.018055555555555554 0.0109375
0 0.32222222222222224 0.19765625 0.030555555555555555 0.01640625
0 0.17222222222222222 0.18984375 0.03888888888888889 0.01484375
0 0.09305555555555556 0.1828125 0.03611111111111111 0.02734375
0 0.001388888888888889 0.1703125 0.018055555555555554 0.0140625
0 0.11388888888888889 0.1671875 0.030555555555555555 0.01875
0 0.004166666666666667 0.1671875 0.07361111111111111 0.034375
0 0.1527777777777778 0.16015625 0.05 0.02265625
0 0.0 0.14609375 0.029166666666666667 0.0140625
0 0.11944444444444445 0.14296875 0.05416666666666667 0.02265625
0 0.002777777777777778 0.125 0.03333333333333333 0.01796875
