0 0.36527777777777776 0.71328125 0.043055555555555555 0.03203125
0 0.41944444444444445 0.70078125 0.03333333333333333 0.01796875
0 0.8875 0.65859375 0.03194444444444444 0.01796875
0 0.3111111111111111 0.63984375 0.027777777777777776 0.01875
0 0.4847222222222222 0.6296875 0.04722222222222222 0.02890625
0 0.2222222222222222 0.62109375 0.016666666666666666 0.015625
0 0.44305555555555554 0.61484375 0.044444444444444446 0.0203125
0 0.6583333333333333 0.603125 0.029166666666666667 0.01875
0 0.9180555555555555 0.60078125 0.03888888888888889 0.02265625
0 0.6208333333333333 0.596875 0.025 0.01953125
0 0.18194444444444444 0.596875 0.030555555555555555 0.02109375
0 0.30972222222222223 0.59609375 0.025 0.0171875
0 0.5652777777777778 0.57890625 0.034722222222222224 0.015625
0 0.30833333333333335 0.57265625 0.04027777777777778 0.0203125
0 0.7291666666666666 0.56640625 0.03888888888888889 0.01640625
0 0.5944444444444444 0.55625 0.03194444444444444 0.0109375
0 0.7583333333333333 0.54921875 0.03333333333333333 0.01796875
0 0.8125 0.54296875 0.03194444444444444 0.01640625
0 0.26944444444444443 0.54140625 0.04583333333333333 0.0234375
0 0.7902777777777777 0.53984375 0.027777777777777776 0.0140625
0 0.3527777777777778 0.53125 0.0625 0.03359375
0 0.6527777777777778 0.51640625 0.034722222222222224 0.021875
0 0.1388888888888889 0.5140625 0.04861111111111111 0.0265625
0 0.22083333333333333 0.51328125 0.04861111111111111 0.02265625
0 0.38333333333333336 0.51015625 0.043055555555555555 0.02109375
0 0.2708333333333333 0.50078125 0.0375 0.0125
0 0.04027777777777778 0.49921875 0.04027777777777778 0.0234375
0 0.08611111111111111 0.4984375 0.05 0.0171875
0 0.9319444444444445 0.48828125 0.030555555555555555 0.01484375
0 0.725 0.48671875 0.05694444444444444 0.03984375
0 0.15694444444444444 0.4765625 0.029166666666666667 0.01484375
0 0.37083333333333335 0.4640625 0.030555555555555555 0.01796875
0 0.9486111111111111 0.4515625 0.02361111111111111 0.01484375
0 0.22916666666666666 0.44140625 0.03611111111111111 0.0203125
0 0.06388888888888888 0.4296875 0.05694444444444444 0.02890625
0 0.025 0.40625 0.05555555555555555 0.0203125
0 0.6027777777777777 0.375 0.019444444444444445 0.01328125
0 0.2625 0.36171875 0.029166666666666667 0.01484375
0 0.9805555555555555 0.35859375 0.018055555555555554 0.009375
0 0.4125 0.35546875 0.0375 0.015625
0 0.49722222222222223 0.35390625 0.05694444444444444 0.02578125
0 0.20416666666666666 0.35390625 0.03888888888888889 0.0203125
0 0.25277777777777777 0.334375 0.041666666666666664 0.01875
0 0.4013888888888889 0.3328125 0.044444444444444446 0.02265625
0 0.10416666666666667 0.31640625 0.03194444444444444 0.015625
0 0.9805555555555555 0.31328125 0.019444444444444445 0.02109375
0 0.02361111111111111 0.30390625 0.02638888888888889 0.01640625
0 0.21944444444444444 0.3015625 0.05277777777777778 0.03515625
0 0.425 0.29375 0.04583333333333333 0.02578125
0 0.15833333333333333 0.29140625 0.05416666666666667 0.0375
0 0.8694444444444445 0.2890625 0.03194444444444444 0.01796875
0 0.05694444444444444 0.2859375 0.03194444444444444 0.02109375
0 0.7694444444444445 0.2828125 0.03194444444444444 0.0171875
0 0.002777777777777778 0.278125 0.03611111111111111 0.03828125
0 0.8 0.2703125 0.07083333333333333 0.0328125
0 0.16666666666666666 0.26875 0.07777777777777778 0.03203125
0 0.06805555555555555 0.26171875 0.08611111111111111 0.0296875
0 0.49166666666666664 0.25859375 0.07916666666666666 0.046875
0 0.8416666666666667 0.2546875 0.03333333333333333 0.0203125
0 0.9722222222222222 0.23671875 0.027777777777777776 0.01796875
0 0.15694444444444444 0.2328125 0.04583333333333333 0.02265625
0 0.30972222222222223 0.2265625 0.05277777777777778 0.03203125
0 0.23472222222222222 0.21875 0.043055555555555555 0.02109375
0 0.09166666666666666 0.2125 0.07083333333333333 0.05
0 0.0625 0.2109375 0.027777777777777776 0.0140625
0 0.6986111111111111 0.20703125 0.027777777777777776 0.01484375
0 0.15833333333333333 0.20390625 0.04583333333333333 0.0265625
0 0.2125 0.20234375 0.03333333333333333 0.0140625
0 0.3527777777777778 0.2 0.027777777777777776 0.015625
0 0.6222222222222222 0.196875 0.02638888888888889 0.02109375
0 0.08611111111111111 0.190625 0.04583333333333333 0.01953125
0 0.9652777777777778 0.17734375 0.034722222222222224 0.01953125
0 0.23055555555555557 0.17734375 0.016666666666666666 0.01328125
0 0.4625 0.17421875 0.030555555555555555 0.01875
0 0.05416666666666667 0.16640625 0.025 0.01484375
0 0.001388888888888889 0.1625 0.03611111111111111 0.025
0 0.2708333333333333 0.15859375 0.034722222222222224 0.0171875
0 0.02361111111111111 0.153125 0.029166666666666667 0.01875
0 0.18055555555555555 0.15078125 0.011111111111111112 0.01171875
0 0.23055555555555557 0.14765625 0.02638888888888889 0.01328125
0 0.002777777777777778 0.14453125 0.02638888888888889 0.01875
0 0.3347222222222222 0.12578125 0.05 0.03359375
0 0.25555555555555554 0.10390625 0.02361111111111111 0.015625
0 0.20416666666666666 0.09921875 0.029166666666666667 0.01328125
0 0.20277777777777778 0.08359375 0.027777777777777776 0.015625
