0 0.3861111111111111 0.68984375 0.05138888888888889 0.0328125
0 0.44166666666666665 0.6765625 0.03888888888888889 0.021875
0 0.5722222222222222 0.6265625 0.027777777777777776 0.01953125
0 0.9138888888888889 0.625 0.041666666666666664 0.0296875
0 0.3333333333333333 0.62109375 0.029166666666666667 0.01640625
0 0.24305555555555555 0.6 0.02361111111111111 0.01796875
0 0.7513888888888889 0.596875 0.03194444444444444 0.01484375
0 0.45555555555555555 0.58671875 0.05 0.028125
0 0.1986111111111111 0.57890625 0.03194444444444444 0.01875
0 0.31666666666666665 0.57578125 0.03611111111111111 0.01796875
0 0.9486111111111111 0.575 0.0375 0.02109375
0 0.6361111111111111 0.57265625 0.07916666666666666 0.0265625
0 0.5763888888888888 0.55234375 0.0375 0.0203125
0 0.32222222222222224 0.55078125 0.041666666666666664 0.0203125
0 0.7388888888888889 0.53828125 0.044444444444444446 0.0203125
0 0.6055555555555555 0.53125 0.0375 0.01171875
0 0.7694444444444445 0.5234375 0.034722222222222224 0.01796875
0 0.275 0.51796875 0.041666666666666664 0.02734375
0 0.8083333333333333 0.5125 0.0625 0.0234375
0 0.14583333333333334 0.4953125 0.05138888888888889 0.02578125
0 0.22916666666666666 0.49296875 0.05277777777777778 0.02421875
0 0.6597222222222222 0.49140625 0.04583333333333333 0.025
0 0.3638888888888889 0.4859375 0.075 0.06015625
0 0.28888888888888886 0.48125 0.034722222222222224 0.01484375
0 0.09861111111111111 0.48125 0.04722222222222222 0.0171875
0 0.04027777777777778 0.4796875 0.05 0.025
0 0.9625 0.46484375 0.027777777777777776 0.01171875
0 0.7305555555555555 0.46015625 0.06527777777777778 0.04453125
0 0.16111111111111112 0.4578125 0.030555555555555555 0.01484375
0 0.3819444444444444 0.4421875 0.04027777777777778 0.02109375
0 0.9722222222222222 0.42265625 0.025 0.0234375
0 0.2375 0.41953125 0.0375 0.0234375
0 0.06527777777777778 0.4125 0.05555555555555555 0.04765625
0 0.9 0.38984375 0.02361111111111111 0.0140625
0 0.02638888888888889 0.384375 0.05416666666666667 0.028125
0 0.5930555555555556 0.35 0.03611111111111111 0.02421875
0 0.26666666666666666 0.34609375 0.04027777777777778 0.015625
0 0.20972222222222223 0.33515625 0.04583333333333333 0.02265625
0 0.5 0.33125 0.06666666666666667 0.028125
0 0.25416666666666665 0.3171875 0.04722222222222222 0.021875
0 0.3958333333333333 0.31171875 0.06388888888888888 0.03984375
0 0.6555555555555556 0.30546875 0.03194444444444444 0.01796875
0 0.10972222222222222 0.2984375 0.04027777777777778 0.02265625
0 0.21388888888888888 0.28671875 0.06388888888888888 0.034375
0 0.425 0.271875 0.04722222222222222 0.0296875
0 0.4930555555555556 0.26171875 0.044444444444444446 0.02421875
0 0.8763888888888889 0.259375 0.041666666666666664 0.02265625
0 0.7736111111111111 0.25546875 0.0375 0.02109375
0 0.1597222222222222 0.24921875 0.09166666666666666 0.0515625
0 0.0 0.24609375 0.15555555555555556 0.0640625
0 0.8069444444444445 0.2421875 0.04722222222222222 0.02890625
0 0.49444444444444446 0.23671875 0.0763888888888889 0.02421875
0 0.8486111111111111 0.22578125 0.043055555555555555 0.0234375
0 0.975 0.225 0.025 0.01484375
0 0.09027777777777778 0.21796875 0.04027777777777778 0.02890625
0 0.30277777777777776 0.21171875 0.058333333333333334 0.028125
0 0.225 0.2 0.04722222222222222 0.02421875
0 0.06805555555555555 0.19375 0.029166666666666667 0.02421875
0 0.7041666666666667 0.1828125 0.03611111111111111 0.01171875
0 0.3486111111111111 0.18125 0.03333333333333333 0.01640625
0 0.6263888888888889 0.17421875 0.030555555555555555 0.02109375
0 0.09027777777777778 0.17421875 0.1111111111111111 0.065625
0 0.001388888888888889 0.153125 0.04583333333333333 0.02578125
0 0.4666666666666667 0.15234375 0.04027777777777778 0.02265625
0 0.2708333333333333 0.14375 0.034722222222222224 0.0171875
0 0.029166666666666667 0.13984375 0.06527777777777778 0.03125
0 0.17777777777777778 0.13125 0.019444444444444445 0.01796875
0 0.3333333333333333 0.08984375 0.05555555555555555 0.053125
0 0.25277777777777777 0.0875 0.030555555555555555 0.015625
0 0.2013888888888889 0.06640625 0.0375 0.034375
