0 0.7111111111111111 0.97890625 0.05277777777777778 0.02109375
0 0.925 0.965625 0.059722222222222225 0.03046875
0 0.1638888888888889 0.93359375 0.02638888888888889 0.01484375
0 0.35694444444444445 0.92734375 0.044444444444444446 0.025
0 0.5138888888888888 0.9125 0.0375 0.01953125
0 0.5791666666666667 0.87578125 0.06805555555555555 0.03671875
0 0.25972222222222224 0.83359375 0.0875 0.03203125
0 0.46944444444444444 0.80625 0.027777777777777776 0.01484375
0 0.7513888888888889 0.79765625 0.03194444444444444 0.015625
0 0.6305555555555555 0.79765625 0.03888888888888889 0.0234375
0 0.17222222222222222 0.796875 0.12361111111111112 0.053125
0 0.7888888888888889 0.771875 0.0625 0.03046875
0 0.2777777777777778 0.76171875 0.05694444444444444 0.0359375
0 0.8916666666666667 0.759375 0.07916666666666666 0.02265625
0 0.7361111111111112 0.7546875 0.03611111111111111 0.02578125
0 0.575 0.74453125 0.05138888888888889 0.03515625
0 0.275 0.73046875 0.0625 0.0296875
0 0.825 0.72578125 0.027777777777777776 0.02109375
0 0.7375 0.7140625 0.03333333333333333 0.02421875
0 0.3263888888888889 0.7109375 0.1111111111111111 0.05078125
0 0.20555555555555555 0.7078125 0.03194444444444444 0.0140625
0 0.9402777777777778 0.68984375 0.043055555555555555 0.025
0 0.6875 0.65859375 0.02361111111111111 0.021875
0 0.30972222222222223 0.63125 0.044444444444444446 0.021875
0 0.4222222222222222 0.60703125 0.05 0.025
0 0.6458333333333334 0.6046875 0.025 0.021875
0 0.08194444444444444 0.603125 0.03888888888888889 0.0234375
0 0.13472222222222222 0.59921875 0.0375 0.01640625
0 0.6125 0.5890625 0.04027777777777778 0.01171875
0 0.4736111111111111 0.58359375 0.04861111111111111 0.02265625
0 0.9416666666666667 0.5609375 0.05416666666666667 0.04765625
0 0.7541666666666667 0.5578125 0.058333333333333334 0.03515625
0 0.8152777777777778 0.55546875 0.12638888888888888 0.06796875
0 0.4041666666666667 0.55546875 0.05555555555555555 0.025
0 0.2638888888888889 0.5515625 0.08472222222222223 0.03046875
0 0.3527777777777778 0.54609375 0.027777777777777776 0.01953125
0 0.6152777777777778 0.53671875 0.06944444444444445 0.0390625
0 0.9625 0.51953125 0.0375 0.0328125
0 0.7777777777777778 0.5125 0.03333333333333333 0.01015625
0 0.6402777777777777 0.4921875 0.02638888888888889 0.0125
0 0.9625 0.48828125 0.03611111111111111 0.0125
0 0.7347222222222223 0.4796875 0.08611111111111111 0.028125
0 0.825 0.47109375 0.0875 0.03671875
0 0.40694444444444444 0.4640625 0.03888888888888889 0.015625
0 0.6763888888888889 0.4609375 0.05138888888888889 0.0234375
0 0.4305555555555556 0.4484375 0.05416666666666667 0.02265625
0 0.38055555555555554 0.4359375 0.022222222222222223 0.015625
0 0.35833333333333334 0.38671875 0.04583333333333333 0.03046875
0 0.6444444444444445 0.37578125 0.0375 0.01640625
0 0.7402777777777778 0.37109375 0.05138888888888889 0.02578125
0 0.3819444444444444 0.36953125 0.05138888888888889 0.028125
0 0.46111111111111114 0.36796875 0.05 0.03046875
0 0.6388888888888888 0.33984375 0.027777777777777776 0.028125
0 0.48333333333333334 0.3375 0.05555555555555555 0.034375
0 0.6194444444444445 0.32734375 0.02361111111111111 0.02578125
0 0.41805555555555557 0.31875 0.04027777777777778 0.0265625
0 0.4861111111111111 0.30234375 0.025 0.0203125
0 0.6194444444444445 0.3015625 0.041666666666666664 0.02578125
0 0.42083333333333334 0.2890625 0.041666666666666664 0.02734375
0 0.6666666666666666 0.2625 0.12638888888888888 0.0671875
0 0.3875 0.2546875 0.04722222222222222 0.0265625
0 0.8527777777777777 0.246875 0.06944444444444445 0.0375
0 0.42916666666666664 0.22421875 0.059722222222222225 0.02578125
0 0.5458333333333333 0.20078125 0.04861111111111111 0.034375
0 0.5680555555555555 0.1671875 0.09583333333333334 0.0328125
0 0.6666666666666666 0.15078125 0.02361111111111111 0.02421875
0 0.5666666666666667 0.11796875 0.05555555555555555 0.0421875
0 0.5305555555555556 0.11484375 0.018055555555555554 0.02890625
0 0.6305555555555555 0.11328125 0.07361111111111111 0.03984375
0 0.6513888888888889 0.028125 0.09166666666666666 0.06640625
