0 0.17916666666666667 0.82109375 0.0625 0.03125
0 0.17222222222222222 0.72421875 0.06527777777777778 0.0515625
0 0.9319444444444445 0.59140625 0.06805555555555555 0.0296875
0 0.9277777777777778 0.578125 0.041666666666666664 0.01953125
0 0.06527777777777778 0.53671875 0.04722222222222222 0.0203125
0 0.011111111111111112 0.47421875 0.1111111111111111 0.05234375
0 0.7805555555555556 0.46875 0.041666666666666664 0.01953125
0 0.06666666666666667 0.459375 0.0375 0.028125
0 0.002777777777777778 0.43359375 0.04722222222222222 0.0265625
0 0.9125 0.3828125 0.05277777777777778 0.02421875
0 0.9625 0.32421875 0.0375 0.0375
