0 0.6986111111111111 0.759375 0.019444444444444445 0.0203125
0 0.7291666666666666 0.75078125 0.034722222222222224 0.01796875
0 0.6847222222222222 0.725 0.04583333333333333 0.015625
0 0.5902777777777778 0.721875 0.034722222222222224 0.01875
0 0.6305555555555555 0.72109375 0.025 0.02109375
0 0.6847222222222222 0.70703125 0.04027777777777778 0.01796875
0 0.5888888888888889 0.6890625 0.02638888888888889 0.0203125
0 0.49027777777777776 0.68828125 0.03194444444444444 0.01484375
0 0.4222222222222222 0.67578125 0.04722222222222222 0.0234375
0 0.6361111111111111 0.66953125 0.03194444444444444 0.021875
0 0.7444444444444445 0.646875 0.025 0.0140625
0 0.5041666666666667 0.646875 0.02638888888888889 0.0125
0 0.45555555555555555 0.6453125 0.034722222222222224 0.040625
0 0.06111111111111111 0.62890625 0.030555555555555555 0.02421875
0 0.12083333333333333 0.61640625 0.018055555555555554 0.01015625
0 0.6166666666666667 0.58515625 0.027777777777777776 0.0109375
0 0.35694444444444445 0.584375 0.02638888888888889 0.025
0 0.5097222222222222 0.58046875 0.02361111111111111 0.015625
0 0.7541666666666667 0.5796875 0.022222222222222223 0.0125
0 0.31527777777777777 0.5796875 0.03611111111111111 0.02265625
0 0.5402777777777777 0.57890625 0.041666666666666664 0.021875
0 0.13055555555555556 0.57265625 0.034722222222222224 0.021875
0 0.5861111111111111 0.571875 0.02361111111111111 0.01015625
0 0.23194444444444445 0.5703125 0.025 0.02421875
0 0.37916666666666665 0.55859375 0.02361111111111111 0.015625
0 0.13194444444444445 0.55546875 0.03194444444444444 0.0140625
0 0.11666666666666667 0.534375 0.02361111111111111 0.01171875
0 0.47638888888888886 0.52890625 0.0375 0.01796875
0 0.20694444444444443 0.51640625 0.05555555555555555 0.02578125
0 0.34305555555555556 0.49296875 0.016666666666666666 0.01328125
0 0.30694444444444446 0.47578125 0.029166666666666667 0.01640625
0 0.4388888888888889 0.47109375 0.020833333333333332 0.01484375
0 0.4736111111111111 0.4296875 0.03333333333333333 0.01640625
0 0.5138888888888888 0.42734375 0.03333333333333333 0.0140625
0 0.5972222222222222 0.41484375 0.03194444444444444 0.0140625
0 0.45555555555555555 0.40546875 0.043055555555555555 0.02109375
0 0.7777777777777778 0.403125 0.041666666666666664 0.01953125
0 0.30416666666666664 0.3984375 0.011111111111111112 0.01328125
0 0.06666666666666667 0.38515625 0.034722222222222224 0.01640625
0 0.15694444444444444 0.37578125 0.03194444444444444 0.01171875
0 0.28194444444444444 0.3734375 0.018055555555555554 0.01328125
0 0.3972222222222222 0.3625 0.019444444444444445 0.01953125
0 0.03333333333333333 0.3421875 0.06805555555555555 0.03203125
0 0.24027777777777778 0.33046875 0.034722222222222224 0.0140625
0 0.5555555555555556 0.32734375 0.034722222222222224 0.01640625
0 0.10972222222222222 0.32734375 0.02638888888888889 0.02265625
0 0.5388888888888889 0.30546875 0.03194444444444444 0.01484375
0 0.4722222222222222 0.2828125 0.02361111111111111 0.015625
0 0.46111111111111114 0.2515625 0.04027777777777778 0.028125
0 0.5055555555555555 0.25078125 0.027777777777777776 0.01484375
0 0.4444444444444444 0.23359375 0.04027777777777778 0.01796875
0 0.5222222222222223 0.22421875 0.027777777777777776 0.0171875
0 0.30277777777777776 0.21875 0.05694444444444444 0.034375
0 0.375 0.209375 0.05 0.034375
0 0.45416666666666666 0.19375 0.030555555555555555 0.0171875
0 0.41944444444444445 0.175 0.02361111111111111 0.0171875
0 0.4652777777777778 0.15703125 0.025 0.01015625
0 0.3527777777777778 0.15625 0.029166666666666667 0.01640625
0 0.42083333333333334 0.15546875 0.04027777777777778 0.009375
0 0.4708333333333333 0.1328125 0.018055555555555554 0.0109375
0 0.44027777777777777 0.12890625 0.025 0.01640625
