0 0.3111111111111111 0.975 0.03888888888888889 0.025
0 0.46944444444444444 0.93046875 0.03888888888888889 0.02109375
0 0.6708333333333333 0.9125 0.05277777777777778 0.02578125
0 0.6166666666666667 0.90859375 0.030555555555555555 0.0171875
0 0.37083333333333335 0.9015625 0.0625 0.03359375
0 0.18611111111111112 0.83515625 0.027777777777777776 0.01875
0 0.46805555555555556 0.8265625 0.03888888888888889 0.03984375
0 0.17083333333333334 0.809375 0.02638888888888889 0.0203125
0 0.7833333333333333 0.796875 0.0763888888888889 0.02734375
0 0.6986111111111111 0.7734375 0.03611111111111111 0.01875
0 0.6361111111111111 0.7703125 0.03888888888888889 0.0203125
0 0.4708333333333333 0.75859375 0.04027777777777778 0.034375
0 0.9333333333333333 0.75625 0.04861111111111111 0.028125
0 0.18888888888888888 0.74609375 0.022222222222222223 0.01796875
0 0.5166666666666667 0.71328125 0.04583333333333333 0.02265625
0 0.12916666666666668 0.63515625 0.02361111111111111 0.015625
0 0.33194444444444443 0.63046875 0.02638888888888889 0.02421875
0 0.5319444444444444 0.61875 0.05416666666666667 0.03203125
0 0.38055555555555554 0.6125 0.027777777777777776 0.0125
0 0.3125 0.5796875 0.04027777777777778 0.0171875
0 0.13194444444444445 0.575 0.059722222222222225 0.0328125
0 0.5319444444444444 0.53671875 0.044444444444444446 0.0109375
0 0.10833333333333334 0.51484375 0.03333333333333333 0.025
0 0.004166666666666667 0.46015625 0.03611111111111111 0.0171875
0 0.001388888888888889 0.44609375 0.011111111111111112 0.015625
0 0.5847222222222223 0.4203125 0.044444444444444446 0.02109375
0 0.09722222222222222 0.41328125 0.04027777777777778 0.021875
0 0.030555555555555555 0.4125 0.041666666666666664 0.0171875
0 0.07222222222222222 0.38359375 0.043055555555555555 0.025
0 0.002777777777777778 0.38203125 0.05555555555555555 0.0265625
0 0.034722222222222224 0.2875 0.0375 0.015625
0 0.009722222222222222 0.20078125 0.044444444444444446 0.02421875
0 0.5277777777777778 0.153125 0.05694444444444444 0.040625
