0 0.2902777777777778 0.78515625 0.022222222222222223 0.01484375
0 0.075 0.7328125 0.044444444444444446 0.03203125
0 0.33055555555555555 0.6859375 0.029166666666666667 0.015625
0 0.5097222222222222 0.68515625 0.04861111111111111 0.02734375
0 0.4263888888888889 0.6796875 0.03194444444444444 0.025
0 0.38055555555555554 0.6578125 0.04027777777777778 0.01640625
0 0.2722222222222222 0.65390625 0.030555555555555555 0.01484375
0 0.3347222222222222 0.628125 0.022222222222222223 0.02890625
0 0.5583333333333333 0.6 0.02638888888888889 0.01875
0 0.4875 0.5609375 0.05555555555555555 0.03671875
0 0.29583333333333334 0.55078125 0.05277777777777778 0.021875
0 0.6930555555555555 0.52109375 0.02638888888888889 0.02109375
0 0.5416666666666666 0.51953125 0.03194444444444444 0.0140625
0 0.6708333333333333 0.475 0.03611111111111111 0.021875
0 0.7277777777777777 0.47109375 0.029166666666666667 0.01953125
0 0.5402777777777777 0.4625 0.030555555555555555 0.01953125
0 0.14166666666666666 0.46171875 0.018055555555555554 0.01796875
0 0.5069444444444444 0.40625 0.058333333333333334 0.03046875
0 0.3333333333333333 0.3953125 0.05277777777777778 0.0265625
0 0.6361111111111111 0.3875 0.05 0.01953125
0 0.5888888888888889 0.3734375 0.034722222222222224 0.01796875
0 0.5555555555555556 0.37265625 0.020833333333333332 0.009375
0 0.36944444444444446 0.36796875 0.025 0.0203125
0 0.475 0.346875 0.041666666666666664 0.0203125
0 0.4736111111111111 0.3125 0.04583333333333333 0.025
0 0.4111111111111111 0.29140625 0.04583333333333333 0.0203125
0 0.5111111111111111 0.2765625 0.05138888888888889 0.0359375
0 0.02361111111111111 0.27578125 0.08194444444444444 0.0375
0 0.4 0.2359375 0.059722222222222225 0.0265625
0 0.40694444444444444 0.17578125 0.05416666666666667 0.02890625
0 0.5666666666666667 0.17265625 0.08333333333333333 0.040625
0 0.5027777777777778 0.1671875 0.022222222222222223 0.02109375
