0 0.37916666666666665 0.775 0.03888888888888889 0.02109375
0 0.42916666666666664 0.7625 0.04027777777777778 0.02109375
0 0.31805555555555554 0.70546875 0.03888888888888889 0.02734375
0 0.20416666666666666 0.6609375 0.022222222222222223 0.015625
0 0.08611111111111111 0.6484375 0.043055555555555555 0.02734375
0 0.2222222222222222 0.6453125 0.04722222222222222 0.0171875
0 0.8763888888888889 0.6328125 0.03888888888888889 0.0234375
0 0.9305555555555556 0.63203125 0.02638888888888889 0.01015625
0 0.9736111111111111 0.62265625 0.02638888888888889 0.01875
0 0.36944444444444446 0.615625 0.034722222222222224 0.01640625
0 0.7902777777777777 0.60703125 0.04722222222222222 0.03203125
0 0.8763888888888889 0.60546875 0.027777777777777776 0.01328125
0 0.19166666666666668 0.6 0.05 0.01796875
0 0.26666666666666666 0.596875 0.043055555555555555 0.0421875
0 0.1361111111111111 0.59375 0.03194444444444444 0.015625
0 0.17083333333333334 0.58203125 0.03194444444444444 0.01875
0 0.044444444444444446 0.5796875 0.02361111111111111 0.01640625
0 0.8944444444444445 0.5765625 0.05 0.02109375
0 0.9430555555555555 0.51796875 0.05694444444444444 0.02734375
0 0.14722222222222223 0.5140625 0.034722222222222224 0.02421875
0 0.2708333333333333 0.50390625 0.04722222222222222 0.021875
0 0.9902777777777778 0.48828125 0.009722222222222222 0.02421875
0 0.29305555555555557 0.471875 0.043055555555555555 0.02734375
0 0.9875 0.45234375 0.0125 0.021875
0 0.1986111111111111 0.44375 0.09583333333333334 0.04375
0 0.16666666666666666 0.44296875 0.03888888888888889 0.03046875
