0 0.8583333333333333 0.67890625 0.030555555555555555 0.01875
0 0.8861111111111111 0.64609375 0.04861111111111111 0.02421875
0 0.7125 0.6421875 0.044444444444444446 0.01953125
0 0.6097222222222223 0.62578125 0.04861111111111111 0.02890625
0 0.4888888888888889 0.621875 0.025 0.01875
0 0.9277777777777778 0.61953125 0.03888888888888889 0.01953125
0 0.5347222222222222 0.61953125 0.027777777777777776 0.01484375
0 0.41805555555555557 0.6046875 0.020833333333333332 0.01953125
0 0.49722222222222223 0.60078125 0.016666666666666666 0.01015625
0 0.5902777777777778 0.584375 0.05 0.02578125
0 0.5055555555555555 0.56875 0.05 0.01875
0 0.6444444444444445 0.55234375 0.025 0.01796875
0 0.5375 0.50625 0.03611111111111111 0.028125
0 0.5736111111111111 0.4828125 0.04027777777777778 0.01875
0 0.6305555555555555 0.47421875 0.05 0.02890625
0 0.5763888888888888 0.446875 0.03611111111111111 0.0234375
