0 0.7722222222222223 0.83359375 0.04861111111111111 0.03125
0 0.7638888888888888 0.76953125 0.03333333333333333 0.0234375
0 0.6694444444444444 0.73515625 0.022222222222222223 0.01484375
0 0.5375 0.73046875 0.06388888888888888 0.0484375
0 0.03333333333333333 0.728125 0.03888888888888889 0.0171875
0 0.6027777777777777 0.62890625 0.025 0.01015625
0 0.6930555555555555 0.6265625 0.04027777777777778 0.0125
0 0.6333333333333333 0.61328125 0.0375 0.015625
0 0.7833333333333333 0.60390625 0.03611111111111111 0.02421875
0 0.8486111111111111 0.5703125 0.03888888888888889 0.0296875
0 0.3680555555555556 0.56796875 0.027777777777777776 0.009375
0 0.8027777777777778 0.56640625 0.02638888888888889 0.02109375
0 0.013888888888888888 0.5515625 0.04027777777777778 0.021875
0 0.2652777777777778 0.54609375 0.034722222222222224 0.0125
0 0.8569444444444444 0.53515625 0.05555555555555555 0.02265625
0 0.5805555555555556 0.525 0.06527777777777778 0.06953125
0 0.7208333333333333 0.51015625 0.04722222222222222 0.025
0 0.001388888888888889 0.50703125 0.025 0.0203125
0 0.043055555555555555 0.503125 0.03194444444444444 0.01953125
0 0.5402777777777777 0.4921875 0.044444444444444446 0.0234375
0 0.6541666666666667 0.48828125 0.0375 0.02265625
0 0.6916666666666667 0.48203125 0.041666666666666664 0.0203125
0 0.45 0.48046875 0.043055555555555555 0.03359375
0 0.55 0.45703125 0.07083333333333333 0.0296875
0 0.4708333333333333 0.45546875 0.03194444444444444 0.02265625
0 0.7458333333333333 0.4421875 0.044444444444444446 0.02578125
0 0.49583333333333335 0.41875 0.03194444444444444 0.0171875
0 0.6416666666666667 0.40078125 0.05277777777777778 0.05546875
0 0.4625 0.39765625 0.05694444444444444 0.02734375
0 0.5097222222222222 0.38046875 0.05138888888888889 0.0296875
0 0.5388888888888889 0.3515625 0.03333333333333333 0.0265625
0 0.48194444444444445 0.3515625 0.044444444444444446 0.01953125
0 0.6694444444444444 0.346875 0.04027777777777778 0.02109375
0 0.5111111111111111 0.31796875 0.04722222222222222 0.0265625
0 0.6958333333333333 0.315625 0.043055555555555555 0.02890625
0 0.5930555555555556 0.31328125 0.043055555555555555 0.0296875
0 0.5652777777777778 0.27265625 0.05555555555555555 0.02734375
0 0.6472222222222223 0.22578125 0.0375 0.021875
0 0.6097222222222223 0.20703125 0.03888888888888889 0.02734375
0 0.6861111111111111 0.18828125 0.05 0.0234375
