0 0.8638888888888889 0.753125 0.04722222222222222 0.03515625
0 0.6736111111111112 0.7421875 0.08333333333333333 0.04453125
0 0.12916666666666668 0.72890625 0.05555555555555555 0.02578125
0 0.9763888888888889 0.71015625 0.02361111111111111 0.01953125
0 0.9402777777777778 0.7078125 0.05 0.01796875
0 0.26805555555555555 0.690625 0.05 0.02890625
0 0.8319444444444445 0.675 0.041666666666666664 0.015625
0 0.7277777777777777 0.64609375 0.09861111111111111 0.02578125
0 0.6569444444444444 0.6203125 0.06527777777777778 0.046875
0 0.4722222222222222 0.615625 0.03611111111111111 0.01484375
0 0.5347222222222222 0.6125 0.04583333333333333 0.01796875
0 0.7236111111111111 0.59921875 0.0375 0.0234375
0 0.3194444444444444 0.57734375 0.05277777777777778 0.028125
0 0.6291666666666667 0.55859375 0.0875 0.04765625
0 0.45555555555555555 0.54453125 0.06527777777777778 0.03359375
0 0.7055555555555556 0.540625 0.034722222222222224 0.01171875
0 0.40694444444444444 0.53046875 0.02361111111111111 0.01328125
0 0.7888888888888889 0.51171875 0.04722222222222222 0.03203125
0 0.8569444444444444 0.51015625 0.043055555555555555 0.025
0 0.5597222222222222 0.5078125 0.04027777777777778 0.02578125
0 0.5194444444444445 0.4875 0.05555555555555555 0.02890625
0 0.475 0.47109375 0.05555555555555555 0.0234375
0 0.6652777777777777 0.45546875 0.08888888888888889 0.05
0 0.3972222222222222 0.45 0.05277777777777778 0.03125
0 0.44583333333333336 0.43203125 0.03611111111111111 0.021875
0 0.48055555555555557 0.42734375 0.08333333333333333 0.0390625
0 0.5208333333333334 0.4 0.019444444444444445 0.00859375
0 0.4875 0.39609375 0.02638888888888889 0.015625
0 0.7347222222222223 0.384375 0.059722222222222225 0.03359375
0 0.6694444444444444 0.30234375 0.016666666666666666 0.01015625
0 0.35694444444444445 0.2734375 0.08611111111111111 0.03828125
0 0.6680555555555555 0.24453125 0.022222222222222223 0.0203125
0 0.40555555555555556 0.23828125 0.041666666666666664 0.0328125
0 0.6166666666666667 0.2328125 0.03194444444444444 0.0203125
0 0.6 0.21015625 0.015277777777777777 0.0125
0 0.4583333333333333 0.15 0.058333333333333334 0.03515625
0 0.6388888888888888 0.1453125 0.02361111111111111 0.01484375
0 0.4361111111111111 0.14296875 0.034722222222222224 0.0109375
0 0.5972222222222222 0.10234375 0.05416666666666667 0.0265625
0 0.5055555555555555 0.09296875 0.06111111111111111 0.03046875
0 0.44722222222222224 0.07265625 0.044444444444444446 0.0234375
0 0.5069444444444444 0.059375 0.05416666666666667 0.03125
