0 0.5083333333333333 0.69453125 0.04027777777777778 0.02421875
0 0.030555555555555555 0.64609375 0.04027777777777778 0.01953125
0 0.6486111111111111 0.64296875 0.020833333333333332 0.01796875
0 0.10972222222222222 0.6203125 0.02638888888888889 0.01875
0 0.8638888888888889 0.61796875 0.07083333333333333 0.0375
0 0.3277777777777778 0.60546875 0.04027777777777778 0.02421875
0 0.3625 0.58984375 0.02638888888888889 0.0125
0 0.8013888888888889 0.56328125 0.05555555555555555 0.03203125
0 0.875 0.525 0.05555555555555555 0.028125
0 0.8013888888888889 0.5203125 0.020833333333333332 0.0171875
0 0.11388888888888889 0.5125 0.05694444444444444 0.03125
0 0.8694444444444445 0.47109375 0.025 0.02109375
0 0.19305555555555556 0.465625 0.0375 0.0296875
0 0.009722222222222222 0.45703125 0.04583333333333333 0.03203125
0 0.15 0.44609375 0.04722222222222222 0.02109375
0 0.6444444444444445 0.4453125 0.05416666666666667 0.0328125
0 0.4930555555555556 0.43984375 0.02638888888888889 0.0203125
0 0.4583333333333333 0.4265625 0.02361111111111111 0.015625
0 0.5194444444444445 0.41796875 0.02361111111111111 0.01796875
0 0.6236111111111111 0.4171875 0.022222222222222223 0.0109375
0 0.3861111111111111 0.415625 0.03611111111111111 0.01796875
0 0.9097222222222222 0.40859375 0.027777777777777776 0.01796875
0 0.8652777777777778 0.40234375 0.03333333333333333 0.01875
0 0.7277777777777777 0.3984375 0.0375 0.01640625
0 0.44166666666666665 0.3890625 0.030555555555555555 0.0203125
0 0.36944444444444446 0.3890625 0.0375 0.01640625
0 0.33611111111111114 0.38828125 0.022222222222222223 0.0125
0 0.9666666666666667 0.38203125 0.025 0.0171875
0 0.9888888888888889 0.34765625 0.011111111111111112 0.021875
0 0.9402777777777778 0.34765625 0.020833333333333332 0.01796875
0 0.2222222222222222 0.34609375 0.019444444444444445 0.01484375
0 0.1736111111111111 0.31640625 0.029166666666666667 0.01953125
0 0.8958333333333334 0.31171875 0.06666666666666667 0.02890625
0 0.20555555555555555 0.30078125 0.0625 0.0390625
0 0.725 0.296875 0.03611111111111111 0.0265625
0 0.8208333333333333 0.26953125 0.05 0.01875
0 0.24583333333333332 0.2671875 0.030555555555555555 0.0171875
0 0.10277777777777777 0.2625 0.06527777777777778 0.028125
0 0.7305555555555555 0.2609375 0.029166666666666667 0.01875
0 0.6166666666666667 0.25 0.05 0.0328125
0 0.2708333333333333 0.246875 0.027777777777777776 0.01640625
0 0.11527777777777778 0.240625 0.05 0.02109375
0 0.2013888888888889 0.203125 0.0375 0.01953125
0 0.7236111111111111 0.1859375 0.04861111111111111 0.02578125
0 0.8416666666666667 0.18515625 0.041666666666666664 0.03125
0 0.14722222222222223 0.1609375 0.11388888888888889 0.0328125
0 0.10277777777777777 0.14765625 0.044444444444444446 0.021875
0 0.7736111111111111 0.1265625 0.07777777777777778 0.06015625
0 0.8361111111111111 0.12421875 0.041666666666666664 0.01953125
