0 0.7138888888888889 0.836328125 0.06944444444444445 0.05078125
0 0.7534722222222222 0.79375 0.07361111111111111 0.0484375
0 0.7895833333333333 0.73828125 0.03194444444444444 0.0234375
0 0.7854166666666667 0.684375 0.04027777777777778 0.009375
0 0.9722222222222222 0.659765625 0.041666666666666664 0.02109375
0 0.33194444444444443 0.633984375 0.058333333333333334 0.02734375
0 0.2833333333333333 0.62421875 0.025 0.0125
0 0.4166666666666667 0.569921875 0.044444444444444446 0.01796875
0 0.9347222222222222 0.57109375 0.05555555555555555 0.0390625
0 0.8527777777777777 0.5578125 0.041666666666666664 0.0265625
0 0.15833333333333333 0.55078125 0.03611111111111111 0.028125
0 0.06875 0.54921875 0.05416666666666667 0.025
0 0.81875 0.530078125 0.02638888888888889 0.01484375
0 0.4166666666666667 0.525 0.041666666666666664 0.0234375
0 0.9375 0.501171875 0.03888888888888889 0.01796875
0 0.8381944444444445 0.503125 0.043055555555555555 0.0234375
0 0.30416666666666664 0.49140625 0.041666666666666664 0.0234375
0 0.3729166666666667 0.462890625 0.05694444444444444 0.01640625
0 0.4576388888888889 0.46328125 0.04027777777777778 0.021875
0 0.19652777777777777 0.44921875 0.04861111111111111 0.028125
0 0.13472222222222222 0.433203125 0.06111111111111111 0.03203125
0 0.875 0.421875 0.044444444444444446 0.0234375
0 0.3506944444444444 0.390625 0.04861111111111111 0.025
0 0.5618055555555556 0.383203125 0.0375 0.02421875
0 0.8375 0.382421875 0.041666666666666664 0.02421875
0 0.6493055555555556 0.368359375 0.06805555555555555 0.02265625
0 0.4666666666666667 0.374609375 0.09166666666666666 0.03515625
0 0.26944444444444443 0.363671875 0.041666666666666664 0.03046875
0 0.5881944444444445 0.338671875 0.043055555555555555 0.02109375
0 0.8527777777777777 0.33828125 0.04722222222222222 0.028125
0 0.13541666666666666 0.329296875 0.029166666666666667 0.01171875
0 0.8131944444444444 0.329296875 0.03194444444444444 0.02265625
0 0.4951388888888889 0.32421875 0.05138888888888889 0.03125
0 0.2125 0.3078125 0.04722222222222222 0.021875
0 0.7618055555555555 0.306640625 0.04027777777777778 0.02109375
0 0.09652777777777778 0.30390625 0.04583333333333333 0.0234375
0 0.6604166666666667 0.306640625 0.04861111111111111 0.03359375
0 0.6152777777777778 0.294140625 0.022222222222222223 0.01484375
0 0.035416666666666666 0.290625 0.04861111111111111 0.0234375
0 0.5326388888888889 0.2890625 0.0625 0.034375
0 0.38958333333333334 0.302734375 0.16805555555555557 0.08984375
0 0.16527777777777777 0.275390625 0.05555555555555555 0.03828125
0 0.7027777777777777 0.265234375 0.025 0.02109375
0 0.7583333333333333 0.265625 0.05555555555555555 0.0328125
0 0.5993055555555555 0.265625 0.05416666666666667 0.034375
0 0.4 0.241015625 0.03611111111111111 0.01328125
0 0.8055555555555556 0.242578125 0.03888888888888889 0.02265625
0 0.10347222222222222 0.237890625 0.04861111111111111 0.02265625
0 0.2652777777777778 0.237890625 0.10277777777777777 0.04296875
0 0.5111111111111111 0.223046875 0.05555555555555555 0.03046875
0 0.2972222222222222 0.209765625 0.1388888888888889 0.05234375
0 0.20833333333333334 0.1625 0.05 0.025
0 0.18680555555555556 0.137109375 0.04583333333333333 0.02578125
0 0.02361111111111111 0.063671875 0.044444444444444446 0.05078125
0 0.07361111111111111 0.03359375 0.044444444444444446 0.0203125
0 0.15555555555555556 0.012109375 0.041666666666666664 0.01953125
