0 0.65 0.9390625 0.059722222222222225 0.04140625
0 0.09166666666666666 0.91875 0.029166666666666667 0.015625
0 0.6472222222222223 0.84609375 0.04861111111111111 0.0328125
0 0.8652777777777778 0.79921875 0.022222222222222223 0.0140625
0 0.10694444444444444 0.7796875 0.04583333333333333 0.0265625
0 0.6930555555555555 0.765625 0.04861111111111111 0.02890625
0 0.030555555555555555 0.7578125 0.03611111111111111 0.01640625
0 0.6013888888888889 0.75703125 0.03888888888888889 0.01796875
0 0.5861111111111111 0.70390625 0.05 0.02890625
0 0.25833333333333336 0.68359375 0.05694444444444444 0.02890625
0 0.16111111111111112 0.65078125 0.02638888888888889 0.0203125
0 0.20833333333333334 0.6484375 0.04027777777777778 0.02109375
0 0.8416666666666667 0.646875 0.025 0.0109375
0 0.5513888888888889 0.6453125 0.03611111111111111 0.01875
0 0.40555555555555556 0.6109375 0.044444444444444446 0.01953125
0 0.8333333333333334 0.6 0.02361111111111111 0.0125
0 0.35833333333333334 0.5703125 0.04027777777777778 0.0203125
0 0.20833333333333334 0.559375 0.04722222222222222 0.0171875
0 0.9444444444444444 0.55078125 0.041666666666666664 0.01796875
0 0.6041666666666666 0.54140625 0.034722222222222224 0.01796875
0 0.4986111111111111 0.53984375 0.029166666666666667 0.0171875
0 0.7333333333333333 0.52890625 0.030555555555555555 0.01875
0 0.1 0.5265625 0.04027777777777778 0.021875
0 0.44722222222222224 0.52578125 0.041666666666666664 0.02109375
0 0.6916666666666667 0.5234375 0.03611111111111111 0.0140625
0 0.2972222222222222 0.52265625 0.029166666666666667 0.01640625
0 0.5569444444444445 0.50078125 0.020833333333333332 0.01796875
0 0.25277777777777777 0.4953125 0.044444444444444446 0.01953125
0 0.31805555555555554 0.47578125 0.043055555555555555 0.02578125
0 0.35138888888888886 0.46171875 0.058333333333333334 0.03203125
0 0.275 0.459375 0.034722222222222224 0.021875
0 0.6680555555555555 0.453125 0.04722222222222222 0.02578125
0 0.2847222222222222 0.4328125 0.043055555555555555 0.015625
0 0.6708333333333333 0.38828125 0.022222222222222223 0.01328125
0 0.34305555555555556 0.37890625 0.043055555555555555 0.02578125
0 0.575 0.37421875 0.03611111111111111 0.02109375
0 0.44583333333333336 0.3734375 0.029166666666666667 0.0203125
0 0.48194444444444445 0.36484375 0.07361111111111111 0.0453125
0 0.4263888888888889 0.35859375 0.02361111111111111 0.015625
0 0.475 0.3359375 0.020833333333333332 0.02109375
0 0.6583333333333333 0.33046875 0.04583333333333333 0.02578125
0 0.46111111111111114 0.315625 0.030555555555555555 0.0171875
0 0.5680555555555555 0.3015625 0.03888888888888889 0.02265625
0 0.6222222222222222 0.29609375 0.04583333333333333 0.0296875
0 0.3597222222222222 0.29609375 0.05555555555555555 0.02109375
0 0.45 0.29140625 0.016666666666666666 0.0125
0 0.4305555555555556 0.2734375 0.022222222222222223 0.01171875
0 0.3402777777777778 0.2703125 0.043055555555555555 0.025
0 0.5055555555555555 0.26796875 0.06527777777777778 0.04765625
0 0.5041666666666667 0.234375 0.03333333333333333 0.02109375
0 0.39444444444444443 0.2328125 0.06388888888888888 0.02109375
0 0.45 0.21171875 0.03611111111111111 0.03203125
0 0.36527777777777776 0.2078125 0.0763888888888889 0.0265625
0 0.5666666666666667 0.178125 0.04583333333333333 0.0203125
0 0.38333333333333336 0.1765625 0.07916666666666666 0.03046875
0 0.475 0.153125 0.059722222222222225 0.03515625
0 0.4652777777777778 0.1 0.04027777777777778 0.02265625
0 0.5194444444444445 0.07265625 0.043055555555555555 0.0265625
