0 0.2263888888888889 0.68828125 0.0375 0.01953125
0 0.9402777777777778 0.66796875 0.0375 0.02109375
0 0.11666666666666667 0.65078125 0.05138888888888889 0.02578125
0 0.4041666666666667 0.58359375 0.03611111111111111 0.02421875
0 0.9194444444444444 0.56953125 0.03194444444444444 0.015625
0 0.775 0.52421875 0.04027777777777778 0.01796875
0 0.9472222222222222 0.5109375 0.04722222222222222 0.02734375
0 0.2722222222222222 0.5046875 0.030555555555555555 0.01953125
0 0.44027777777777777 0.50078125 0.06388888888888888 0.03203125
0 0.5805555555555556 0.45625 0.041666666666666664 0.01796875
0 0.6388888888888888 0.44140625 0.04583333333333333 0.021875
0 0.1111111111111111 0.43828125 0.02361111111111111 0.0078125
0 0.25416666666666665 0.43046875 0.018055555555555554 0.01953125
0 0.15 0.4265625 0.044444444444444446 0.02265625
0 0.09583333333333334 0.4203125 0.03194444444444444 0.01484375
0 0.1736111111111111 0.4046875 0.022222222222222223 0.01796875
0 0.06388888888888888 0.40234375 0.03194444444444444 0.01484375
0 0.8694444444444445 0.40078125 0.0375 0.021875
0 0.5152777777777777 0.3953125 0.018055555555555554 0.01171875
0 0.3763888888888889 0.3875 0.05 0.0203125
0 0.9597222222222223 0.36171875 0.022222222222222223 0.0125
0 0.4527777777777778 0.36015625 0.019444444444444445 0.01171875
0 0.8944444444444445 0.346875 0.03194444444444444 0.0171875
0 0.525 0.3421875 0.018055555555555554 0.01875
0 0.5819444444444445 0.33203125 0.04861111111111111 0.02890625
0 0.43333333333333335 0.3109375 0.029166666666666667 0.0125
0 0.95 0.26640625 0.0375 0.021875
0 0.3402777777777778 0.26640625 0.03888888888888889 0.02265625
0 0.25833333333333336 0.25 0.04861111111111111 0.028125
0 0.4361111111111111 0.2375 0.016666666666666666 0.015625
0 0.9513888888888888 0.2328125 0.044444444444444446 0.02109375
0 0.4583333333333333 0.20078125 0.03333333333333333 0.02109375
0 0.3541666666666667 0.1734375 0.059722222222222225 0.04140625
0 0.43472222222222223 0.1390625 0.030555555555555555 0.025
0 0.4013888888888889 0.13828125 0.02638888888888889 0.01328125
