0 0.12916666666666668 0.615625 0.03194444444444444 0.01953125
0 0.09305555555555556 0.6109375 0.030555555555555555 0.02265625
0 0.8291666666666667 0.6046875 0.03888888888888889 0.021875
0 0.7291666666666666 0.6015625 0.05416666666666667 0.0234375
0 0.002777777777777778 0.60078125 0.025 0.02578125
0 0.8027777777777778 0.5984375 0.034722222222222224 0.01484375
0 0.3472222222222222 0.59453125 0.058333333333333334 0.02890625
0 0.28194444444444444 0.55703125 0.04722222222222222 0.028125
0 0.06527777777777778 0.55625 0.041666666666666664 0.01640625
0 0.41388888888888886 0.51484375 0.03611111111111111 0.02578125
0 0.6430555555555556 0.5078125 0.02361111111111111 0.01640625
0 0.3138888888888889 0.47578125 0.02638888888888889 0.0140625
0 0.47638888888888886 0.4390625 0.03611111111111111 0.02109375
0 0.4305555555555556 0.4390625 0.04027777777777778 0.01953125
0 0.625 0.4375 0.0375 0.02109375
0 0.525 0.43359375 0.03194444444444444 0.02109375
0 0.32083333333333336 0.34609375 0.030555555555555555 0.0140625
0 0.5458333333333333 0.33984375 0.05 0.02421875
0 0.4888888888888889 0.31484375 0.04027777777777778 0.0171875
0 0.6916666666666667 0.30078125 0.030555555555555555 0.01796875
