0 0.5215277777777778 0.848046875 0.05138888888888889 0.02578125
0 0.06736111111111111 0.82734375 0.05138888888888889 0.025
0 0.19791666666666666 0.720703125 0.0625 0.03828125
0 0.4701388888888889 0.70703125 0.03194444444444444 0.01875
0 0.3576388888888889 0.701171875 0.03194444444444444 0.02578125
0 0.7805555555555556 0.708203125 0.10277777777777777 0.06171875
0 0.75 0.658203125 0.03888888888888889 0.01796875
0 0.19166666666666668 0.6171875 0.03611111111111111 0.021875
0 0.3229166666666667 0.58125 0.03194444444444444 0.0234375
0 0.4097222222222222 0.583203125 0.05555555555555555 0.03515625
0 0.37430555555555556 0.551171875 0.02638888888888889 0.02109375
0 0.4097222222222222 0.546484375 0.025 0.01953125
0 0.35555555555555557 0.516015625 0.044444444444444446 0.02890625
0 0.5472222222222223 0.49921875 0.06666666666666667 0.0296875
0 0.3333333333333333 0.49140625 0.03888888888888889 0.025
0 0.4583333333333333 0.496875 0.06944444444444445 0.0421875
0 0.28958333333333336 0.485546875 0.043055555555555555 0.02578125
0 0.3229166666666667 0.440625 0.05138888888888889 0.025
0 0.04791666666666667 0.419140625 0.07916666666666666 0.03046875
0 0.15694444444444444 0.398046875 0.025 0.01015625
0 0.7430555555555556 0.40390625 0.044444444444444446 0.025
0 0.4534722222222222 0.38828125 0.03194444444444444 0.0203125
0 0.12986111111111112 0.380859375 0.034722222222222224 0.01796875
0 0.05694444444444444 0.38359375 0.05 0.0375
0 0.09305555555555556 0.37578125 0.03611111111111111 0.028125
0 0.33402777777777776 0.337890625 0.04583333333333333 0.02578125
0 0.7013888888888888 0.3296875 0.08888888888888889 0.03125
0 0.28402777777777777 0.31875 0.0375 0.0234375
0 0.23541666666666666 0.324609375 0.05138888888888889 0.03671875
0 0.5041666666666667 0.31484375 0.03888888888888889 0.01875
0 0.40625 0.34296875 0.10138888888888889 0.084375
0 0.14444444444444443 0.30625 0.058333333333333334 0.0328125
0 0.02847222222222222 0.298046875 0.043055555555555555 0.02578125
0 0.2375 0.277734375 0.025 0.01796875
0 0.2833333333333333 0.275390625 0.027777777777777776 0.01640625
0 0.13333333333333333 0.2640625 0.06666666666666667 0.028125
0 0.2548611111111111 0.247265625 0.043055555555555555 0.02890625
0 0.09513888888888888 0.222265625 0.04861111111111111 0.02890625
0 0.35833333333333334 0.219921875 0.10555555555555556 0.04765625
0 0.20902777777777778 0.186328125 0.05416666666666667 0.02734375
0 0.32708333333333334 0.175 0.05694444444444444 0.0328125
0 0.14305555555555555 0.16015625 0.05555555555555555 0.028125
0 0.1951388888888889 0.147265625 0.05138888888888889 0.02578125
0 0.41041666666666665 0.131640625 0.04861111111111111 0.02734375
0 0.42569444444444443 0.090625 0.05416666666666667 0.034375
0 0.33958333333333335 0.05234375 0.0875 0.0640625
