0 0.5722222222222222 0.578125 0.06111111111111111 0.0421875
0 0.35555555555555557 0.546875 0.025 0.02578125
0 0.5902777777777778 0.53984375 0.027777777777777776 0.0140625
0 0.5611111111111111 0.52734375 0.03611111111111111 0.01796875
0 0.6458333333333334 0.51640625 0.043055555555555555 0.0203125
0 0.48055555555555557 0.4703125 0.02361111111111111 0.01484375
0 0.31805555555555554 0.4703125 0.022222222222222223 0.01484375
0 0.5013888888888889 0.4453125 0.030555555555555555 0.0109375
0 0.07361111111111111 0.4390625 0.016666666666666666 0.01484375
0 0.7305555555555555 0.4296875 0.041666666666666664 0.015625
0 0.20972222222222223 0.41484375 0.02638888888888889 0.0140625
0 0.975 0.41328125 0.025 0.02109375
0 0.25416666666666665 0.40859375 0.02638888888888889 0.0125
0 0.3333333333333333 0.40078125 0.02361111111111111 0.01328125
0 0.8416666666666667 0.38515625 0.04027777777777778 0.025
0 0.20416666666666666 0.38515625 0.03194444444444444 0.01484375
0 0.001388888888888889 0.38125 0.009722222222222222 0.0171875
0 0.5055555555555555 0.38046875 0.04722222222222222 0.01796875
0 0.7458333333333333 0.378125 0.03611111111111111 0.01875
0 0.8180555555555555 0.37265625 0.022222222222222223 0.015625
0 0.21805555555555556 0.36796875 0.029166666666666667 0.0125
0 0.25277777777777777 0.3640625 0.02361111111111111 0.01328125
0 0.7416666666666667 0.3609375 0.0375 0.0109375
0 0.8347222222222223 0.36015625 0.03333333333333333 0.01953125
0 0.8013888888888889 0.35625 0.025 0.015625
0 0.8694444444444445 0.35546875 0.0375 0.02734375
0 0.7027777777777777 0.3546875 0.03333333333333333 0.021875
0 0.05277777777777778 0.346875 0.03611111111111111 0.0296875
0 0.3638888888888889 0.34375 0.0375 0.0234375
0 0.1388888888888889 0.34140625 0.034722222222222224 0.0203125
0 0.5875 0.340625 0.04722222222222222 0.03203125
0 0.6736111111111112 0.33671875 0.04027777777777778 0.0203125
0 0.775 0.328125 0.04861111111111111 0.0234375
0 0.009722222222222222 0.32734375 0.027777777777777776 0.0125
0 0.8402777777777778 0.31796875 0.03611111111111111 0.01328125
0 0.7291666666666666 0.3125 0.043055555555555555 0.02265625
0 0.49444444444444446 0.3046875 0.03333333333333333 0.01796875
0 0.5291666666666667 0.30390625 0.04027777777777778 0.0234375
0 0.5 0.28046875 0.05138888888888889 0.028125
0 0.5902777777777778 0.2765625 0.04027777777777778 0.0203125
0 0.7569444444444444 0.2265625 0.02361111111111111 0.01875
0 0.5944444444444444 0.209375 0.03611111111111111 0.015625
0 0.45555555555555555 0.1734375 0.04027777777777778 0.0234375
