0 0.6833333333333333 0.93984375 0.06527777777777778 0.03671875
0 0.2847222222222222 0.85859375 0.059722222222222225 0.03515625
0 0.08888888888888889 0.85546875 0.041666666666666664 0.02109375
0 0.44027777777777777 0.853125 0.0375 0.01796875
0 0.6319444444444444 0.765625 0.06388888888888888 0.040625
0 0.25972222222222224 0.76015625 0.044444444444444446 0.01953125
0 0.30277777777777776 0.75546875 0.030555555555555555 0.01796875
0 0.5736111111111111 0.69453125 0.04027777777777778 0.025
0 0.9777777777777777 0.66640625 0.020833333333333332 0.01640625
0 0.6152777777777778 0.66015625 0.04583333333333333 0.02578125
0 0.5736111111111111 0.65234375 0.03611111111111111 0.021875
0 0.48194444444444445 0.6421875 0.03888888888888889 0.02578125
0 0.6888888888888889 0.6125 0.041666666666666664 0.01953125
0 0.4986111111111111 0.6109375 0.06944444444444445 0.03359375
0 0.6444444444444445 0.609375 0.043055555555555555 0.0203125
0 0.36527777777777776 0.59921875 0.04027777777777778 0.0203125
0 0.4152777777777778 0.59296875 0.04583333333333333 0.0140625
0 0.5652777777777778 0.58046875 0.09444444444444444 0.04609375
0 0.5277777777777778 0.5609375 0.06805555555555555 0.03671875
0 0.33194444444444443 0.54609375 0.04583333333333333 0.03046875
0 0.6083333333333333 0.49140625 0.043055555555555555 0.02734375
0 0.6861111111111111 0.47890625 0.059722222222222225 0.02578125
0 0.4847222222222222 0.4671875 0.10416666666666667 0.03984375
0 0.45555555555555555 0.42890625 0.025 0.01953125
0 0.6583333333333333 0.4078125 0.05277777777777778 0.03203125
0 0.3902777777777778 0.3609375 0.0763888888888889 0.04921875
0 0.4791666666666667 0.32734375 0.0625 0.0375
0 0.6333333333333333 0.31484375 0.022222222222222223 0.01328125
0 0.5333333333333333 0.30078125 0.0763888888888889 0.0421875
0 0.6180555555555556 0.28828125 0.03611111111111111 0.02734375
0 0.43472222222222223 0.1328125 0.1388888888888889 0.0515625
0 0.4083333333333333 0.11484375 0.044444444444444446 0.0265625
0 0.5069444444444444 0.02421875 0.05 0.03125
