0 0.06041666666666667 0.65625 0.0375 0.028125
0 0.9069444444444444 0.637109375 0.05277777777777778 0.03203125
0 0.5625 0.644921875 0.06666666666666667 0.04921875
0 0.7215277777777778 0.625 0.034722222222222224 0.0140625
0 0.9784722222222222 0.623046875 0.04027777777777778 0.02421875
0 0.34930555555555554 0.609765625 0.03194444444444444 0.01640625
0 0.9493055555555555 0.542578125 0.034722222222222224 0.01171875
0 0.54375 0.529296875 0.04583333333333333 0.03203125
0 0.3597222222222222 0.504296875 0.03333333333333333 0.02109375
0 0.022916666666666665 0.46875 0.04027777777777778 0.034375
0 0.4215277777777778 0.4484375 0.05138888888888889 0.025
0 0.14722222222222223 0.441015625 0.03888888888888889 0.01484375
0 0.36319444444444443 0.448046875 0.04027777777777778 0.03203125
0 0.24791666666666667 0.443359375 0.04861111111111111 0.02734375
0 0.19375 0.43984375 0.05138888888888889 0.021875
0 0.44166666666666665 0.421875 0.05277777777777778 0.025
0 0.9798611111111111 0.4125 0.04027777777777778 0.0328125
0 0.23194444444444445 0.41015625 0.05 0.028125
0 0.2986111111111111 0.359765625 0.030555555555555555 0.02109375
0 0.009027777777777777 0.342578125 0.015277777777777777 0.02890625
0 0.49236111111111114 0.341015625 0.09305555555555556 0.02734375
0 0.3 0.330078125 0.04722222222222222 0.01796875
0 0.24583333333333332 0.3359375 0.05555555555555555 0.0296875
0 0.22569444444444445 0.3078125 0.07083333333333333 0.0296875
0 0.20347222222222222 0.279296875 0.03194444444444444 0.02109375
0 0.43125 0.278515625 0.05138888888888889 0.02890625
0 0.26180555555555557 0.27109375 0.04861111111111111 0.0390625
0 0.2125 0.229296875 0.03611111111111111 0.01640625
0 0.45416666666666666 0.2125 0.04722222222222222 0.0171875
0 0.36736111111111114 0.2125 0.04027777777777778 0.0234375
0 0.19652777777777777 0.2046875 0.04027777777777778 0.028125
0 0.3159722222222222 0.20234375 0.05694444444444444 0.0359375
0 0.4444444444444444 0.187890625 0.05 0.02890625
0 0.24097222222222223 0.180859375 0.08194444444444444 0.03359375
0 0.32708333333333334 0.1578125 0.0625 0.034375
0 0.4013888888888889 0.110546875 0.06111111111111111 0.03828125
