0 0.43333333333333335 0.7390625 0.041666666666666664 0.03046875
0 0.49027777777777776 0.72421875 0.030555555555555555 0.01796875
0 0.6097222222222223 0.67734375 0.02361111111111111 0.009375
0 0.9222222222222223 0.6765625 0.027777777777777776 0.01015625
0 0.9583333333333334 0.67578125 0.029166666666666667 0.0140625
0 0.36666666666666664 0.66328125 0.022222222222222223 0.015625
0 0.2763888888888889 0.64296875 0.016666666666666666 0.015625
0 0.5263888888888889 0.63671875 0.041666666666666664 0.02265625
0 0.25 0.6234375 0.027777777777777776 0.01953125
0 0.7291666666666666 0.61875 0.03611111111111111 0.0203125
0 0.37916666666666665 0.61875 0.02361111111111111 0.015625
0 0.9777777777777777 0.61015625 0.022222222222222223 0.0234375
0 0.6541666666666667 0.59609375 0.03194444444444444 0.01953125
0 0.38055555555555554 0.59375 0.04027777777777778 0.021875
0 0.8236111111111111 0.584375 0.03333333333333333 0.01953125
0 0.85 0.56796875 0.030555555555555555 0.01640625
0 0.8875 0.5625 0.018055555555555554 0.00859375
0 0.35 0.5625 0.04027777777777778 0.02421875
0 0.05 0.55703125 0.03888888888888889 0.021875
0 0.4388888888888889 0.55234375 0.0625 0.0359375
0 0.21944444444444444 0.54140625 0.04861111111111111 0.02734375
0 0.3 0.53515625 0.04722222222222222 0.02421875
0 0.7388888888888889 0.534375 0.03611111111111111 0.02109375
0 0.46805555555555556 0.5296875 0.041666666666666664 0.021875
0 0.1736111111111111 0.52734375 0.034722222222222224 0.0171875
0 0.11805555555555555 0.52578125 0.041666666666666664 0.02265625
0 0.33194444444444443 0.51640625 0.022222222222222223 0.01328125
0 0.8111111111111111 0.50234375 0.05416666666666667 0.0421875
0 0.24722222222222223 0.5 0.013888888888888888 0.0140625
0 0.4152777777777778 0.48203125 0.027777777777777776 0.01328125
0 0.1111111111111111 0.475 0.034722222222222224 0.021875
0 0.005555555555555556 0.47109375 0.05 0.02890625
0 0.3013888888888889 0.4640625 0.034722222222222224 0.01796875
0 0.1527777777777778 0.45546875 0.05277777777777778 0.02890625
0 0.9819444444444444 0.45234375 0.018055555555555554 0.0140625
0 0.39861111111111114 0.4484375 0.027777777777777776 0.015625
0 0.05138888888888889 0.434375 0.03611111111111111 0.025
0 0.1111111111111111 0.42734375 0.05555555555555555 0.0265625
0 0.6513888888888889 0.38125 0.03194444444444444 0.021875
0 0.5680555555555555 0.365625 0.041666666666666664 0.028125
0 0.3138888888888889 0.34765625 0.03611111111111111 0.02109375
0 0.4736111111111111 0.34453125 0.04861111111111111 0.03984375
0 0.9527777777777777 0.3296875 0.018055555555555554 0.01953125
0 0.14166666666666666 0.32890625 0.034722222222222224 0.01796875
0 0.275 0.32109375 0.058333333333333334 0.028125
0 0.21944444444444444 0.30546875 0.05555555555555555 0.03828125
0 0.5013888888888889 0.3046875 0.04583333333333333 0.02578125
0 0.09027777777777778 0.3015625 0.041666666666666664 0.03046875
0 0.001388888888888889 0.3 0.08611111111111111 0.03671875
0 0.9361111111111111 0.29609375 0.03333333333333333 0.01640625
0 0.5638888888888889 0.29296875 0.04861111111111111 0.0265625
0 0.8347222222222223 0.29140625 0.03194444444444444 0.01640625
0 0.26944444444444443 0.28828125 0.043055555555555555 0.0203125
0 0.22777777777777777 0.28203125 0.03888888888888889 0.02265625
0 0.125 0.2765625 0.0875 0.03046875
0 0.8666666666666667 0.275 0.043055555555555555 0.025
0 0.5680555555555555 0.26875 0.03611111111111111 0.02265625
0 0.6069444444444444 0.26640625 0.03888888888888889 0.0203125
0 0.9083333333333333 0.26015625 0.03333333333333333 0.0203125
0 0.37222222222222223 0.2359375 0.05694444444444444 0.03359375
0 0.29444444444444445 0.22578125 0.034722222222222224 0.025
0 0.17916666666666667 0.221875 0.041666666666666664 0.0296875
0 0.08333333333333333 0.2203125 0.03194444444444444 0.01796875
0 0.21666666666666667 0.2140625 0.04861111111111111 0.053125
0 0.7402777777777778 0.2125 0.030555555555555555 0.015625
0 0.9305555555555556 0.209375 0.030555555555555555 0.01171875
0 0.11388888888888889 0.1984375 0.03194444444444444 0.0203125
0 0.5291666666666667 0.18125 0.025 0.0234375
0 0.16805555555555557 0.18125 0.04861111111111111 0.01796875
0 0.4930555555555556 0.17734375 0.030555555555555555 0.021875
0 0.07777777777777778 0.1765625 0.05 0.0203125
0 0.0 0.17109375 0.06111111111111111 0.02578125
0 0.07777777777777778 0.159375 0.03194444444444444 0.015625
0 0.2513888888888889 0.15390625 0.03194444444444444 0.01328125
0 0.025 0.15390625 0.04861111111111111 0.025
0 0.42083333333333334 0.15 0.029166666666666667 0.0171875
0 0.3819444444444444 0.1453125 0.030555555555555555 0.0203125
0 0.3638888888888889 0.13125 0.03611111111111111 0.02109375
0 0.10416666666666667 0.13125 0.02361111111111111 0.0140625
0 0.3638888888888889 0.1140625 0.034722222222222224 0.01484375
0 0.2777777777777778 0.1078125 0.027777777777777776 0.015625
0 0.225 0.08671875 0.029166666666666667 0.0328125
