0 0.8916666666666667 0.8171875 0.04027777777777778 0.02734375
0 0.8486111111111111 0.6625 0.04861111111111111 0.03359375
0 0.7916666666666666 0.64609375 0.019444444444444445 0.01640625
0 0.40555555555555556 0.6328125 0.03888888888888889 0.025
0 0.42916666666666664 0.6171875 0.043055555555555555 0.01953125
0 0.8194444444444444 0.61640625 0.04583333333333333 0.0125
0 0.6319444444444444 0.60546875 0.0375 0.01953125
0 0.1597222222222222 0.54765625 0.034722222222222224 0.01484375
0 0.31805555555555554 0.53125 0.029166666666666667 0.00859375
0 0.9625 0.51640625 0.03611111111111111 0.01640625
0 0.9819444444444444 0.4921875 0.018055555555555554 0.02265625
0 0.21805555555555556 0.47578125 0.059722222222222225 0.03046875
0 0.5305555555555556 0.45703125 0.029166666666666667 0.01171875
0 0.43194444444444446 0.45703125 0.020833333333333332 0.0140625
0 0.9458333333333333 0.4515625 0.05138888888888889 0.02578125
0 0.46805555555555556 0.4 0.0763888888888889 0.02734375
0 0.7972222222222223 0.390625 0.0375 0.01953125
0 0.1736111111111111 0.38984375 0.02361111111111111 0.015625
0 0.2569444444444444 0.384375 0.05 0.0265625
0 0.5222222222222223 0.36640625 0.05277777777777778 0.0359375
0 0.28055555555555556 0.3625 0.0375 0.00859375
0 0.9152777777777777 0.3484375 0.059722222222222225 0.0296875
0 0.5180555555555556 0.3390625 0.044444444444444446 0.02734375
0 0.6375 0.3328125 0.030555555555555555 0.0203125
0 0.15 0.315625 0.020833333333333332 0.02265625
0 0.9847222222222223 0.3140625 0.015277777777777777 0.0171875
0 0.5597222222222222 0.29375 0.06944444444444445 0.03671875
0 0.7986111111111112 0.29140625 0.09027777777777778 0.040625
0 0.15416666666666667 0.265625 0.04722222222222222 0.03125
0 0.001388888888888889 0.2546875 0.044444444444444446 0.0265625
0 0.5736111111111111 0.23671875 0.05138888888888889 0.02890625
0 0.9263888888888889 0.22890625 0.04027777777777778 0.02578125
0 0.5041666666666667 0.2140625 0.04027777777777778 0.03359375
0 0.6430555555555556 0.21171875 0.034722222222222224 0.0265625
0 0.8152777777777778 0.19921875 0.04583333333333333 0.02578125
0 0.7152777777777778 0.19609375 0.041666666666666664 0.025
0 0.5041666666666667 0.17890625 0.020833333333333332 0.0171875
0 0.5347222222222222 0.1375 0.044444444444444446 0.025
0 0.6486111111111111 0.1078125 0.06111111111111111 0.0359375
0 0.7166666666666667 0.08828125 0.059722222222222225 0.03671875
0 0.8 0.08515625 0.02361111111111111 0.01640625
0 0.5875 0.08125 0.06527777777777778 0.03125
0 0.6722222222222223 0.053125 0.0375 0.01796875
0 0.7138888888888889 0.03359375 0.02638888888888889 0.0109375
0 0.5763888888888888 0.0046875 0.03888888888888889 0.0234375
