0 0.8625 0.71953125 0.05138888888888889 0.0265625
0 0.2875 0.6625 0.1111111111111111 0.03125
0 0.3013888888888889 0.6328125 0.06111111111111111 0.034375
0 0.44305555555555554 0.59609375 0.044444444444444446 0.02734375
0 0.8333333333333334 0.54921875 0.02361111111111111 0.0140625
0 0.6194444444444445 0.53828125 0.04861111111111111 0.025
0 0.3541666666666667 0.5078125 0.04722222222222222 0.025
0 0.30833333333333335 0.50078125 0.044444444444444446 0.02890625
0 0.5944444444444444 0.4890625 0.05 0.03046875
0 0.6638888888888889 0.44765625 0.09722222222222222 0.034375
0 0.41805555555555557 0.4265625 0.03333333333333333 0.02734375
0 0.5777777777777777 0.4171875 0.04861111111111111 0.0265625
0 0.44166666666666665 0.3953125 0.04861111111111111 0.025
0 0.6930555555555555 0.39375 0.04027777777777778 0.025
0 0.4305555555555556 0.3765625 0.030555555555555555 0.01328125
0 0.4875 0.36796875 0.05138888888888889 0.0296875
0 0.6041666666666666 0.34609375 0.044444444444444446 0.02109375
0 0.6722222222222223 0.34140625 0.10277777777777777 0.0328125
0 0.2722222222222222 0.3375 0.034722222222222224 0.021875
0 0.31666666666666665 0.3296875 0.04027777777777778 0.01484375
0 0.5819444444444445 0.321875 0.029166666666666667 0.01015625
0 0.4097222222222222 0.2671875 0.04027777777777778 0.02109375
0 0.48333333333333334 0.259375 0.03333333333333333 0.0203125
0 0.38472222222222224 0.24453125 0.029166666666666667 0.0109375
0 0.5125 0.2390625 0.044444444444444446 0.028125
0 0.4875 0.2234375 0.05277777777777778 0.01328125
0 0.7291666666666666 0.1953125 0.03611111111111111 0.02734375
0 0.45555555555555555 0.16484375 0.0375 0.01640625
0 0.6652777777777777 0.14765625 0.02638888888888889 0.02265625
0 0.45694444444444443 0.1421875 0.10972222222222222 0.0765625
0 0.6166666666666667 0.11796875 0.034722222222222224 0.01484375
0 0.5486111111111112 0.0296875 0.04861111111111111 0.034375
