0 0.2847222222222222 0.61796875 0.04861111111111111 0.02265625
0 0.125 0.60625 0.05138888888888889 0.0265625
0 0.3819444444444444 0.51796875 0.05416666666666667 0.02734375
0 0.0 0.51640625 0.020833333333333332 0.03125
0 0.2763888888888889 0.48671875 0.06527777777777778 0.03984375
0 0.15694444444444444 0.4828125 0.06805555555555555 0.0359375
0 0.3736111111111111 0.4375 0.05555555555555555 0.0578125
0 0.3527777777777778 0.41875 0.030555555555555555 0.0171875
0 0.2916666666666667 0.4171875 0.043055555555555555 0.01796875
0 0.2152777777777778 0.3953125 0.06388888888888888 0.0359375
0 0.32916666666666666 0.303125 0.04027777777777778 0.0203125
0 0.30972222222222223 0.228125 0.07777777777777778 0.04296875
0 0.22777777777777777 0.07578125 0.041666666666666664 0.01640625
0 0.11527777777777778 0.0734375 0.06388888888888888 0.04453125
