0 0.7388888888888889 0.85703125 0.030555555555555555 0.01484375
0 0.775 0.834375 0.044444444444444446 0.0234375
0 0.6277777777777778 0.7765625 0.04722222222222222 0.02265625
0 0.49722222222222223 0.72265625 0.0375 0.0171875
0 0.004166666666666667 0.71484375 0.04583333333333333 0.02109375
0 0.37083333333333335 0.7125 0.041666666666666664 0.02421875
0 0.05277777777777778 0.70625 0.043055555555555555 0.025
0 0.5333333333333333 0.7 0.043055555555555555 0.028125
0 0.675 0.67421875 0.025 0.015625
0 0.015277777777777777 0.66875 0.05138888888888889 0.02734375
0 0.49166666666666664 0.65859375 0.04861111111111111 0.02265625
0 0.43472222222222223 0.65703125 0.03333333333333333 0.01484375
0 0.5763888888888888 0.65546875 0.034722222222222224 0.04453125
0 0.4722222222222222 0.6421875 0.020833333333333332 0.0203125
0 0.1486111111111111 0.6421875 0.030555555555555555 0.0140625
0 0.03888888888888889 0.64140625 0.04027777777777778 0.02578125
0 0.18888888888888888 0.6390625 0.029166666666666667 0.01484375
0 0.43333333333333335 0.571875 0.03888888888888889 0.0203125
0 0.5652777777777778 0.55859375 0.04722222222222222 0.02421875
0 0.6013888888888889 0.525 0.0375 0.025
0 0.5194444444444445 0.503125 0.07777777777777778 0.03828125
0 0.46805555555555556 0.4984375 0.044444444444444446 0.03125
0 0.1375 0.49453125 0.041666666666666664 0.01953125
0 0.09166666666666666 0.490625 0.044444444444444446 0.01796875
0 0.001388888888888889 0.478125 0.020833333333333332 0.0203125
0 0.0375 0.453125 0.0625 0.03515625
0 0.002777777777777778 0.4296875 0.025 0.028125
