0 0.6222222222222222 0.6671875 0.02638888888888889 0.01484375
0 0.6861111111111111 0.665625 0.041666666666666664 0.0234375
0 0.18611111111111112 0.6453125 0.015277777777777777 0.02421875
0 0.22083333333333333 0.62734375 0.06944444444444445 0.028125
0 0.5472222222222223 0.6171875 0.05 0.02578125
0 0.3819444444444444 0.61171875 0.013888888888888888 0.0125
0 0.35 0.60859375 0.030555555555555555 0.0125
0 0.5055555555555555 0.60078125 0.027777777777777776 0.01171875
0 0.0625 0.60078125 0.04583333333333333 0.05
0 0.5222222222222223 0.5796875 0.04583333333333333 0.02578125
0 0.2611111111111111 0.48828125 0.0375 0.025
0 0.21944444444444444 0.48046875 0.022222222222222223 0.02109375
0 0.008333333333333333 0.3953125 0.041666666666666664 0.01953125
0 0.058333333333333334 0.34453125 0.03888888888888889 0.02734375
