0 0.5361111111111111 0.91953125 0.05555555555555555 0.034375
0 0.125 0.896875 0.07777777777777778 0.03984375
0 0.5430555555555555 0.88359375 0.05555555555555555 0.03515625
0 0.1486111111111111 0.8734375 0.034722222222222224 0.0171875
0 0.4722222222222222 0.859375 0.008333333333333333 0.0125
0 0.7430555555555556 0.82578125 0.05138888888888889 0.025
0 0.6055555555555555 0.8203125 0.04583333333333333 0.0203125
0 0.25416666666666665 0.8203125 0.04861111111111111 0.028125
0 0.3597222222222222 0.81953125 0.0125 0.01484375
0 0.825 0.8171875 0.03194444444444444 0.02421875
0 0.7 0.8171875 0.041666666666666664 0.02578125
0 0.5541666666666667 0.79140625 0.05 0.02109375
0 0.6791666666666667 0.775 0.025 0.01953125
0 0.7027777777777777 0.77421875 0.05 0.02109375
0 0.14722222222222223 0.7578125 0.05694444444444444 0.03046875
0 0.2 0.73828125 0.043055555555555555 0.02421875
0 0.36527777777777776 0.7140625 0.05416666666666667 0.03515625
0 0.23333333333333334 0.66015625 0.08472222222222223 0.065625
0 0.5041666666666667 0.63046875 0.043055555555555555 0.0296875
0 0.6027777777777777 0.6125 0.03611111111111111 0.025
0 0.6694444444444444 0.58671875 0.05416666666666667 0.01796875
0 0.1875 0.58671875 0.07222222222222222 0.04609375
0 0.7402777777777778 0.57734375 0.04027777777777778 0.0265625
0 0.31666666666666665 0.5640625 0.02638888888888889 0.02578125
0 0.6694444444444444 0.55390625 0.04583333333333333 0.02734375
0 0.6333333333333333 0.5390625 0.0375 0.01875
0 0.4097222222222222 0.53125 0.029166666666666667 0.0140625
0 0.4930555555555556 0.5234375 0.06666666666666667 0.02109375
0 0.33194444444444443 0.51875 0.02361111111111111 0.01796875
0 0.5694444444444444 0.5171875 0.05694444444444444 0.03125
0 0.44166666666666665 0.51015625 0.04027777777777778 0.021875
0 0.5319444444444444 0.503125 0.05555555555555555 0.025
0 0.30416666666666664 0.48984375 0.029166666666666667 0.01875
0 0.49027777777777776 0.48515625 0.020833333333333332 0.01171875
0 0.45 0.48125 0.03194444444444444 0.0140625
0 0.3472222222222222 0.48125 0.05138888888888889 0.021875
0 0.44166666666666665 0.46015625 0.029166666666666667 0.0140625
0 0.5333333333333333 0.45234375 0.05138888888888889 0.02890625
0 0.3902777777777778 0.384375 0.022222222222222223 0.0140625
0 0.4375 0.365625 0.03611111111111111 0.01796875
0 0.4847222222222222 0.3515625 0.020833333333333332 0.01328125
0 0.37916666666666665 0.3515625 0.05138888888888889 0.02578125
0 0.2861111111111111 0.35078125 0.05555555555555555 0.0296875
0 0.5097222222222222 0.3421875 0.025 0.015625
0 0.4527777777777778 0.33828125 0.016666666666666666 0.015625
0 0.30972222222222223 0.309375 0.07083333333333333 0.0296875
0 0.4097222222222222 0.27265625 0.0375 0.0234375
0 0.37222222222222223 0.24140625 0.04722222222222222 0.0234375
0 0.35 0.19140625 0.03333333333333333 0.01484375
