0 0.5263888888888889 0.859765625 0.05277777777777778 0.03046875
0 0.6951388888888889 0.82734375 0.0625 0.034375
0 0.9631944444444445 0.822265625 0.05138888888888889 0.02890625
0 0.9729166666666667 0.785546875 0.04861111111111111 0.02578125
0 0.8923611111111112 0.782421875 0.04861111111111111 0.02265625
0 0.68125 0.776953125 0.05694444444444444 0.02890625
0 0.5104166666666666 0.771875 0.034722222222222224 0.03125
0 0.8958333333333334 0.74140625 0.016666666666666666 0.0078125
0 0.5569444444444445 0.72109375 0.019444444444444445 0.0109375
0 0.44166666666666665 0.727734375 0.058333333333333334 0.03359375
0 0.034722222222222224 0.707421875 0.06666666666666667 0.03828125
0 0.018055555555555554 0.67421875 0.013888888888888888 0.021875
0 0.9701388888888889 0.622265625 0.059722222222222225 0.03203125
0 0.8534722222222222 0.609765625 0.04027777777777778 0.03203125
0 0.03680555555555556 0.58671875 0.07361111111111111 0.0375
0 0.5159722222222223 0.56953125 0.04583333333333333 0.028125
0 0.5868055555555556 0.552734375 0.03194444444444444 0.02734375
0 0.006944444444444444 0.53125 0.013888888888888888 0.0265625
0 0.7729166666666667 0.51953125 0.04027777777777778 0.021875
0 0.5409722222222222 0.49921875 0.043055555555555555 0.0328125
0 0.9243055555555556 0.480859375 0.0375 0.02578125
0 0.6125 0.485546875 0.09166666666666666 0.05390625
0 0.8576388888888888 0.468359375 0.03194444444444444 0.02265625
0 0.6805555555555556 0.467578125 0.03888888888888889 0.02890625
0 0.7194444444444444 0.435546875 0.044444444444444446 0.02734375
0 0.9805555555555555 0.428125 0.03888888888888889 0.0171875
0 0.7736111111111111 0.419921875 0.05277777777777778 0.03671875
0 0.9902777777777778 0.398828125 0.019444444444444445 0.03046875
0 0.9597222222222223 0.380078125 0.058333333333333334 0.02265625
0 0.9902777777777778 0.3640625 0.019444444444444445 0.025
0 0.7944444444444444 0.3625 0.022222222222222223 0.025
0 0.7381944444444445 0.35546875 0.03194444444444444 0.0171875
0 0.8680555555555556 0.35234375 0.07777777777777778 0.0359375
0 0.6277777777777778 0.332421875 0.08888888888888889 0.02421875
0 0.5076388888888889 0.318359375 0.043055555555555555 0.02890625
0 0.8215277777777777 0.3125 0.07916666666666666 0.0375
0 0.9409722222222222 0.297265625 0.04861111111111111 0.02890625
0 0.9861111111111112 0.28515625 0.027777777777777776 0.025
0 0.6847222222222222 0.27734375 0.025 0.01875
0 0.8798611111111111 0.2734375 0.0625 0.0265625
0 0.8638888888888889 0.241015625 0.058333333333333334 0.02578125
0 0.9791666666666666 0.223828125 0.03888888888888889 0.02734375
0 0.7993055555555556 0.206640625 0.10416666666666667 0.04609375
0 0.98125 0.127734375 0.0375 0.02890625
