0 0.5201388888888889 0.821484375 0.04861111111111111 0.02578125
0 0.19166666666666668 0.745703125 0.05 0.03046875
0 0.5173611111111112 0.726171875 0.05138888888888889 0.02265625
0 0.775 0.70390625 0.05277777777777778 0.021875
0 0.5625 0.707421875 0.06388888888888888 0.05234375
0 0.5979166666666667 0.68515625 0.04861111111111111 0.025
0 0.5229166666666667 0.668359375 0.0375 0.02734375
0 0.7673611111111112 0.658203125 0.04861111111111111 0.03828125
0 0.19236111111111112 0.630859375 0.02638888888888889 0.01015625
0 0.15416666666666667 0.626953125 0.027777777777777776 0.02109375
0 0.8222222222222222 0.6234375 0.05555555555555555 0.025
0 0.9069444444444444 0.611328125 0.05277777777777778 0.02109375
0 0.7555555555555555 0.61640625 0.1 0.040625
0 0.45069444444444445 0.60546875 0.04583333333333333 0.03125
0 0.7055555555555556 0.5921875 0.05555555555555555 0.0265625
0 0.625 0.560546875 0.03333333333333333 0.02421875
0 0.2923611111111111 0.5578125 0.05138888888888889 0.03125
0 0.8104166666666667 0.533984375 0.11805555555555555 0.04453125
0 0.6194444444444445 0.520703125 0.06944444444444445 0.03515625
0 0.5298611111111111 0.509375 0.04861111111111111 0.03125
0 0.24513888888888888 0.484375 0.05416666666666667 0.03125
0 0.5930555555555556 0.4609375 0.027777777777777776 0.0140625
0 0.5083333333333333 0.465625 0.044444444444444446 0.025
0 0.4888888888888889 0.42734375 0.022222222222222223 0.009375
0 0.5145833333333333 0.271875 0.05694444444444444 0.0328125
