0 0.08333333333333333 0.40390625 0.02361111111111111 0.01328125
0 0.6527777777777778 0.39765625 0.03333333333333333 0.015625
0 0.1125 0.38125 0.04027777777777778 0.02109375
0 0.1486111111111111 0.36484375 0.02361111111111111 0.0125
0 0.03888888888888889 0.36484375 0.02361111111111111 0.0109375
0 0.02361111111111111 0.35546875 0.020833333333333332 0.01171875
0 0.25833333333333336 0.33671875 0.02638888888888889 0.01015625
0 0.004166666666666667 0.3046875 0.025 0.01875
0 0.12638888888888888 0.29921875 0.020833333333333332 0.0109375
0 0.15555555555555556 0.29609375 0.019444444444444445 0.0109375
0 0.0375 0.28515625 0.019444444444444445 0.0125
0 0.006944444444444444 0.28359375 0.02638888888888889 0.015625
0 0.025 0.26328125 0.022222222222222223 0.0109375
