0 0.675 0.61953125 0.044444444444444446 0.02265625
0 0.5458333333333333 0.603125 0.044444444444444446 0.02734375
0 0.39861111111111114 0.58984375 0.04583333333333333 0.02578125
0 0.4166666666666667 0.56015625 0.029166666666666667 0.021875
0 0.7652777777777777 0.53125 0.05138888888888889 0.02578125
0 0.4444444444444444 0.51953125 0.02638888888888889 0.0265625
0 0.6694444444444444 0.50234375 0.07361111111111111 0.03515625
0 0.5666666666666667 0.4953125 0.06805555555555555 0.03203125
0 0.7694444444444445 0.49296875 0.03194444444444444 0.01640625
0 0.10833333333333334 0.4765625 0.043055555555555555 0.025
0 0.8166666666666667 0.453125 0.043055555555555555 0.02734375
0 0.32916666666666666 0.44765625 0.025 0.0140625
0 0.7333333333333333 0.440625 0.0375 0.01640625
0 0.2986111111111111 0.43125 0.0375 0.021875
0 0.6222222222222222 0.428125 0.03194444444444444 0.01875
0 0.001388888888888889 0.42578125 0.020833333333333332 0.01484375
0 0.8180555555555555 0.365625 0.025 0.01015625
0 0.7027777777777777 0.33515625 0.03611111111111111 0.015625
0 0.7111111111111111 0.2703125 0.05416666666666667 0.03671875
0 0.6611111111111111 0.13125 0.022222222222222223 0.01484375
0 0.5444444444444444 0.128125 0.06388888888888888 0.03828125
