0 0.8708333333333333 0.67734375 0.04027777777777778 0.028125
0 0.9111111111111111 0.6734375 0.04583333333333333 0.0265625
0 0.3472222222222222 0.6734375 0.044444444444444446 0.0265625
0 0.31527777777777777 0.665625 0.03611111111111111 0.025
0 0.6375 0.6515625 0.022222222222222223 0.01640625
0 0.8583333333333333 0.61875 0.025 0.02109375
0 0.7527777777777778 0.615625 0.04861111111111111 0.01953125
0 0.9277777777777778 0.61328125 0.03194444444444444 0.0140625
0 0.6611111111111111 0.60703125 0.0375 0.021875
0 0.6944444444444444 0.6015625 0.03333333333333333 0.0203125
0 0.9152777777777777 0.5703125 0.04583333333333333 0.02734375
0 0.65 0.56484375 0.03888888888888889 0.015625
0 0.9694444444444444 0.51328125 0.030555555555555555 0.01796875
0 0.6972222222222222 0.5109375 0.020833333333333332 0.01484375
0 0.8916666666666667 0.49375 0.05138888888888889 0.0234375
0 0.8763888888888889 0.4703125 0.029166666666666667 0.01796875
0 0.7847222222222222 0.4578125 0.08611111111111111 0.03203125
0 0.6458333333333334 0.45078125 0.06666666666666667 0.0265625
0 0.875 0.4484375 0.020833333333333332 0.01484375
0 0.09722222222222222 0.44609375 0.043055555555555555 0.02578125
0 0.26805555555555555 0.43671875 0.044444444444444446 0.01328125
0 0.9152777777777777 0.43359375 0.03194444444444444 0.01484375
0 0.7180555555555556 0.4078125 0.027777777777777776 0.01640625
0 0.9361111111111111 0.40390625 0.025 0.02421875
0 0.008333333333333333 0.40390625 0.034722222222222224 0.0171875
0 0.07361111111111111 0.4 0.034722222222222224 0.0234375
0 0.9861111111111112 0.396875 0.013888888888888888 0.015625
0 0.8666666666666667 0.39609375 0.019444444444444445 0.015625
0 0.6111111111111112 0.36328125 0.016666666666666666 0.01640625
0 0.5736111111111111 0.35390625 0.03194444444444444 0.02265625
0 0.6402777777777777 0.34765625 0.04722222222222222 0.0234375
0 0.8958333333333334 0.3375 0.10416666666666667 0.06171875
0 0.7013888888888888 0.309375 0.022222222222222223 0.01640625
0 0.12361111111111112 0.284375 0.043055555555555555 0.0265625
0 0.030555555555555555 0.24921875 0.04722222222222222 0.02578125
0 0.7541666666666667 0.246875 0.029166666666666667 0.015625
0 0.8208333333333333 0.2421875 0.0125 0.021875
0 0.7125 0.23515625 0.03333333333333333 0.01640625
0 0.5791666666666667 0.234375 0.04861111111111111 0.0296875
0 0.8597222222222223 0.2109375 0.05694444444444444 0.02578125
0 0.7305555555555555 0.209375 0.025 0.015625
0 0.6652777777777777 0.19453125 0.0375 0.0265625
0 0.07361111111111111 0.18984375 0.034722222222222224 0.01875
0 0.7916666666666666 0.1875 0.022222222222222223 0.021875
0 0.07777777777777778 0.16015625 0.06111111111111111 0.03515625
0 0.8013888888888889 0.1578125 0.02638888888888889 0.02265625
0 0.7291666666666666 0.14609375 0.07083333333333333 0.03984375
0 0.8513888888888889 0.1375 0.041666666666666664 0.02578125
0 0.8111111111111111 0.1375 0.029166666666666667 0.02578125
0 0.07777777777777778 0.1359375 0.04027777777777778 0.02421875
0 0.8472222222222222 0.1125 0.030555555555555555 0.02421875
0 0.8736111111111111 0.0984375 0.04583333333333333 0.02421875
0 0.7527777777777778 0.09375 0.06111111111111111 0.0453125
0 0.8180555555555555 0.07734375 0.044444444444444446 0.02734375
0 0.7833333333333333 0.0421875 0.07916666666666666 0.040625
0 0.8458333333333333 0.0296875 0.041666666666666664 0.01953125
0 0.8319444444444445 0.003125 0.020833333333333332 0.021875
0 0.7347222222222223 0.00234375 0.06388888888888888 0.03984375
