0 0.7652777777777777 0.5671875 0.05416666666666667 0.02578125
0 0.7819444444444444 0.553125 0.030555555555555555 0.01328125
0 0.7819444444444444 0.51171875 0.04027777777777778 0.015625
0 0.7111111111111111 0.5109375 0.03888888888888889 0.021875
0 0.1111111111111111 0.49609375 0.04583333333333333 0.02578125
0 0.0375 0.4953125 0.03611111111111111 0.01875
0 0.5263888888888889 0.4921875 0.019444444444444445 0.01328125
0 0.08055555555555556 0.4921875 0.03333333333333333 0.01953125
0 0.7833333333333333 0.48515625 0.027777777777777776 0.01328125
0 0.45555555555555555 0.4828125 0.041666666666666664 0.021875
0 0.8944444444444445 0.47890625 0.025 0.015625
0 0.8416666666666667 0.475 0.03194444444444444 0.02109375
0 0.9513888888888888 0.47109375 0.041666666666666664 0.0265625
0 0.16666666666666666 0.4703125 0.03611111111111111 0.02421875
0 0.9527777777777777 0.446875 0.030555555555555555 0.01328125
0 0.9027777777777778 0.446875 0.016666666666666666 0.01484375
0 0.9819444444444444 0.440625 0.018055555555555554 0.0171875
0 0.9736111111111111 0.42109375 0.02638888888888889 0.0171875
0 0.3013888888888889 0.41328125 0.02638888888888889 0.01484375
0 0.9513888888888888 0.3921875 0.03333333333333333 0.01484375
0 0.2013888888888889 0.38046875 0.03333333333333333 0.02421875
0 0.9708333333333333 0.365625 0.027777777777777776 0.01953125
0 0.37777777777777777 0.36328125 0.04861111111111111 0.03359375
0 0.25416666666666665 0.3453125 0.027777777777777776 0.021875
0 0.18472222222222223 0.33203125 0.041666666666666664 0.02109375
0 0.4125 0.3265625 0.03888888888888889 0.01953125
0 0.6708333333333333 0.31796875 0.02361111111111111 0.01171875
0 0.23194444444444445 0.3078125 0.04722222222222222 0.0234375
0 0.5430555555555555 0.30546875 0.04027777777777778 0.01328125
0 0.5972222222222222 0.2921875 0.027777777777777776 0.01171875
0 0.6416666666666667 0.28984375 0.029166666666666667 0.01484375
0 0.29444444444444445 0.28984375 0.034722222222222224 0.01640625
0 0.001388888888888889 0.28359375 0.0625 0.01796875
0 0.2652777777777778 0.2578125 0.025 0.01796875
0 0.6083333333333333 0.2546875 0.02361111111111111 0.015625
0 0.3638888888888889 0.2546875 0.03888888888888889 0.0234375
0 0.5041666666666667 0.24765625 0.034722222222222224 0.0203125
0 0.004166666666666667 0.23515625 0.03194444444444444 0.01484375
0 0.4513888888888889 0.23125 0.02361111111111111 0.0171875
0 0.2847222222222222 0.21328125 0.0375 0.01796875
0 0.2375 0.2078125 0.04583333333333333 0.0171875
0 0.09722222222222222 0.1984375 0.03194444444444444 0.01796875
0 0.5388888888888889 0.19765625 0.0375 0.01875
0 0.4666666666666667 0.19765625 0.022222222222222223 0.01875
0 0.0375 0.19765625 0.03611111111111111 0.02421875
0 0.06388888888888888 0.1921875 0.0375 0.00859375
0 0.2861111111111111 0.19140625 0.03611111111111111 0.0171875
0 0.37083333333333335 0.1859375 0.041666666666666664 0.021875
0 0.30416666666666664 0.1625 0.0375 0.0171875
0 0.2263888888888889 0.1609375 0.05138888888888889 0.0234375
0 0.37083333333333335 0.159375 0.03194444444444444 0.0203125
0 0.12222222222222222 0.159375 0.10555555555555556 0.053125
0 0.002777777777777778 0.1546875 0.058333333333333334 0.03359375
0 0.08194444444444444 0.15 0.03194444444444444 0.01640625
0 0.31805555555555554 0.14375 0.029166666666666667 0.01484375
0 0.34444444444444444 0.13515625 0.03194444444444444 0.0203125
0 0.2 0.13515625 0.03194444444444444 0.01953125
0 0.0763888888888889 0.11875 0.04027777777777778 0.01796875
0 0.18194444444444444 0.115625 0.0375 0.0171875
0 0.19444444444444445 0.09921875 0.027777777777777776 0.01484375
