0 0.28888888888888886 0.78359375 0.05555555555555555 0.03203125
0 0.4986111111111111 0.7734375 0.05 0.01875
0 0.5597222222222222 0.76953125 0.04722222222222222 0.0234375
0 0.5763888888888888 0.74921875 0.027777777777777776 0.01953125
0 0.3763888888888889 0.71796875 0.030555555555555555 0.0203125
0 0.4444444444444444 0.703125 0.020833333333333332 0.015625
0 0.6305555555555555 0.65625 0.06388888888888888 0.0234375
0 0.49722222222222223 0.63984375 0.034722222222222224 0.015625
0 0.3458333333333333 0.6375 0.05 0.02890625
0 0.7763888888888889 0.61484375 0.043055555555555555 0.01640625
0 0.37083333333333335 0.5953125 0.04722222222222222 0.01796875
0 0.10972222222222222 0.5203125 0.03194444444444444 0.0125
0 0.3611111111111111 0.49921875 0.06111111111111111 0.0265625
0 0.17777777777777778 0.4953125 0.03888888888888889 0.02265625
0 0.6777777777777778 0.48046875 0.030555555555555555 0.0234375
0 0.13194444444444445 0.48046875 0.016666666666666666 0.021875
0 0.10972222222222222 0.459375 0.044444444444444446 0.01953125
0 0.7319444444444444 0.403125 0.03888888888888889 0.01015625
0 0.35138888888888886 0.40078125 0.04027777777777778 0.01875
0 0.4027777777777778 0.28203125 0.03611111111111111 0.0171875
0 0.3277777777777778 0.00234375 0.05555555555555555 0.03359375
