0 0.8569444444444444 0.94765625 0.02361111111111111 0.028125
0 0.15416666666666667 0.90859375 0.043055555555555555 0.02265625
0 0.2777777777777778 0.8765625 0.03611111111111111 0.0203125
0 0.3194444444444444 0.86953125 0.034722222222222224 0.02265625
0 0.8055555555555556 0.85859375 0.041666666666666664 0.01796875
0 0.8541666666666666 0.8578125 0.10138888888888889 0.05546875
0 0.35138888888888886 0.85 0.027777777777777776 0.0265625
0 0.4027777777777778 0.8421875 0.041666666666666664 0.021875
0 0.4736111111111111 0.79140625 0.02361111111111111 0.0125
0 0.36666666666666664 0.79140625 0.05277777777777778 0.02734375
0 0.24583333333333332 0.7875 0.029166666666666667 0.0171875
0 0.5138888888888888 0.78125 0.041666666666666664 0.02890625
0 0.32916666666666666 0.77890625 0.027777777777777776 0.021875
0 0.7638888888888888 0.77734375 0.07361111111111111 0.07734375
0 0.6472222222222223 0.75234375 0.059722222222222225 0.0234375
0 0.25277777777777777 0.73984375 0.043055555555555555 0.0265625
0 0.7486111111111111 0.71953125 0.0375 0.0171875
0 0.2972222222222222 0.71484375 0.022222222222222223 0.00859375
0 0.7486111111111111 0.7046875 0.022222222222222223 0.0125
0 0.9791666666666666 0.68984375 0.019444444444444445 0.025
0 0.3597222222222222 0.684375 0.04583333333333333 0.034375
0 0.8166666666666667 0.671875 0.03888888888888889 0.0328125
0 0.37222222222222223 0.65234375 0.04027777777777778 0.021875
0 0.9027777777777778 0.6515625 0.07361111111111111 0.03203125
0 0.9777777777777777 0.6453125 0.022222222222222223 0.02265625
0 0.4097222222222222 0.64296875 0.043055555555555555 0.02421875
0 0.3375 0.634375 0.0625 0.0203125
0 0.7541666666666667 0.61484375 0.05416666666666667 0.03046875
0 0.325 0.60546875 0.04722222222222222 0.028125
0 0.2361111111111111 0.6015625 0.07777777777777778 0.0609375
0 0.5069444444444444 0.6 0.03333333333333333 0.02578125
0 0.3819444444444444 0.58828125 0.05555555555555555 0.0265625
0 0.6611111111111111 0.56875 0.041666666666666664 0.01640625
0 0.6819444444444445 0.55078125 0.02638888888888889 0.01640625
0 0.6652777777777777 0.521875 0.030555555555555555 0.01328125
0 0.55 0.5015625 0.12083333333333333 0.0640625
0 0.4236111111111111 0.47265625 0.044444444444444446 0.046875
0 0.6361111111111111 0.459375 0.030555555555555555 0.01796875
0 0.41388888888888886 0.4296875 0.03888888888888889 0.02421875
0 0.7041666666666667 0.41484375 0.030555555555555555 0.02265625
0 0.4222222222222222 0.40625 0.0375 0.021875
0 0.6013888888888889 0.3859375 0.07916666666666666 0.0390625
0 0.7902777777777777 0.3828125 0.044444444444444446 0.02265625
0 0.6680555555555555 0.36953125 0.04722222222222222 0.025
0 0.6236111111111111 0.3515625 0.04027777777777778 0.0203125
0 0.4708333333333333 0.3390625 0.04722222222222222 0.0265625
0 0.5597222222222222 0.33515625 0.05 0.025
0 0.5416666666666666 0.30234375 0.07777777777777778 0.02734375
0 0.4625 0.2953125 0.06666666666666667 0.028125
0 0.41805555555555557 0.28125 0.03611111111111111 0.0234375
0 0.5430555555555555 0.27421875 0.03333333333333333 0.0171875
0 0.4736111111111111 0.22734375 0.05277777777777778 0.028125
0 0.37777777777777777 0.2171875 0.04027777777777778 0.025
0 0.4652777777777778 0.175 0.04027777777777778 0.0234375
