0 0.8909722222222223 0.812109375 0.03194444444444444 0.01484375
0 0.8020833333333334 0.80078125 0.04027777777777778 0.0265625
0 0.9409722222222222 0.781640625 0.02638888888888889 0.02109375
0 0.7277777777777777 0.78515625 0.03333333333333333 0.03125
0 0.85625 0.7671875 0.015277777777777777 0.0140625
0 0.7902777777777777 0.770703125 0.06666666666666667 0.02578125
0 0.9020833333333333 0.760546875 0.029166666666666667 0.01484375
0 0.8034722222222223 0.743359375 0.020833333333333332 0.01015625
0 0.16805555555555557 0.741015625 0.03333333333333333 0.02421875
0 0.6708333333333333 0.72890625 0.05 0.0234375
0 0.7194444444444444 0.721484375 0.013888888888888888 0.01171875
0 0.18819444444444444 0.708203125 0.02638888888888889 0.01640625
0 0.9104166666666667 0.694140625 0.02638888888888889 0.01171875
0 0.6652777777777777 0.695703125 0.022222222222222223 0.01484375
0 0.6993055555555555 0.698046875 0.0375 0.02421875
0 0.1375 0.68125 0.019444444444444445 0.01875
0 0.37083333333333335 0.6734375 0.06388888888888888 0.025
0 0.4326388888888889 0.661328125 0.0125 0.01171875
0 0.058333333333333334 0.645703125 0.008333333333333333 0.00703125
0 0.043055555555555555 0.645703125 0.016666666666666666 0.01328125
0 0.6277777777777778 0.6375 0.041666666666666664 0.0203125
0 0.7819444444444444 0.626953125 0.019444444444444445 0.00859375
0 0.30833333333333335 0.6203125 0.008333333333333333 0.0109375
0 0.5583333333333333 0.620703125 0.022222222222222223 0.02421875
0 0.66875 0.61015625 0.04027777777777778 0.015625
0 0.14791666666666667 0.57890625 0.018055555555555554 0.009375
0 0.34791666666666665 0.58203125 0.029166666666666667 0.0171875
0 0.5583333333333333 0.5765625 0.030555555555555555 0.015625
0 0.6444444444444445 0.569140625 0.011111111111111112 0.01171875
0 0.3548611111111111 0.5484375 0.034722222222222224 0.0265625
0 0.475 0.489453125 0.03888888888888889 0.01328125
0 0.7784722222222222 0.46796875 0.02361111111111111 0.0109375
0 0.4708333333333333 0.456640625 0.011111111111111112 0.00546875
0 0.4583333333333333 0.4484375 0.019444444444444445 0.0078125
0 0.5618055555555556 0.43125 0.03194444444444444 0.0171875
0 0.49930555555555556 0.427734375 0.018055555555555554 0.01640625
0 0.3819444444444444 0.4265625 0.03333333333333333 0.015625
0 0.7326388888888888 0.419921875 0.0125 0.00859375
0 0.24791666666666667 0.40390625 0.018055555555555554 0.0078125
0 0.2826388888888889 0.401953125 0.04583333333333333 0.03046875
0 0.7868055555555555 0.387890625 0.020833333333333332 0.01171875
0 0.26944444444444443 0.384765625 0.016666666666666666 0.01015625
0 0.4895833333333333 0.384375 0.020833333333333332 0.015625
0 0.4201388888888889 0.382421875 0.02638888888888889 0.01328125
0 0.6215277777777778 0.323046875 0.0125 0.01328125
0 0.7131944444444445 0.313671875 0.02638888888888889 0.01171875
0 0.6847222222222222 0.312890625 0.027777777777777776 0.01640625
0 0.6604166666666667 0.29453125 0.029166666666666667 0.015625
0 0.7534722222222222 0.288671875 0.015277777777777777 0.01015625
0 0.5048611111111111 0.2921875 0.05694444444444444 0.0203125
0 0.5715277777777777 0.2875 0.020833333333333332 0.0140625
0 0.7020833333333333 0.286328125 0.02361111111111111 0.01796875
0 0.6048611111111111 0.280859375 0.029166666666666667 0.01484375
0 0.5020833333333333 0.27421875 0.015277777777777777 0.0078125
0 0.56875 0.269140625 0.020833333333333332 0.01015625
0 0.6756944444444445 0.25859375 0.02361111111111111 0.0171875
0 0.5854166666666667 0.247265625 0.018055555555555554 0.01015625
0 0.6104166666666667 0.241796875 0.020833333333333332 0.01171875
0 0.5569444444444445 0.220703125 0.027777777777777776 0.01328125
