0 0.8513888888888889 0.76328125 0.029166666666666667 0.02734375
0 0.33194444444444443 0.75546875 0.04722222222222222 0.0359375
0 0.32222222222222224 0.7203125 0.03333333333333333 0.0328125
0 0.8458333333333333 0.70078125 0.1111111111111111 0.0828125
0 0.37777777777777777 0.57109375 0.06805555555555555 0.03515625
0 0.3597222222222222 0.528125 0.05138888888888889 0.03125
0 0.26944444444444443 0.5140625 0.03333333333333333 0.0109375
0 0.2111111111111111 0.50390625 0.059722222222222225 0.0484375
0 0.1361111111111111 0.49453125 0.04861111111111111 0.025
0 0.3402777777777778 0.48671875 0.06388888888888888 0.03984375
0 0.24305555555555555 0.4765625 0.09027777777777778 0.0328125
0 0.7097222222222223 0.45234375 0.0625 0.0296875
0 0.17222222222222222 0.44921875 0.04027777777777778 0.03203125
0 0.35555555555555557 0.44609375 0.04722222222222222 0.0296875
0 0.25972222222222224 0.440625 0.044444444444444446 0.03125
0 0.30972222222222223 0.4140625 0.04583333333333333 0.02421875
0 0.001388888888888889 0.36484375 0.11666666666666667 0.07578125
0 0.2763888888888889 0.35625 0.10694444444444444 0.0359375
0 0.004166666666666667 0.31484375 0.09861111111111111 0.0453125
0 0.9083333333333333 0.31328125 0.05416666666666667 0.034375
0 0.20277777777777778 0.31171875 0.07083333333333333 0.03828125
0 0.28888888888888886 0.29375 0.05 0.03046875
0 0.9194444444444444 0.2828125 0.0625 0.021875
0 0.35694444444444445 0.26171875 0.06388888888888888 0.03671875
0 0.12916666666666668 0.23046875 0.08888888888888889 0.03515625
0 0.21388888888888888 0.22890625 0.05 0.0390625
0 0.1986111111111111 0.2171875 0.03194444444444444 0.0125
0 0.2611111111111111 0.20625 0.044444444444444446 0.01484375
0 0.9305555555555556 0.1859375 0.06805555555555555 0.10390625
0 0.011111111111111112 0.115625 0.12083333333333333 0.04140625
0 0.12361111111111112 0.11015625 0.025 0.02265625
0 0.175 0.10859375 0.1375 0.08046875
0 0.9208333333333333 0.0078125 0.07083333333333333 0.03828125
