0 0.6513888888888889 0.61875 0.043055555555555555 0.021875
0 0.5138888888888888 0.6078125 0.04722222222222222 0.0265625
0 0.36666666666666664 0.5953125 0.05 0.0296875
0 0.39166666666666666 0.56796875 0.027777777777777776 0.0234375
0 0.7277777777777777 0.52890625 0.05 0.02734375
0 0.3902777777777778 0.52890625 0.043055555555555555 0.028125
0 0.35 0.51171875 0.025 0.0203125
0 0.6347222222222222 0.49921875 0.06666666666666667 0.0375
0 0.525 0.496875 0.06805555555555555 0.034375
0 0.06805555555555555 0.49140625 0.04583333333333333 0.0265625
0 0.7416666666666667 0.48359375 0.020833333333333332 0.021875
0 0.6972222222222222 0.465625 0.015277777777777777 0.00859375
0 0.28194444444444444 0.45546875 0.030555555555555555 0.0203125
0 0.7541666666666667 0.45 0.04861111111111111 0.02890625
0 0.25416666666666665 0.440625 0.03333333333333333 0.021875
0 0.6930555555555555 0.43828125 0.03333333333333333 0.01171875
0 0.6666666666666666 0.4359375 0.019444444444444445 0.00859375
0 0.5777777777777777 0.42578125 0.041666666666666664 0.02109375
0 0.6541666666666667 0.33203125 0.034722222222222224 0.0265625
0 0.6402777777777777 0.265625 0.0625 0.03828125
0 0.5944444444444444 0.1296875 0.02638888888888889 0.01484375
0 0.4861111111111111 0.12734375 0.058333333333333334 0.03984375
