0 0.4083333333333333 0.6859375 0.04861111111111111 0.0421875
0 0.46805555555555556 0.68359375 0.03888888888888889 0.025
0 0.9263888888888889 0.640625 0.03611111111111111 0.01484375
0 0.5888888888888889 0.6390625 0.025 0.009375
0 0.36944444444444446 0.6296875 0.016666666666666666 0.015625
0 0.2708333333333333 0.609375 0.0125 0.01640625
0 0.5263888888888889 0.6078125 0.018055555555555554 0.015625
0 0.7527777777777778 0.60390625 0.03333333333333333 0.01328125
0 0.46805555555555556 0.5984375 0.041666666666666664 0.02109375
0 0.22083333333333333 0.58828125 0.03194444444444444 0.01875
0 0.3472222222222222 0.58515625 0.020833333333333332 0.0171875
0 0.6861111111111111 0.584375 0.034722222222222224 0.01796875
0 0.9652777777777778 0.58125 0.034722222222222224 0.0203125
0 0.6486111111111111 0.58046875 0.0125 0.01328125
0 0.5791666666666667 0.5609375 0.034722222222222224 0.0171875
0 0.3388888888888889 0.5609375 0.04027777777777778 0.02109375
0 0.7402777777777778 0.54765625 0.03333333333333333 0.0203125
0 0.6180555555555556 0.540625 0.030555555555555555 0.00859375
0 0.775 0.53359375 0.029166666666666667 0.0140625
0 0.2847222222222222 0.53125 0.043055555555555555 0.021875
0 0.6069444444444444 0.52734375 0.020833333333333332 0.01328125
0 0.8513888888888889 0.52578125 0.030555555555555555 0.01484375
0 0.8208333333333333 0.52109375 0.03194444444444444 0.0140625
0 0.36944444444444446 0.51953125 0.0625 0.0328125
0 0.15833333333333333 0.50859375 0.04583333333333333 0.02578125
0 0.2388888888888889 0.50703125 0.04722222222222222 0.0203125
0 0.6638888888888889 0.5015625 0.0375 0.01796875
0 0.9277777777777778 0.4984375 0.018055555555555554 0.009375
0 0.3972222222222222 0.496875 0.03888888888888889 0.02265625
0 0.06388888888888888 0.49609375 0.04027777777777778 0.02109375
0 0.3138888888888889 0.49375 0.029166666666666667 0.0140625
0 0.1736111111111111 0.4734375 0.029166666666666667 0.0140625
0 0.7305555555555555 0.46953125 0.06111111111111111 0.04140625
0 0.07361111111111111 0.4578125 0.034722222222222224 0.01640625
0 0.4083333333333333 0.45625 0.030555555555555555 0.01796875
0 0.24166666666666667 0.43671875 0.03888888888888889 0.0203125
0 0.0763888888888889 0.43125 0.04861111111111111 0.02578125
0 0.9791666666666666 0.42421875 0.020833333333333332 0.01640625
0 0.0375 0.40703125 0.04583333333333333 0.021875
0 0.5958333333333333 0.3609375 0.029166666666666667 0.0203125
0 0.2861111111111111 0.3609375 0.029166666666666667 0.0125
0 0.23055555555555557 0.35546875 0.034722222222222224 0.01640625
0 0.5388888888888889 0.3484375 0.020833333333333332 0.01796875
0 0.49583333333333335 0.34609375 0.03888888888888889 0.021875
0 0.8486111111111111 0.3421875 0.018055555555555554 0.0125
0 0.2652777777777778 0.33359375 0.03611111111111111 0.01953125
0 0.3958333333333333 0.32890625 0.058333333333333334 0.0359375
0 0.6638888888888889 0.32109375 0.02638888888888889 0.01484375
0 0.13194444444444445 0.32109375 0.029166666666666667 0.015625
0 0.2263888888888889 0.31640625 0.03611111111111111 0.021875
0 0.2513888888888889 0.3046875 0.030555555555555555 0.02109375
0 0.0 0.30078125 0.08194444444444444 0.02890625
0 0.16666666666666666 0.29609375 0.025 0.02109375
0 0.08194444444444444 0.2953125 0.034722222222222224 0.0203125
0 0.41944444444444445 0.290625 0.043055555555555555 0.0265625
0 0.48194444444444445 0.27890625 0.04583333333333333 0.0234375
0 0.17083333333333334 0.27421875 0.075 0.028125
0 0.8763888888888889 0.271875 0.03333333333333333 0.015625
0 0.07361111111111111 0.27109375 0.0875 0.028125
0 0.775 0.26953125 0.029166666666666667 0.01484375
0 0.85 0.26875 0.025 0.01796875
0 0.8027777777777778 0.25625 0.041666666666666664 0.0203125
0 0.4861111111111111 0.253125 0.07361111111111111 0.02421875
0 0.85 0.2390625 0.029166666666666667 0.01796875
0 0.9708333333333333 0.23359375 0.027777777777777776 0.01640625
0 0.30694444444444446 0.2296875 0.04722222222222222 0.0296875
0 0.22916666666666666 0.225 0.03194444444444444 0.01875
0 0.09027777777777778 0.22109375 0.025 0.01484375
0 0.9875 0.21875 0.0125 0.01640625
0 0.10416666666666667 0.2140625 0.09444444444444444 0.05703125
0 0.11388888888888889 0.20390625 0.03194444444444444 0.01640625
0 0.4222222222222222 0.20078125 0.029166666666666667 0.01328125
0 0.3527777777777778 0.1984375 0.02361111111111111 0.015625
0 0.7083333333333334 0.19609375 0.02638888888888889 0.01171875
0 0.6236111111111111 0.1890625 0.029166666666666667 0.0203125
0 0.041666666666666664 0.1859375 0.02361111111111111 0.01484375
0 0.001388888888888889 0.178125 0.03888888888888889 0.0171875
0 0.4722222222222222 0.16875 0.027777777777777776 0.01796875
0 0.05138888888888889 0.1671875 0.030555555555555555 0.01640625
0 0.28194444444444444 0.165625 0.027777777777777776 0.01484375
0 0.24722222222222223 0.15546875 0.029166666666666667 0.01484375
0 0.18194444444444444 0.1546875 0.025 0.0125
0 0.3541666666666667 0.1453125 0.03611111111111111 0.0140625
0 0.3388888888888889 0.1265625 0.030555555555555555 0.02265625
0 0.2722222222222222 0.12421875 0.019444444444444445 0.01015625
0 0.3375 0.1140625 0.016666666666666666 0.01015625
0 0.2625 0.1109375 0.025 0.0140625
0 0.21388888888888888 0.0921875 0.030555555555555555 0.03046875
