0 0.11944444444444445 0.83203125 0.05138888888888889 0.0328125
0 0.2902777777777778 0.8015625 0.04861111111111111 0.02734375
0 0.08472222222222223 0.76171875 0.020833333333333332 0.0140625
0 0.11666666666666667 0.74375 0.029166666666666667 0.02265625
0 0.9805555555555555 0.7359375 0.018055555555555554 0.015625
0 0.03333333333333333 0.60859375 0.03194444444444444 0.015625
0 0.5611111111111111 0.56171875 0.05277777777777778 0.025
0 0.05694444444444444 0.51875 0.020833333333333332 0.01640625
0 0.075 0.50859375 0.041666666666666664 0.021875
0 0.07222222222222222 0.46484375 0.03888888888888889 0.0203125
0 0.001388888888888889 0.4484375 0.029166666666666667 0.028125
0 0.020833333333333332 0.43125 0.03194444444444444 0.0171875
0 0.043055555555555555 0.4265625 0.06666666666666667 0.04296875
0 0.001388888888888889 0.403125 0.02638888888888889 0.01875
0 0.0 0.38359375 0.030555555555555555 0.01484375
0 0.6027777777777777 0.3390625 0.03888888888888889 0.02265625
0 0.5597222222222222 0.33125 0.043055555555555555 0.02421875
0 0.06388888888888888 0.3265625 0.04027777777777778 0.02421875
0 0.001388888888888889 0.28515625 0.0125 0.02109375
0 0.5527777777777778 0.265625 0.030555555555555555 0.01953125
0 0.4111111111111111 0.24609375 0.04027777777777778 0.01796875
0 0.35 0.19453125 0.11527777777777778 0.04453125
0 0.35694444444444445 0.18515625 0.043055555555555555 0.0234375
