0 0.25555555555555554 0.87734375 0.05 0.034375
0 0.14097222222222222 0.844140625 0.03194444444444444 0.01640625
0 0.76875 0.844921875 0.06527777777777778 0.03671875
0 0.6993055555555555 0.840625 0.05416666666666667 0.0390625
0 0.6875 0.808984375 0.041666666666666664 0.01796875
0 0.011805555555555555 0.7984375 0.018055555555555554 0.0171875
0 0.7083333333333334 0.794921875 0.027777777777777776 0.01484375
0 0.2111111111111111 0.783984375 0.05277777777777778 0.01953125
0 0.8263888888888888 0.787109375 0.044444444444444446 0.02890625
0 0.9666666666666667 0.7828125 0.041666666666666664 0.021875
0 0.04652777777777778 0.775 0.029166666666666667 0.025
0 0.16319444444444445 0.763671875 0.018055555555555554 0.01015625
0 0.8798611111111111 0.7671875 0.06527777777777778 0.03125
0 0.7944444444444444 0.765625 0.05555555555555555 0.0296875
0 0.43819444444444444 0.76328125 0.05694444444444444 0.028125
0 0.13819444444444445 0.749609375 0.05138888888888889 0.01328125
0 0.8229166666666666 0.744140625 0.059722222222222225 0.03203125
0 0.2826388888888889 0.72578125 0.059722222222222225 0.0328125
0 0.7444444444444445 0.716015625 0.06666666666666667 0.03984375
0 0.35694444444444445 0.67265625 0.03333333333333333 0.01875
0 0.035416666666666666 0.677734375 0.06805555555555555 0.03359375
0 0.7402777777777778 0.66328125 0.041666666666666664 0.028125
0 0.5298611111111111 0.642578125 0.03194444444444444 0.01953125
0 0.09444444444444444 0.631640625 0.027777777777777776 0.02109375
0 0.2701388888888889 0.6171875 0.0375 0.0125
0 0.3548611111111111 0.616015625 0.03194444444444444 0.01328125
0 0.4930555555555556 0.5578125 0.016666666666666666 0.0125
0 0.08472222222222223 0.503515625 0.027777777777777776 0.01640625
0 0.14027777777777778 0.465625 0.044444444444444446 0.0328125
0 0.06111111111111111 0.462109375 0.044444444444444446 0.02578125
0 0.9736111111111111 0.3953125 0.03611111111111111 0.01875
0 0.9833333333333333 0.363671875 0.030555555555555555 0.02265625
0 0.23819444444444443 0.34609375 0.04583333333333333 0.021875
0 0.17777777777777778 0.319921875 0.03611111111111111 0.02421875
0 0.12777777777777777 0.3109375 0.03611111111111111 0.015625
0 0.33819444444444446 0.309765625 0.0875 0.03359375
0 0.2625 0.3 0.041666666666666664 0.025
0 0.022916666666666665 0.295703125 0.0375 0.01796875
0 0.5930555555555556 0.30546875 0.15555555555555556 0.040625
0 0.006944444444444444 0.283984375 0.013888888888888888 0.01796875
0 0.8180555555555555 0.280859375 0.027777777777777776 0.01796875
0 0.15694444444444444 0.280859375 0.05277777777777778 0.02578125
0 0.9118055555555555 0.2734375 0.0375 0.025
0 0.4152777777777778 0.25234375 0.10277777777777777 0.034375
0 0.6048611111111111 0.24921875 0.07083333333333333 0.0359375
0 0.28402777777777777 0.243359375 0.04583333333333333 0.02578125
0 0.15416666666666667 0.219140625 0.03888888888888889 0.02265625
0 0.009722222222222222 0.21484375 0.019444444444444445 0.03125
0 0.9340277777777778 0.19765625 0.043055555555555555 0.021875
0 0.8756944444444444 0.191015625 0.02361111111111111 0.01171875
0 0.0875 0.18515625 0.03333333333333333 0.0171875
0 0.3416666666666667 0.190625 0.058333333333333334 0.0296875
0 0.7805555555555556 0.18359375 0.03333333333333333 0.0203125
0 0.6868055555555556 0.184765625 0.0375 0.02265625
0 0.49444444444444446 0.17890625 0.058333333333333334 0.0375
0 0.09236111111111112 0.166796875 0.029166666666666667 0.01640625
0 0.20694444444444443 0.163671875 0.044444444444444446 0.02890625
0 0.6486111111111111 0.166796875 0.09166666666666666 0.04140625
0 0.8368055555555556 0.154296875 0.0375 0.02265625
0 0.15694444444444444 0.151171875 0.05 0.04765625
0 0.22083333333333333 0.129296875 0.03611111111111111 0.01796875
0 0.9104166666666667 0.11953125 0.034722222222222224 0.015625
0 0.8583333333333333 0.112890625 0.03888888888888889 0.01953125
0 0.6847222222222222 0.11015625 0.06111111111111111 0.0421875
0 0.1840277777777778 0.10234375 0.05416666666666667 0.028125
0 0.8 0.09921875 0.041666666666666664 0.025
0 0.9048611111111111 0.09296875 0.0375 0.01875
0 0.46875 0.099609375 0.05416666666666667 0.03359375
0 0.3888888888888889 0.083203125 0.03888888888888889 0.01640625
0 0.84375 0.08359375 0.04861111111111111 0.01875
0 0.50625 0.0859375 0.04027777777777778 0.025
0 0.2763888888888889 0.084375 0.05 0.028125
0 0.24305555555555555 0.07734375 0.044444444444444446 0.0234375
0 0.2 0.075390625 0.03333333333333333 0.02265625
0 0.3902777777777778 0.0625 0.044444444444444446 0.0203125
0 0.8513888888888889 0.0625 0.09444444444444444 0.0359375
0 0.11041666666666666 0.065234375 0.06805555555555555 0.04140625
0 0.7277777777777777 0.053515625 0.04722222222222222 0.02109375
0 0.8965277777777778 0.0265625 0.02638888888888889 0.015625
0 0.8388888888888889 0.02578125 0.03888888888888889 0.0203125
0 0.9888888888888889 0.022265625 0.022222222222222223 0.03046875
0 0.8423611111111111 0.009375 0.04583333333333333 0.015625
0 0.9506944444444444 0.00859375 0.029166666666666667 0.015625
0 0.7944444444444444 0.0078125 0.044444444444444446 0.0140625
0 0.23055555555555557 0.0140625 0.04722222222222222 0.0265625
