0 0.16805555555555557 0.49609375 0.05416666666666667 0.03828125
0 0.1125 0.46015625 0.027777777777777776 0.021875
0 0.4888888888888889 0.45703125 0.030555555555555555 0.01328125
0 0.19722222222222222 0.4421875 0.03333333333333333 0.040625
0 0.6402777777777777 0.43203125 0.0375 0.01640625
0 0.08055555555555556 0.4109375 0.02638888888888889 0.01484375
0 0.2902777777777778 0.3921875 0.030555555555555555 0.01328125
0 0.6444444444444445 0.36953125 0.020833333333333332 0.01640625
0 0.30972222222222223 0.36796875 0.02361111111111111 0.0140625
0 0.04583333333333333 0.34453125 0.022222222222222223 0.0125
0 0.5361111111111111 0.3421875 0.020833333333333332 0.015625
0 0.4222222222222222 0.33671875 0.027777777777777776 0.01875
0 0.35 0.3125 0.06527777777777778 0.03359375
0 0.42083333333333334 0.309375 0.04722222222222222 0.021875
0 0.275 0.3078125 0.025 0.015625
0 0.005555555555555556 0.29921875 0.05555555555555555 0.03359375
0 0.33194444444444443 0.29765625 0.02638888888888889 0.015625
0 0.3527777777777778 0.28671875 0.034722222222222224 0.01640625
0 0.4097222222222222 0.27109375 0.03333333333333333 0.01640625
0 0.10138888888888889 0.24296875 0.06111111111111111 0.03515625
0 0.27361111111111114 0.2375 0.016666666666666666 0.0125
0 0.3194444444444444 0.20078125 0.029166666666666667 0.01640625
0 0.1986111111111111 0.1765625 0.04027777777777778 0.02265625
0 0.08194444444444444 0.15390625 0.03333333333333333 0.01875
0 0.0625 0.14921875 0.02638888888888889 0.01171875
