0 0.48194444444444445 0.73515625 0.044444444444444446 0.015625
0 0.6236111111111111 0.6734375 0.0125 0.0203125
0 0.9263888888888889 0.671875 0.02361111111111111 0.0234375
0 0.7819444444444444 0.6609375 0.030555555555555555 0.01953125
0 0.8666666666666667 0.6578125 0.08333333333333333 0.0234375
0 0.2625 0.65 0.043055555555555555 0.02578125
0 0.8458333333333333 0.63125 0.03611111111111111 0.0140625
0 0.6625 0.61484375 0.020833333333333332 0.0140625
0 0.2375 0.61328125 0.05416666666666667 0.025
0 0.2861111111111111 0.5984375 0.03611111111111111 0.0203125
0 0.8888888888888888 0.56171875 0.020833333333333332 0.00859375
0 0.2513888888888889 0.540625 0.08055555555555556 0.02421875
0 0.04722222222222222 0.5234375 0.075 0.03515625
0 0.10138888888888889 0.496875 0.02361111111111111 0.01484375
0 0.30972222222222223 0.45703125 0.04027777777777778 0.01875
0 0.48333333333333334 0.45 0.03333333333333333 0.01953125
0 0.16666666666666666 0.44765625 0.015277777777777777 0.0109375
0 0.21666666666666667 0.44296875 0.030555555555555555 0.02421875
0 0.5319444444444444 0.434375 0.02638888888888889 0.01484375
0 0.6875 0.42421875 0.0375 0.02265625
0 0.2986111111111111 0.42265625 0.04027777777777778 0.025
0 0.6236111111111111 0.40859375 0.03333333333333333 0.0140625
0 0.5944444444444444 0.39375 0.029166666666666667 0.02421875
0 0.6375 0.3921875 0.03194444444444444 0.01640625
0 0.27361111111111114 0.346875 0.06944444444444445 0.02734375
0 0.4888888888888889 0.19375 0.04027777777777778 0.025
