0 0.6722222222222223 0.9703125 0.018055555555555554 0.01484375
0 0.6069444444444444 0.9671875 0.043055555555555555 0.02421875
0 0.009722222222222222 0.946875 0.041666666666666664 0.0296875
0 0.9402777777777778 0.92109375 0.043055555555555555 0.03359375
0 0.8708333333333333 0.9125 0.06805555555555555 0.0359375
0 0.1875 0.89921875 0.06388888888888888 0.02734375
0 0.015277777777777777 0.89296875 0.06527777777777778 0.0328125
0 0.8986111111111111 0.890625 0.05416666666666667 0.0328125
0 0.775 0.88203125 0.08055555555555556 0.040625
0 0.6472222222222223 0.87578125 0.05416666666666667 0.02109375
0 0.3388888888888889 0.8375 0.044444444444444446 0.02890625
0 0.7708333333333334 0.828125 0.04861111111111111 0.025
0 0.10833333333333334 0.82265625 0.04722222222222222 0.015625
0 0.9097222222222222 0.81875 0.07222222222222222 0.040625
0 0.8291666666666667 0.77109375 0.07222222222222222 0.0375
0 0.28888888888888886 0.76953125 0.044444444444444446 0.03046875
0 0.14027777777777778 0.75703125 0.03888888888888889 0.0203125
0 0.4125 0.740625 0.04861111111111111 0.02109375
0 0.8375 0.7375 0.0625 0.0390625
0 0.7444444444444445 0.73671875 0.05277777777777778 0.02265625
0 0.6125 0.7359375 0.058333333333333334 0.0328125
0 0.008333333333333333 0.72890625 0.03611111111111111 0.02421875
0 0.9652777777777778 0.721875 0.034722222222222224 0.0265625
0 0.9194444444444444 0.721875 0.03194444444444444 0.03046875
0 0.6861111111111111 0.70390625 0.06527777777777778 0.03984375
0 0.8097222222222222 0.70234375 0.10694444444444444 0.040625
0 0.9361111111111111 0.6984375 0.04861111111111111 0.03515625
0 0.5083333333333333 0.6921875 0.04861111111111111 0.025
0 0.9763888888888889 0.68515625 0.02361111111111111 0.028125
0 0.4861111111111111 0.6515625 0.04583333333333333 0.0234375
0 0.6055555555555555 0.63828125 0.07222222222222222 0.03828125
0 0.0125 0.6359375 0.04027777777777778 0.0171875
0 0.6833333333333333 0.634375 0.019444444444444445 0.0171875
0 0.7888888888888889 0.603125 0.02361111111111111 0.01640625
0 0.4236111111111111 0.59921875 0.03611111111111111 0.01953125
0 0.3013888888888889 0.59453125 0.041666666666666664 0.02109375
0 0.0 0.58984375 0.0375 0.0375
0 0.06666666666666667 0.5875 0.04861111111111111 0.0265625
0 0.6236111111111111 0.5796875 0.10138888888888889 0.04453125
0 0.44166666666666665 0.5671875 0.03888888888888889 0.02421875
0 0.2652777777777778 0.56484375 0.03611111111111111 0.0265625
0 0.7777777777777778 0.546875 0.07222222222222222 0.03125
0 0.26666666666666666 0.52890625 0.041666666666666664 0.03359375
0 0.7027777777777777 0.52734375 0.05 0.0203125
0 0.5138888888888888 0.52734375 0.05694444444444444 0.03125
0 0.6305555555555555 0.525 0.02638888888888889 0.01484375
0 0.7722222222222223 0.52109375 0.022222222222222223 0.0140625
0 0.3013888888888889 0.50390625 0.030555555555555555 0.01953125
0 0.001388888888888889 0.4890625 0.03333333333333333 0.02578125
0 0.044444444444444446 0.4875 0.09583333333333334 0.03828125
0 0.13333333333333333 0.4796875 0.04583333333333333 0.025
0 0.43194444444444446 0.4609375 0.027777777777777776 0.0140625
0 0.48333333333333334 0.46015625 0.06388888888888888 0.03984375
0 0.7416666666666667 0.453125 0.06666666666666667 0.0328125
0 0.5652777777777778 0.41796875 0.12638888888888888 0.05234375
0 0.6875 0.41328125 0.05555555555555555 0.025
0 0.8263888888888888 0.39453125 0.06388888888888888 0.0296875
0 0.9638888888888889 0.39296875 0.034722222222222224 0.028125
0 0.15555555555555556 0.3890625 0.05138888888888889 0.0234375
0 0.4930555555555556 0.38515625 0.041666666666666664 0.03515625
0 0.675 0.3796875 0.04861111111111111 0.0265625
0 0.008333333333333333 0.378125 0.04861111111111111 0.03203125
0 0.4875 0.3671875 0.016666666666666666 0.01484375
0 0.3263888888888889 0.3625 0.04861111111111111 0.028125
0 0.0 0.35625 0.030555555555555555 0.02734375
0 0.2513888888888889 0.33046875 0.1111111111111111 0.04765625
0 0.5388888888888889 0.3296875 0.14027777777777778 0.08828125
0 0.0 0.3140625 0.020833333333333332 0.0125
0 0.5208333333333334 0.30625 0.041666666666666664 0.01875
0 0.5958333333333333 0.2921875 0.025 0.01640625
0 0.6194444444444445 0.2765625 0.044444444444444446 0.03046875
0 0.5569444444444445 0.27421875 0.034722222222222224 0.02890625
0 0.5930555555555556 0.25859375 0.041666666666666664 0.01484375
0 0.65 0.24765625 0.043055555555555555 0.0296875
0 0.5902777777777778 0.20234375 0.07083333333333333 0.03828125
0 0.6027777777777777 0.15078125 0.05 0.034375
0 0.4847222222222222 0.134375 0.04583333333333333 0.02578125
0 0.5083333333333333 0.1046875 0.018055555555555554 0.01875
0 0.5416666666666666 0.0921875 0.04722222222222222 0.0328125
0 0.30972222222222223 0.07890625 0.06527777777777778 0.03046875
