0 0.35833333333333334 0.7953125 0.04861111111111111 0.02421875
0 0.35 0.7203125 0.013888888888888888 0.01640625
0 0.03194444444444444 0.70546875 0.05 0.03046875
0 0.6125 0.6765625 0.06805555555555555 0.02578125
0 0.3472222222222222 0.66796875 0.09861111111111111 0.05625
0 0.43333333333333335 0.6625 0.04861111111111111 0.025
0 0.6527777777777778 0.640625 0.05277777777777778 0.02109375
0 0.35833333333333334 0.6375 0.0375 0.02734375
0 0.575 0.63203125 0.05277777777777778 0.02421875
0 0.6347222222222222 0.60390625 0.05555555555555555 0.025
0 0.058333333333333334 0.60390625 0.02638888888888889 0.01015625
0 0.7152777777777778 0.59296875 0.05277777777777778 0.02109375
0 0.016666666666666666 0.5921875 0.027777777777777776 0.02109375
0 0.3194444444444444 0.571875 0.041666666666666664 0.03515625
0 0.5277777777777778 0.5671875 0.125 0.04765625
0 0.5 0.5359375 0.03333333333333333 0.02421875
0 0.1527777777777778 0.52421875 0.05138888888888889 0.03125
0 0.6111111111111112 0.503125 0.11805555555555555 0.04453125
0 0.8513888888888889 0.50234375 0.04861111111111111 0.021875
0 0.46805555555555556 0.48984375 0.06805555555555555 0.03515625
0 0.39166666666666666 0.4796875 0.05138888888888889 0.03125
0 0.1125 0.4484375 0.05416666666666667 0.03125
0 0.45694444444444443 0.440625 0.027777777777777776 0.0140625
0 0.37222222222222223 0.4375 0.044444444444444446 0.025
0 0.37222222222222223 0.40859375 0.022222222222222223 0.009375
0 0.5 0.39140625 0.022222222222222223 0.01328125
0 0.375 0.240625 0.05694444444444444 0.0328125
