0 0.5666666666666667 0.78984375 0.03611111111111111 0.02890625
0 0.5833333333333334 0.73203125 0.02638888888888889 0.01484375
0 0.39166666666666666 0.71640625 0.027777777777777776 0.0234375
0 0.4986111111111111 0.68984375 0.02361111111111111 0.01171875
0 0.46805555555555556 0.6890625 0.020833333333333332 0.00859375
0 0.3763888888888889 0.6859375 0.043055555555555555 0.02734375
0 0.65 0.62421875 0.019444444444444445 0.01640625
0 0.3138888888888889 0.62109375 0.029166666666666667 0.02578125
0 0.6777777777777778 0.6015625 0.043055555555555555 0.0140625
0 0.5166666666666667 0.59140625 0.05138888888888889 0.0296875
0 0.7958333333333333 0.590625 0.041666666666666664 0.02734375
0 0.45555555555555555 0.57890625 0.0375 0.01640625
0 0.6138888888888889 0.571875 0.04583333333333333 0.01953125
0 0.6958333333333333 0.54140625 0.03194444444444444 0.01796875
0 0.6402777777777777 0.53671875 0.029166666666666667 0.0140625
0 0.43333333333333335 0.53671875 0.04027777777777778 0.025
0 0.21666666666666667 0.52421875 0.027777777777777776 0.0171875
0 0.6083333333333333 0.51875 0.04027777777777778 0.01328125
0 0.7 0.503125 0.03611111111111111 0.01875
0 0.41388888888888886 0.4953125 0.04583333333333333 0.040625
0 0.7333333333333333 0.49453125 0.03333333333333333 0.0140625
0 0.3625 0.4625 0.05694444444444444 0.0265625
0 0.5 0.459375 0.022222222222222223 0.01328125
0 0.5263888888888889 0.446875 0.041666666666666664 0.0234375
0 0.28888888888888886 0.440625 0.043055555555555555 0.03828125
0 0.3111111111111111 0.43125 0.030555555555555555 0.01171875
0 0.4152777777777778 0.428125 0.04722222222222222 0.0234375
0 0.5861111111111111 0.41171875 0.04722222222222222 0.021875
0 0.3333333333333333 0.3890625 0.030555555555555555 0.01796875
0 0.3013888888888889 0.37109375 0.04583333333333333 0.02109375
0 0.4638888888888889 0.36875 0.0763888888888889 0.05546875
0 0.34444444444444444 0.35546875 0.05277777777777778 0.025
0 0.4527777777777778 0.34375 0.02638888888888889 0.01328125
0 0.4222222222222222 0.334375 0.016666666666666666 0.01328125
0 0.3861111111111111 0.3265625 0.027777777777777776 0.02265625
0 0.5069444444444444 0.3203125 0.03611111111111111 0.0140625
0 0.5319444444444444 0.290625 0.041666666666666664 0.02734375
0 0.3597222222222222 0.290625 0.034722222222222224 0.028125
0 0.41944444444444445 0.28671875 0.05 0.0296875
0 0.4083333333333333 0.2453125 0.05694444444444444 0.03125
0 0.5180555555555556 0.23984375 0.03611111111111111 0.0234375
0 0.4097222222222222 0.20859375 0.019444444444444445 0.01484375
0 0.42777777777777776 0.20703125 0.022222222222222223 0.009375
0 0.48194444444444445 0.20234375 0.02638888888888889 0.01796875
0 0.38333333333333336 0.1921875 0.015277777777777777 0.009375
0 0.4444444444444444 0.18359375 0.03888888888888889 0.02578125
0 0.525 0.1625 0.044444444444444446 0.025
