0 0.23333333333333334 0.52109375 0.04027777777777778 0.0265625
0 0.22083333333333333 0.51015625 0.022222222222222223 0.01796875
0 0.2513888888888889 0.475 0.034722222222222224 0.0296875
0 0.16666666666666666 0.47109375 0.030555555555555555 0.021875
0 0.5416666666666666 0.4671875 0.03194444444444444 0.01953125
0 0.4583333333333333 0.45546875 0.027777777777777776 0.0140625
0 0.25416666666666665 0.4546875 0.03194444444444444 0.01875
0 0.7013888888888888 0.4484375 0.0375 0.015625
0 0.15138888888888888 0.42421875 0.020833333333333332 0.01328125
0 0.12638888888888888 0.4234375 0.025 0.01484375
0 0.6944444444444444 0.38671875 0.02638888888888889 0.01484375
0 0.3638888888888889 0.38359375 0.027777777777777776 0.0125
0 0.5888888888888889 0.35859375 0.02638888888888889 0.0171875
0 0.09583333333333334 0.35390625 0.025 0.01796875
0 0.32916666666666666 0.3515625 0.02638888888888889 0.0109375
0 0.47638888888888886 0.35078125 0.03194444444444444 0.02109375
0 0.42083333333333334 0.34453125 0.030555555555555555 0.015625
0 0.4444444444444444 0.325 0.02638888888888889 0.01875
0 0.40694444444444444 0.325 0.027777777777777776 0.01640625
0 0.4777777777777778 0.3234375 0.04027777777777778 0.02265625
0 0.32916666666666666 0.321875 0.02361111111111111 0.01640625
0 0.04861111111111111 0.315625 0.029166666666666667 0.02734375
0 0.38333333333333336 0.3109375 0.027777777777777776 0.01640625
0 0.08611111111111111 0.3109375 0.02638888888888889 0.01796875
0 0.40694444444444444 0.30078125 0.0375 0.01953125
0 0.46944444444444444 0.2875 0.027777777777777776 0.0140625
0 0.1638888888888889 0.27421875 0.020833333333333332 0.0171875
0 0.16111111111111112 0.2546875 0.05694444444444444 0.040625
0 0.06666666666666667 0.25390625 0.02361111111111111 0.01015625
0 0.3 0.24921875 0.041666666666666664 0.01796875
0 0.38055555555555554 0.21484375 0.025 0.01328125
0 0.24027777777777778 0.184375 0.05416666666666667 0.0296875
0 0.14583333333333334 0.16484375 0.030555555555555555 0.02265625
0 0.12638888888888888 0.16171875 0.019444444444444445 0.0078125
