0 0.08888888888888889 0.728125 0.043055555555555555 0.021875
0 0.044444444444444446 0.72578125 0.030555555555555555 0.028125
0 0.33055555555555555 0.67109375 0.05138888888888889 0.02578125
0 0.12222222222222222 0.66640625 0.034722222222222224 0.021875
0 0.019444444444444445 0.65390625 0.04861111111111111 0.01640625
0 0.2972222222222222 0.64375 0.05277777777777778 0.02890625
0 0.225 0.640625 0.044444444444444446 0.02578125
0 0.3597222222222222 0.6265625 0.05 0.0203125
0 0.15833333333333333 0.6171875 0.059722222222222225 0.02890625
0 0.7597222222222222 0.61015625 0.04722222222222222 0.0171875
0 0.6125 0.6015625 0.07222222222222222 0.0390625
0 0.07916666666666666 0.59453125 0.06527777777777778 0.028125
0 0.6847222222222222 0.58671875 0.043055555555555555 0.01875
0 0.8583333333333333 0.5859375 0.03888888888888889 0.01875
0 0.2375 0.5859375 0.05694444444444444 0.02890625
0 0.9416666666666667 0.58046875 0.058333333333333334 0.053125
0 0.8513888888888889 0.56328125 0.041666666666666664 0.0203125
0 0.7680555555555556 0.55703125 0.0375 0.0171875
0 0.8916666666666667 0.54921875 0.025 0.01171875
0 0.8444444444444444 0.540625 0.03888888888888889 0.021875
0 0.075 0.53984375 0.027777777777777776 0.0125
0 0.1638888888888889 0.5078125 0.07361111111111111 0.0359375
0 0.9611111111111111 0.5046875 0.03888888888888889 0.04375
0 0.16666666666666666 0.478125 0.044444444444444446 0.02578125
0 0.10694444444444444 0.47421875 0.034722222222222224 0.0171875
0 0.04583333333333333 0.471875 0.029166666666666667 0.015625
0 0.059722222222222225 0.44765625 0.05277777777777778 0.025
0 0.16527777777777777 0.4359375 0.04861111111111111 0.02578125
0 0.11944444444444445 0.42109375 0.025 0.0171875
0 0.825 0.4109375 0.06666666666666667 0.03515625
0 0.09861111111111111 0.390625 0.059722222222222225 0.02265625
