0 0.6298611111111111 0.830078125 0.04027777777777778 0.03046875
0 0.5472222222222223 0.72421875 0.030555555555555555 0.0109375
0 0.4395833333333333 0.740625 0.059722222222222225 0.059375
0 0.7159722222222222 0.63125 0.034722222222222224 0.0109375
0 0.8409722222222222 0.6296875 0.0375 0.0203125
0 0.5715277777777777 0.62734375 0.04583333333333333 0.0265625
0 0.50625 0.60859375 0.034722222222222224 0.015625
0 0.6659722222222222 0.60546875 0.043055555555555555 0.0171875
0 0.7375 0.576953125 0.027777777777777776 0.01953125
0 0.6833333333333333 0.572265625 0.03611111111111111 0.01953125
0 0.4861111111111111 0.57265625 0.03888888888888889 0.0265625
0 0.7333333333333333 0.55546875 0.025 0.015625
0 0.6638888888888889 0.547265625 0.030555555555555555 0.01328125
0 0.475 0.5484375 0.03333333333333333 0.01875
0 0.7555555555555555 0.53671875 0.044444444444444446 0.021875
0 0.46458333333333335 0.53125 0.043055555555555555 0.021875
0 0.4215277777777778 0.5 0.059722222222222225 0.025
0 0.5326388888888889 0.490625 0.029166666666666667 0.021875
0 0.34444444444444444 0.491796875 0.05 0.02734375
0 0.5763888888888888 0.4828125 0.04722222222222222 0.0265625
0 0.35138888888888886 0.46484375 0.03888888888888889 0.0234375
0 0.4638888888888889 0.466015625 0.044444444444444446 0.02890625
0 0.6375 0.44921875 0.05 0.0265625
0 0.3770833333333333 0.42265625 0.029166666666666667 0.01875
0 0.53125 0.422265625 0.059722222222222225 0.05078125
0 0.37916666666666665 0.3953125 0.1 0.0375
0 0.49583333333333335 0.372265625 0.027777777777777776 0.01953125
0 0.46111111111111114 0.361328125 0.025 0.01015625
0 0.4263888888888889 0.3609375 0.03333333333333333 0.021875
0 0.5527777777777778 0.353125 0.03611111111111111 0.0203125
0 0.5805555555555556 0.3265625 0.041666666666666664 0.028125
0 0.41458333333333336 0.3265625 0.03194444444444444 0.0296875
0 0.4673611111111111 0.325390625 0.06805555555555555 0.03203125
0 0.4722222222222222 0.285546875 0.06944444444444445 0.03359375
0 0.5652777777777778 0.2765625 0.041666666666666664 0.0234375
0 0.4375 0.23984375 0.022222222222222223 0.0140625
0 0.4548611111111111 0.234375 0.018055555555555554 0.0109375
0 0.40347222222222223 0.21875 0.018055555555555554 0.0109375
0 0.5027777777777778 0.225 0.05277777777777778 0.0390625
0 0.575 0.2 0.044444444444444446 0.025
