0 0.7597222222222222 0.8109375 0.041666666666666664 0.02578125
0 0.6013888888888889 0.80390625 0.059722222222222225 0.03828125
0 0.575 0.79609375 0.03333333333333333 0.03359375
0 0.9305555555555556 0.775 0.05277777777777778 0.02890625
0 0.001388888888888889 0.76640625 0.030555555555555555 0.02578125
0 0.1527777777777778 0.7296875 0.05555555555555555 0.03125
0 0.7194444444444444 0.72421875 0.03888888888888889 0.02109375
0 0.6069444444444444 0.6953125 0.1 0.03046875
0 0.5569444444444445 0.6890625 0.019444444444444445 0.02578125
0 0.5638888888888889 0.6671875 0.041666666666666664 0.028125
0 0.3736111111111111 0.659375 0.03333333333333333 0.01796875
0 0.6055555555555555 0.6453125 0.016666666666666666 0.02734375
0 0.40694444444444444 0.62890625 0.075 0.04375
0 0.19305555555555556 0.62578125 0.05555555555555555 0.028125
0 0.525 0.60234375 0.10833333333333334 0.04375
0 0.34305555555555556 0.584375 0.06527777777777778 0.03203125
0 0.6180555555555556 0.5828125 0.029166666666666667 0.0171875
0 0.7152777777777778 0.5625 0.030555555555555555 0.01796875
0 0.7541666666666667 0.55546875 0.034722222222222224 0.01875
0 0.6513888888888889 0.55390625 0.05138888888888889 0.03515625
0 0.44305555555555554 0.53125 0.05416666666666667 0.03125
0 0.6472222222222223 0.515625 0.04027777777777778 0.02109375
0 0.4041666666666667 0.503125 0.05 0.034375
0 0.5694444444444444 0.4953125 0.0763888888888889 0.0546875
0 0.4736111111111111 0.48515625 0.030555555555555555 0.01796875
0 0.4152777777777778 0.46875 0.05694444444444444 0.025
0 0.7388888888888889 0.46640625 0.03333333333333333 0.01484375
0 0.7097222222222223 0.45078125 0.03611111111111111 0.0171875
0 0.425 0.4328125 0.05555555555555555 0.0234375
0 0.6194444444444445 0.425 0.09861111111111111 0.0359375
0 0.4222222222222222 0.32890625 0.030555555555555555 0.01484375
0 0.29583333333333334 0.3171875 0.08055555555555556 0.03515625
0 0.33194444444444443 0.2828125 0.03333333333333333 0.028125
0 0.5847222222222223 0.28125 0.03611111111111111 0.0234375
0 0.34444444444444444 0.196875 0.05416666666666667 0.034375
0 0.4986111111111111 0.14375 0.05555555555555555 0.02578125
0 0.4097222222222222 0.13671875 0.07222222222222222 0.03203125
0 0.3861111111111111 0.12265625 0.030555555555555555 0.01640625
0 0.4222222222222222 0.10390625 0.058333333333333334 0.02890625
