0 0.8027777777777778 0.9359375 0.03888888888888889 0.03515625
0 0.8694444444444445 0.928125 0.04027777777777778 0.02421875
0 0.6875 0.88125 0.044444444444444446 0.0265625
0 0.7916666666666666 0.83125 0.0375 0.0234375
0 0.029166666666666667 0.82265625 0.08333333333333333 0.0328125
0 0.3888888888888889 0.81953125 0.04583333333333333 0.025
0 0.5791666666666667 0.81328125 0.034722222222222224 0.0203125
0 0.04027777777777778 0.78984375 0.034722222222222224 0.02265625
0 0.7208333333333333 0.77890625 0.030555555555555555 0.015625
0 0.5416666666666666 0.7640625 0.05 0.02734375
0 0.6277777777777778 0.76171875 0.034722222222222224 0.04375
0 0.09166666666666666 0.753125 0.02638888888888889 0.021875
0 0.46944444444444444 0.75234375 0.02361111111111111 0.0203125
0 0.13472222222222222 0.74765625 0.03194444444444444 0.01796875
0 0.5055555555555555 0.74453125 0.043055555555555555 0.02421875
0 0.4986111111111111 0.6984375 0.03333333333333333 0.01171875
0 0.4722222222222222 0.675 0.030555555555555555 0.0203125
0 0.6138888888888889 0.6640625 0.04583333333333333 0.02578125
0 0.6680555555555555 0.6328125 0.041666666666666664 0.025
0 0.5875 0.609375 0.08194444444444444 0.04296875
0 0.5319444444444444 0.603125 0.043055555555555555 0.0359375
0 0.08611111111111111 0.5984375 0.08611111111111111 0.0203125
0 0.02361111111111111 0.559375 0.0763888888888889 0.03828125
0 0.004166666666666667 0.53671875 0.02361111111111111 0.02109375
