0 0.2638888888888889 0.77265625 0.025 0.01796875
0 0.3277777777777778 0.75390625 0.03333333333333333 0.025
0 0.3486111111111111 0.709375 0.015277777777777777 0.0109375
0 0.2611111111111111 0.6984375 0.04583333333333333 0.0265625
0 0.30416666666666664 0.66640625 0.05 0.028125
0 0.8902777777777777 0.62421875 0.034722222222222224 0.015625
0 0.8597222222222223 0.6140625 0.029166666666666667 0.01796875
0 0.44166666666666665 0.55234375 0.041666666666666664 0.015625
0 0.6736111111111112 0.45390625 0.016666666666666666 0.009375
0 0.9111111111111111 0.421875 0.034722222222222224 0.0171875
