0 0.375 0.7921875 0.05555555555555555 0.02890625
0 0.3347222222222222 0.72890625 0.02361111111111111 0.021875
0 0.043055555555555555 0.7140625 0.0375 0.0265625
0 0.6263888888888889 0.68515625 0.05 0.02265625
0 0.3486111111111111 0.67578125 0.09444444444444444 0.053125
0 0.4305555555555556 0.66875 0.04027777777777778 0.028125
0 0.6722222222222223 0.64765625 0.041666666666666664 0.0234375
0 0.37222222222222223 0.6453125 0.025 0.0265625
0 0.5569444444444445 0.6359375 0.058333333333333334 0.0296875
0 0.6291666666666667 0.609375 0.05138888888888889 0.025
0 0.08611111111111111 0.60859375 0.06388888888888888 0.02890625
0 0.7097222222222223 0.5984375 0.05416666666666667 0.021875
0 0.5388888888888889 0.57109375 0.10555555555555556 0.04296875
0 0.5236111111111111 0.53984375 0.03611111111111111 0.0234375
0 0.16111111111111112 0.53125 0.05694444444444444 0.03046875
0 0.6138888888888889 0.51015625 0.10972222222222222 0.03828125
0 0.8736111111111111 0.50625 0.07083333333333333 0.0203125
0 0.4708333333333333 0.49453125 0.06388888888888888 0.0375
0 0.4041666666666667 0.4859375 0.05 0.02890625
0 0.13055555555555556 0.45703125 0.04861111111111111 0.03046875
0 0.39166666666666666 0.446875 0.03333333333333333 0.021875
0 0.4625 0.44609375 0.025 0.015625
0 0.3736111111111111 0.4125 0.03194444444444444 0.01328125
0 0.5152777777777777 0.39375 0.03888888888888889 0.01875
0 0.4 0.36171875 0.018055555555555554 0.01328125
0 0.36944444444444446 0.246875 0.05138888888888889 0.03125
