0 0.5708333333333333 0.54921875 0.11388888888888889 0.03359375
0 0.4722222222222222 0.53984375 0.029166666666666667 0.01875
0 0.6597222222222222 0.52421875 0.05277777777777778 0.02421875
0 0.4861111111111111 0.51875 0.025 0.01328125
0 0.7458333333333333 0.4984375 0.04722222222222222 0.021875
0 0.4527777777777778 0.49765625 0.029166666666666667 0.01953125
0 0.46805555555555556 0.47109375 0.03333333333333333 0.01875
0 0.6472222222222223 0.45625 0.02361111111111111 0.01640625
0 0.16944444444444445 0.45390625 0.09861111111111111 0.04296875
0 0.001388888888888889 0.4484375 0.020833333333333332 0.0171875
0 0.7722222222222223 0.4453125 0.03194444444444444 0.0140625
0 0.27361111111111114 0.440625 0.041666666666666664 0.0203125
0 0.3861111111111111 0.4390625 0.0375 0.02109375
0 0.6736111111111112 0.42890625 0.034722222222222224 0.01796875
0 0.06388888888888888 0.425 0.03333333333333333 0.01796875
0 0.825 0.4203125 0.058333333333333334 0.03125
0 0.09305555555555556 0.4140625 0.02638888888888889 0.01171875
0 0.19583333333333333 0.39921875 0.04722222222222222 0.028125
0 0.7194444444444444 0.39375 0.05138888888888889 0.03359375
0 0.5527777777777778 0.3828125 0.025 0.02109375
0 0.8194444444444444 0.36640625 0.05694444444444444 0.03046875
0 0.6347222222222222 0.3484375 0.03333333333333333 0.02578125
0 0.6583333333333333 0.33828125 0.03611111111111111 0.0203125
0 0.9055555555555556 0.3328125 0.0375 0.0359375
0 0.7986111111111112 0.31328125 0.041666666666666664 0.0140625
0 0.47638888888888886 0.30234375 0.03611111111111111 0.01796875
0 0.002777777777777778 0.29375 0.020833333333333332 0.015625
0 0.7125 0.2921875 0.06944444444444445 0.04375
0 0.3486111111111111 0.28984375 0.075 0.0265625
0 0.28055555555555556 0.2859375 0.058333333333333334 0.02109375
0 0.9708333333333333 0.27265625 0.029166666666666667 0.02890625
0 0.6180555555555556 0.2625 0.0375 0.01875
0 0.6527777777777778 0.25234375 0.027777777777777776 0.0203125
0 0.9041666666666667 0.24765625 0.03194444444444444 0.021875
0 0.6236111111111111 0.24375 0.02638888888888889 0.01796875
0 0.42083333333333334 0.2375 0.027777777777777776 0.01953125
0 0.9277777777777778 0.22109375 0.04027777777777778 0.01953125
0 0.8694444444444445 0.21171875 0.03194444444444444 0.01328125
0 0.9875 0.2109375 0.0125 0.01796875
0 0.49444444444444446 0.20625 0.03888888888888889 0.01953125
0 0.6694444444444444 0.20234375 0.04861111111111111 0.03984375
0 0.45555555555555555 0.2015625 0.027777777777777776 0.025
0 0.5902777777777778 0.2 0.04027777777777778 0.02421875
0 0.8486111111111111 0.19765625 0.03333333333333333 0.01640625
0 0.6333333333333333 0.19765625 0.041666666666666664 0.01796875
0 0.4708333333333333 0.1890625 0.03194444444444444 0.01484375
0 0.2222222222222222 0.18515625 0.06527777777777778 0.02109375
0 0.6472222222222223 0.1734375 0.043055555555555555 0.025
0 0.44166666666666665 0.1734375 0.025 0.01328125
0 0.8402777777777778 0.165625 0.03888888888888889 0.02265625
0 0.49166666666666664 0.1609375 0.11805555555555555 0.04609375
0 0.39861111111111114 0.1609375 0.03888888888888889 0.021875
0 0.7097222222222223 0.159375 0.04722222222222222 0.0234375
0 0.6 0.15390625 0.041666666666666664 0.028125
0 0.43333333333333335 0.14609375 0.04027777777777778 0.02421875
0 0.4888888888888889 0.1421875 0.03888888888888889 0.01875
0 0.7763888888888889 0.13671875 0.0625 0.028125
0 0.6847222222222222 0.12890625 0.034722222222222224 0.02109375
0 0.7222222222222222 0.12578125 0.03611111111111111 0.0140625
0 0.5777777777777777 0.11796875 0.030555555555555555 0.01640625
0 0.6027777777777777 0.10546875 0.04027777777777778 0.02421875
0 0.4736111111111111 0.10390625 0.03888888888888889 0.021875
