0 0.8291666666666667 0.7421875 0.030555555555555555 0.0171875
0 0.9680555555555556 0.68828125 0.03194444444444444 0.025
0 0.25833333333333336 0.66640625 0.0625 0.0296875
0 0.2222222222222222 0.63359375 0.059722222222222225 0.0359375
0 0.35833333333333334 0.5984375 0.058333333333333334 0.0265625
0 0.6555555555555556 0.58359375 0.020833333333333332 0.0125
0 0.7763888888888889 0.553125 0.030555555555555555 0.01171875
0 0.5638888888888889 0.53515625 0.03888888888888889 0.02265625
0 0.24166666666666667 0.49765625 0.09305555555555556 0.03203125
0 0.5361111111111111 0.49296875 0.0375 0.02421875
0 0.6027777777777777 0.47890625 0.02361111111111111 0.0171875
0 0.6125 0.44609375 0.10555555555555556 0.0421875
0 0.36666666666666664 0.4265625 0.029166666666666667 0.02109375
0 0.5291666666666667 0.4125 0.04861111111111111 0.03046875
0 0.6402777777777777 0.38984375 0.07083333333333333 0.0234375
0 0.3763888888888889 0.3875 0.06527777777777778 0.03125
0 0.38333333333333336 0.37109375 0.027777777777777776 0.01484375
0 0.4375 0.36328125 0.05138888888888889 0.02890625
0 0.6027777777777777 0.3625 0.019444444444444445 0.01484375
0 0.6638888888888889 0.34140625 0.06666666666666667 0.03046875
0 0.5583333333333333 0.33984375 0.04722222222222222 0.02265625
0 0.6361111111111111 0.3328125 0.03888888888888889 0.01484375
0 0.22777777777777777 0.3296875 0.041666666666666664 0.02109375
0 0.36666666666666664 0.253125 0.044444444444444446 0.0265625
0 0.3402777777777778 0.234375 0.03194444444444444 0.0109375
0 0.44027777777777777 0.23125 0.0763888888888889 0.03828125
0 0.44583333333333336 0.21328125 0.05555555555555555 0.0140625
0 0.7027777777777777 0.18515625 0.034722222222222224 0.02578125
0 0.42083333333333334 0.17421875 0.05277777777777778 0.034375
0 0.46805555555555556 0.153125 0.0625 0.05078125
0 0.41805555555555557 0.15234375 0.04583333333333333 0.02109375
0 0.625 0.13359375 0.03194444444444444 0.02265625
0 0.4777777777777778 0.12734375 0.04861111111111111 0.02734375
0 0.5875 0.103125 0.034722222222222224 0.0171875
0 0.5125 0.0125 0.04722222222222222 0.03046875
