0 0.10555555555555556 0.76875 0.04583333333333333 0.02734375
0 0.26805555555555555 0.73046875 0.03888888888888889 0.0234375
0 0.06388888888888888 0.69765625 0.018055555555555554 0.0109375
0 0.09305555555555556 0.68203125 0.02361111111111111 0.0203125
0 0.9125 0.6546875 0.030555555555555555 0.01328125
0 0.001388888888888889 0.5484375 0.025 0.01796875
0 0.5333333333333333 0.50625 0.03888888888888889 0.0109375
0 0.5180555555555556 0.49453125 0.02361111111111111 0.009375
0 0.002777777777777778 0.46796875 0.016666666666666666 0.01328125
0 0.019444444444444445 0.44921875 0.043055555555555555 0.02109375
0 0.9847222222222223 0.43046875 0.015277777777777777 0.01640625
0 0.018055555555555554 0.40546875 0.03611111111111111 0.01875
0 0.001388888888888889 0.36796875 0.059722222222222225 0.03984375
0 0.0 0.35546875 0.018055555555555554 0.0109375
0 0.002777777777777778 0.2640625 0.0375 0.02421875
0 0.5041666666666667 0.26328125 0.075 0.03125
0 0.49444444444444446 0.19609375 0.029166666666666667 0.02265625
0 0.35833333333333334 0.17421875 0.019444444444444445 0.01953125
0 0.2875 0.125 0.11805555555555555 0.04609375
0 0.2972222222222222 0.12109375 0.058333333333333334 0.0171875
