0 0.04861111111111111 0.95546875 0.0625 0.03125
0 0.0 0.8125 0.03333333333333333 0.03359375
0 0.14166666666666666 0.803125 0.04722222222222222 0.03359375
0 0.3597222222222222 0.790625 0.05555555555555555 0.02890625
0 0.3111111111111111 0.7734375 0.04722222222222222 0.028125
0 0.09722222222222222 0.76875 0.09583333333333334 0.034375
0 0.8597222222222223 0.76171875 0.05555555555555555 0.028125
0 0.6402777777777777 0.75625 0.029166666666666667 0.01796875
0 0.8333333333333334 0.73359375 0.04861111111111111 0.03203125
0 0.5416666666666666 0.73125 0.05138888888888889 0.01953125
0 0.7402777777777778 0.72890625 0.05277777777777778 0.028125
0 0.043055555555555555 0.72890625 0.06388888888888888 0.0234375
0 0.875 0.71796875 0.05694444444444444 0.01953125
0 0.008333333333333333 0.7125 0.05138888888888889 0.03046875
0 0.675 0.70234375 0.05555555555555555 0.028125
0 0.6027777777777777 0.690625 0.044444444444444446 0.015625
0 0.7611111111111111 0.671875 0.05694444444444444 0.0328125
0 0.0 0.6515625 0.03333333333333333 0.04296875
0 0.5930555555555556 0.62578125 0.04722222222222222 0.01328125
0 0.06527777777777778 0.62109375 0.10833333333333334 0.03203125
0 0.19027777777777777 0.6203125 0.06388888888888888 0.0359375
0 0.0 0.6078125 0.029166666666666667 0.02734375
0 0.6902777777777778 0.59453125 0.0763888888888889 0.03671875
0 0.1638888888888889 0.584375 0.07222222222222222 0.0328125
0 0.6958333333333333 0.5703125 0.044444444444444446 0.0234375
0 0.6444444444444445 0.56640625 0.04027777777777778 0.01875
0 0.5819444444444445 0.53984375 0.07083333333333333 0.03984375
0 0.6625 0.5390625 0.020833333333333332 0.01640625
0 0.6958333333333333 0.53203125 0.05694444444444444 0.025
0 0.65 0.51484375 0.03333333333333333 0.021875
0 0.029166666666666667 0.50859375 0.029166666666666667 0.0125
0 0.6458333333333334 0.4953125 0.0375 0.0140625
0 0.6847222222222222 0.4921875 0.03333333333333333 0.01953125
0 0.0 0.446875 0.07083333333333333 0.03125
0 0.001388888888888889 0.3359375 0.022222222222222223 0.02890625
0 0.1638888888888889 0.28984375 0.1 0.0484375
0 0.027777777777777776 0.2875 0.06666666666666667 0.0375
