0 0.5875 0.891796875 0.04722222222222222 0.02265625
0 0.2951388888888889 0.894921875 0.06527777777777778 0.03671875
0 0.5277777777777778 0.88515625 0.04722222222222222 0.0203125
0 0.3854166666666667 0.8203125 0.043055555555555555 0.025
0 0.021527777777777778 0.815234375 0.0375 0.02265625
0 0.015277777777777777 0.7890625 0.025 0.021875
0 0.6993055555555555 0.776953125 0.07083333333333333 0.01953125
0 0.5375 0.741796875 0.03611111111111111 0.01796875
0 0.38125 0.741796875 0.043055555555555555 0.03203125
0 0.8423611111111111 0.733203125 0.043055555555555555 0.01796875
0 0.020833333333333332 0.721875 0.03611111111111111 0.0203125
0 0.4284722222222222 0.69296875 0.07083333333333333 0.021875
0 0.6895833333333333 0.659375 0.015277777777777777 0.0125
0 0.030555555555555555 0.651953125 0.025 0.01796875
0 0.1840277777777778 0.59765625 0.034722222222222224 0.0234375
0 0.44305555555555554 0.597265625 0.03888888888888889 0.03046875
0 0.2465277777777778 0.58515625 0.0375 0.021875
0 0.20347222222222222 0.571484375 0.020833333333333332 0.01328125
0 0.1875 0.544140625 0.05 0.01953125
0 0.7986111111111112 0.5078125 0.044444444444444446 0.0125
0 0.42430555555555555 0.494921875 0.04861111111111111 0.02421875
0 0.4895833333333333 0.38515625 0.05416666666666667 0.0171875
0 0.4465277777777778 0.114453125 0.059722222222222225 0.04453125
