0 0.8305555555555556 0.78515625 0.04861111111111111 0.0203125
0 0.2375 0.7078125 0.06111111111111111 0.03828125
0 0.2013888888888889 0.68046875 0.05277777777777778 0.03359375
0 0.3472222222222222 0.6390625 0.05416666666666667 0.03125
0 0.28888888888888886 0.54296875 0.044444444444444446 0.02734375
0 0.24305555555555555 0.5375 0.044444444444444446 0.028125
0 0.5291666666666667 0.52734375 0.0375 0.0140625
0 0.6583333333333333 0.49296875 0.05 0.02890625
0 0.5847222222222223 0.4875 0.07083333333333333 0.0390625
0 0.3527777777777778 0.4640625 0.043055555555555555 0.01640625
0 0.5222222222222223 0.4515625 0.04722222222222222 0.0234375
0 0.3861111111111111 0.428125 0.05138888888888889 0.02734375
0 0.6277777777777778 0.425 0.0875 0.0328125
0 0.8777777777777778 0.421875 0.02638888888888889 0.01328125
0 0.38055555555555554 0.409375 0.02638888888888889 0.015625
0 0.42777777777777776 0.403125 0.05416666666666667 0.02890625
0 0.6541666666666667 0.38203125 0.06805555555555555 0.0265625
0 0.5541666666666667 0.37734375 0.04722222222222222 0.0234375
0 0.225 0.36796875 0.034722222222222224 0.02421875
0 0.6388888888888888 0.3640625 0.022222222222222223 0.01796875
0 0.4013888888888889 0.35546875 0.027777777777777776 0.015625
0 0.6666666666666666 0.3359375 0.020833333333333332 0.01328125
0 0.6347222222222222 0.30625 0.030555555555555555 0.0234375
0 0.3638888888888889 0.2890625 0.043055555555555555 0.02890625
0 0.6 0.284375 0.043055555555555555 0.02578125
0 0.4305555555555556 0.28359375 0.03333333333333333 0.02734375
0 0.3416666666666667 0.27578125 0.030555555555555555 0.009375
0 0.3875 0.27421875 0.027777777777777776 0.0109375
0 0.44166666666666665 0.25078125 0.07083333333333333 0.05078125
0 0.6902777777777778 0.22109375 0.0375 0.02734375
0 0.4125 0.19375 0.041666666666666664 0.0171875
0 0.6069444444444444 0.17109375 0.03194444444444444 0.021875
0 0.4083333333333333 0.16953125 0.10555555555555556 0.07890625
0 0.5694444444444444 0.140625 0.03194444444444444 0.01640625
0 0.4986111111111111 0.05234375 0.04583333333333333 0.034375
0 0.4666666666666667 0.0015625 0.04027777777777778 0.01171875
