0 0.6888888888888889 0.546875 0.04861111111111111 0.0234375
0 0.9638888888888889 0.49296875 0.03611111111111111 0.02109375
0 0.7111111111111111 0.49140625 0.03333333333333333 0.015625
0 0.6361111111111111 0.490625 0.03888888888888889 0.01796875
0 0.002777777777777778 0.47265625 0.018055555555555554 0.0140625
0 0.05555555555555555 0.4671875 0.041666666666666664 0.02421875
0 0.7083333333333334 0.465625 0.030555555555555555 0.01484375
0 0.022222222222222223 0.4609375 0.03611111111111111 0.021875
0 0.7986111111111112 0.459375 0.019444444444444445 0.01640625
0 0.7625 0.4578125 0.03194444444444444 0.0203125
0 0.3625 0.4578125 0.03888888888888889 0.0203125
0 0.8513888888888889 0.4515625 0.03611111111111111 0.02109375
0 0.10833333333333334 0.4453125 0.04027777777777778 0.02109375
0 0.20972222222222223 0.42734375 0.03611111111111111 0.01796875
0 0.8513888888888889 0.4265625 0.034722222222222224 0.01484375
0 0.8902777777777777 0.42421875 0.0375 0.02109375
0 0.8819444444444444 0.40390625 0.03194444444444444 0.01875
0 0.8736111111111111 0.375 0.022222222222222223 0.015625
0 0.12222222222222222 0.36015625 0.03333333333333333 0.021875
0 0.6625 0.35546875 0.020833333333333332 0.0125
0 0.8847222222222222 0.34921875 0.03194444444444444 0.02109375
0 0.3458333333333333 0.34765625 0.027777777777777776 0.01953125
0 0.25833333333333336 0.34375 0.02361111111111111 0.0140625
0 0.49444444444444446 0.3234375 0.03333333333333333 0.01953125
0 0.10555555555555556 0.3125 0.034722222222222224 0.0203125
0 0.175 0.309375 0.04027777777777778 0.0375
0 0.6152777777777778 0.30546875 0.022222222222222223 0.0125
0 0.25833333333333336 0.30234375 0.016666666666666666 0.01171875
0 0.5833333333333334 0.3 0.027777777777777776 0.0140625
0 0.15555555555555556 0.290625 0.041666666666666664 0.02109375
0 0.5569444444444445 0.27890625 0.04027777777777778 0.01875
0 0.23472222222222222 0.2734375 0.034722222222222224 0.0140625
0 0.008333333333333333 0.26484375 0.03194444444444444 0.01953125
0 0.24305555555555555 0.259375 0.034722222222222224 0.01640625
0 0.55 0.24140625 0.022222222222222223 0.0109375
0 0.29305555555555557 0.24140625 0.041666666666666664 0.021875
0 0.44027777777777777 0.23203125 0.034722222222222224 0.02109375
0 0.45694444444444443 0.20703125 0.03333333333333333 0.0171875
0 0.21944444444444444 0.196875 0.06388888888888888 0.01796875
0 0.39444444444444443 0.1859375 0.025 0.01953125
0 0.4736111111111111 0.18515625 0.03333333333333333 0.01796875
0 0.006944444444444444 0.18359375 0.027777777777777776 0.021875
0 0.32222222222222224 0.178125 0.03888888888888889 0.0125
0 0.2361111111111111 0.16640625 0.04027777777777778 0.03046875
0 0.14166666666666666 0.1515625 0.020833333333333332 0.015625
0 0.3194444444444444 0.14921875 0.029166666666666667 0.01640625
0 0.2611111111111111 0.14921875 0.029166666666666667 0.01953125
0 0.05138888888888889 0.1484375 0.175 0.05078125
0 0.001388888888888889 0.14375 0.020833333333333332 0.01953125
0 0.04861111111111111 0.140625 0.027777777777777776 0.0125
0 0.26805555555555555 0.1328125 0.025 0.01796875
0 0.15 0.1265625 0.03333333333333333 0.01875
0 0.29583333333333334 0.121875 0.03194444444444444 0.02265625
0 0.15138888888888888 0.10859375 0.03194444444444444 0.01484375
0 0.05138888888888889 0.1046875 0.030555555555555555 0.01796875
