0 0.8486111111111111 0.7578125 0.10833333333333334 0.0375
0 0.6847222222222222 0.70859375 0.1111111111111111 0.0421875
0 0.38472222222222224 0.63046875 0.029166666666666667 0.025
0 0.22083333333333333 0.61875 0.0375 0.02109375
0 0.4666666666666667 0.6046875 0.0375 0.0296875
0 0.9833333333333333 0.60078125 0.015277777777777777 0.02265625
0 0.37083333333333335 0.553125 0.08472222222222223 0.05546875
0 0.20555555555555555 0.5515625 0.029166666666666667 0.03359375
0 0.4388888888888889 0.52890625 0.08055555555555556 0.06015625
0 0.5416666666666666 0.50390625 0.07916666666666666 0.0375
0 0.16111111111111112 0.503125 0.06111111111111111 0.021875
0 0.24722222222222223 0.496875 0.058333333333333334 0.02265625
0 0.35138888888888886 0.48671875 0.06944444444444445 0.040625
0 0.6236111111111111 0.47421875 0.07777777777777778 0.03515625
0 0.575 0.453125 0.043055555555555555 0.0421875
0 0.16805555555555557 0.440625 0.059722222222222225 0.03203125
0 0.0 0.3703125 0.05277777777777778 0.05078125
0 0.47638888888888886 0.3609375 0.041666666666666664 0.02109375
0 0.2875 0.21640625 0.044444444444444446 0.021875
0 0.7333333333333333 0.21015625 0.05416666666666667 0.03359375
0 0.375 0.19921875 0.03194444444444444 0.0328125
0 0.6666666666666666 0.19296875 0.05555555555555555 0.03046875
0 0.25972222222222224 0.178125 0.04861111111111111 0.0375
0 0.19166666666666668 0.17265625 0.06666666666666667 0.03359375
0 0.3486111111111111 0.1546875 0.027777777777777776 0.0265625
0 0.2972222222222222 0.10546875 0.025 0.01875
0 0.4027777777777778 0.084375 0.15555555555555556 0.0515625
0 0.32083333333333336 0.0421875 0.06805555555555555 0.03671875
0 0.41944444444444445 0.02578125 0.12916666666666668 0.046875
