0 0.29444444444444445 0.84296875 0.0625 0.0359375
0 0.5819444444444445 0.8390625 0.05277777777777778 0.025
0 0.5180555555555556 0.83828125 0.05416666666666667 0.021875
0 0.6013888888888889 0.81875 0.022222222222222223 0.01953125
0 0.001388888888888889 0.784375 0.030555555555555555 0.01875
0 0.3861111111111111 0.77578125 0.034722222222222224 0.02421875
0 0.4652777777777778 0.7703125 0.016666666666666666 0.0109375
0 0.0 0.75546875 0.029166666666666667 0.0234375
0 0.6583333333333333 0.725 0.075 0.0234375
0 0.5666666666666667 0.69921875 0.02361111111111111 0.02109375
0 0.5180555555555556 0.69921875 0.044444444444444446 0.01953125
0 0.001388888888888889 0.69609375 0.020833333333333332 0.0125
0 0.3625 0.69296875 0.05138888888888889 0.0328125
0 0.8097222222222222 0.68203125 0.04861111111111111 0.01953125
0 0.39166666666666666 0.6515625 0.0625 0.034375
0 0.6805555555555556 0.61875 0.016666666666666666 0.00859375
0 0.001388888888888889 0.6171875 0.02638888888888889 0.0203125
0 0.15 0.56875 0.030555555555555555 0.015625
0 0.39444444444444443 0.553125 0.059722222222222225 0.0328125
0 0.2125 0.54921875 0.04583333333333333 0.02265625
0 0.7166666666666667 0.54765625 0.03611111111111111 0.01875
0 0.16944444444444445 0.53203125 0.02361111111111111 0.01953125
0 0.18888888888888888 0.51875 0.025 0.01171875
0 0.14444444444444443 0.5078125 0.041666666666666664 0.02265625
0 0.7597222222222222 0.465625 0.05694444444444444 0.01484375
0 0.3861111111111111 0.45390625 0.03888888888888889 0.0234375
0 0.44583333333333336 0.34296875 0.022222222222222223 0.01875
0 0.375 0.06015625 0.059722222222222225 0.04765625
