0 0.9583333333333334 0.5140625 0.03333333333333333 0.01484375
0 0.16666666666666666 0.5078125 0.058333333333333334 0.02578125
0 0.4986111111111111 0.50625 0.08194444444444444 0.0296875
0 0.33194444444444443 0.48828125 0.0625 0.03515625
0 0.575 0.48671875 0.019444444444444445 0.0171875
0 0.4125 0.4859375 0.05277777777777778 0.028125
0 0.8291666666666667 0.48046875 0.059722222222222225 0.04140625
0 0.6263888888888889 0.4796875 0.04722222222222222 0.0265625
0 0.10972222222222222 0.46328125 0.05277777777777778 0.05078125
0 0.45555555555555555 0.45625 0.05 0.0203125
0 0.07916666666666666 0.42265625 0.022222222222222223 0.0109375
0 0.3736111111111111 0.4171875 0.04583333333333333 0.0203125
0 0.5194444444444445 0.40234375 0.04722222222222222 0.01484375
0 0.23472222222222222 0.38984375 0.02361111111111111 0.01953125
0 0.5263888888888889 0.38046875 0.020833333333333332 0.015625
0 0.1 0.37890625 0.034722222222222224 0.0171875
0 0.0 0.37734375 0.020833333333333332 0.0171875
0 0.3861111111111111 0.37265625 0.05694444444444444 0.03828125
0 0.025 0.34609375 0.03194444444444444 0.01953125
0 0.001388888888888889 0.334375 0.013888888888888888 0.01796875
0 0.40555555555555556 0.3328125 0.03611111111111111 0.0203125
0 0.3472222222222222 0.33046875 0.044444444444444446 0.02421875
0 0.5458333333333333 0.32109375 0.0375 0.02109375
0 0.2125 0.31953125 0.04027777777777778 0.02578125
0 0.5041666666666667 0.30859375 0.029166666666666667 0.0171875
0 0.16944444444444445 0.3046875 0.02638888888888889 0.01796875
0 0.001388888888888889 0.30078125 0.03611111111111111 0.01875
0 0.06944444444444445 0.29453125 0.03194444444444444 0.01796875
0 0.20694444444444443 0.27421875 0.03611111111111111 0.0140625
0 0.0 0.2046875 0.019444444444444445 0.02421875
0 0.17777777777777778 0.19921875 0.034722222222222224 0.02578125
0 0.10138888888888889 0.19921875 0.030555555555555555 0.0171875
0 0.2263888888888889 0.1953125 0.022222222222222223 0.02109375
0 0.002777777777777778 0.16875 0.011111111111111112 0.025
0 0.125 0.15859375 0.07222222222222222 0.04609375
0 0.001388888888888889 0.14453125 0.016666666666666666 0.0203125
0 0.17083333333333334 0.1390625 0.0375 0.01875
0 0.025 0.13515625 0.1 0.0375
0 0.05555555555555555 0.1140625 0.0375 0.01875
