0 0.6472222222222223 0.69765625 0.041666666666666664 0.01953125
0 0.6736111111111112 0.68359375 0.034722222222222224 0.01796875
0 0.6180555555555556 0.67578125 0.03194444444444444 0.0234375
0 0.3277777777777778 0.6515625 0.0375 0.025
0 0.28194444444444444 0.64296875 0.020833333333333332 0.02109375
0 0.2375 0.640625 0.0375 0.03515625
0 0.2638888888888889 0.628125 0.03333333333333333 0.0125
0 0.3236111111111111 0.6265625 0.02361111111111111 0.015625
0 0.4527777777777778 0.60859375 0.0375 0.0203125
0 0.6194444444444445 0.5609375 0.059722222222222225 0.02578125
0 0.7055555555555556 0.540625 0.018055555555555554 0.0171875
0 0.8277777777777777 0.5375 0.041666666666666664 0.025
0 0.7902777777777777 0.5296875 0.03888888888888889 0.0234375
0 0.7458333333333333 0.5203125 0.044444444444444446 0.02109375
0 0.8444444444444444 0.51953125 0.03611111111111111 0.01875
0 0.5944444444444444 0.51328125 0.043055555555555555 0.03671875
0 0.43194444444444446 0.50234375 0.05138888888888889 0.021875
0 0.5541666666666667 0.47890625 0.030555555555555555 0.0140625
0 0.4708333333333333 0.38671875 0.043055555555555555 0.03125
0 0.4236111111111111 0.37421875 0.04861111111111111 0.0359375
0 0.5666666666666667 0.371875 0.04722222222222222 0.028125
0 0.5138888888888888 0.365625 0.04583333333333333 0.02890625
