0 0.8486111111111111 0.69140625 0.0375 0.0265625
0 0.20416666666666666 0.6625 0.09444444444444444 0.03828125
0 0.6444444444444445 0.65078125 0.029166666666666667 0.01484375
0 0.8472222222222222 0.6328125 0.0625 0.025
0 0.6583333333333333 0.63125 0.044444444444444446 0.0265625
0 0.6444444444444445 0.5953125 0.05 0.03125
0 0.8055555555555556 0.56640625 0.03611111111111111 0.015625
0 0.44722222222222224 0.56015625 0.03888888888888889 0.02890625
0 0.06805555555555555 0.5578125 0.05138888888888889 0.0421875
0 0.4013888888888889 0.54609375 0.04583333333333333 0.0203125
0 0.9611111111111111 0.53671875 0.029166666666666667 0.01953125
0 0.4125 0.51875 0.08194444444444444 0.0265625
0 0.7291666666666666 0.5109375 0.030555555555555555 0.01640625
0 0.18888888888888888 0.50859375 0.03611111111111111 0.01015625
0 0.8611111111111112 0.50546875 0.05277777777777778 0.021875
0 0.5444444444444444 0.5046875 0.02361111111111111 0.00859375
0 0.8541666666666666 0.48828125 0.034722222222222224 0.01640625
0 0.18611111111111112 0.44296875 0.018055555555555554 0.021875
0 0.8847222222222222 0.4390625 0.05138888888888889 0.02109375
0 0.8027777777777778 0.43046875 0.027777777777777776 0.01328125
0 0.37222222222222223 0.41953125 0.04722222222222222 0.028125
0 0.009722222222222222 0.4171875 0.027777777777777776 0.015625
0 0.17083333333333334 0.41328125 0.03611111111111111 0.0234375
0 0.9388888888888889 0.40859375 0.018055555555555554 0.0109375
0 0.20555555555555555 0.4015625 0.05416666666666667 0.05859375
0 0.42916666666666664 0.39453125 0.044444444444444446 0.02734375
0 0.38472222222222224 0.37578125 0.015277777777777777 0.01328125
0 0.45416666666666666 0.37421875 0.04861111111111111 0.02734375
0 0.10138888888888889 0.35390625 0.02638888888888889 0.0203125
0 0.3638888888888889 0.34375 0.02361111111111111 0.01171875
0 0.24722222222222223 0.34296875 0.04722222222222222 0.03671875
0 0.9680555555555556 0.3390625 0.018055555555555554 0.0140625
0 0.17777777777777778 0.3375 0.043055555555555555 0.02109375
0 0.9222222222222223 0.33515625 0.04027777777777778 0.01953125
0 0.225 0.28984375 0.05138888888888889 0.0296875
0 0.34444444444444444 0.278125 0.03194444444444444 0.02890625
0 0.15416666666666667 0.26796875 0.05416666666666667 0.0296875
0 0.28888888888888886 0.25078125 0.06388888888888888 0.02734375
0 0.4236111111111111 0.21953125 0.020833333333333332 0.0234375
0 0.26944444444444443 0.21640625 0.06111111111111111 0.0328125
0 0.4527777777777778 0.20390625 0.02361111111111111 0.015625
0 0.4444444444444444 0.1875 0.020833333333333332 0.01015625
0 0.4083333333333333 0.18671875 0.015277777777777777 0.0140625
0 0.1625 0.18359375 0.09027777777777778 0.03984375
0 0.30694444444444446 0.18125 0.08611111111111111 0.0328125
0 0.3527777777777778 0.146875 0.03333333333333333 0.02734375
0 0.14444444444444443 0.1390625 0.05 0.0296875
0 0.22916666666666666 0.09453125 0.10138888888888889 0.0328125
0 0.3736111111111111 0.0015625 0.044444444444444446 0.01484375
