0 0.9027777777777778 0.57265625 0.03333333333333333 0.015625
0 0.8791666666666667 0.559375 0.02361111111111111 0.01328125
0 0.8763888888888889 0.50078125 0.020833333333333332 0.0125
0 0.05694444444444444 0.4234375 0.08333333333333333 0.0328125
0 0.8166666666666667 0.36796875 0.06388888888888888 0.02578125
0 0.39166666666666666 0.12578125 0.04722222222222222 0.02890625
0 0.4583333333333333 0.10390625 0.0375 0.03671875
0 0.6194444444444445 0.0515625 0.03888888888888889 0.02109375
0 0.4583333333333333 0.0234375 0.05416666666666667 0.0328125
0 0.6222222222222222 0.0125 0.07916666666666666 0.02734375
0 0.5833333333333334 0.0109375 0.03611111111111111 0.0265625
