0 0.9222222222222223 0.59296875 0.07777777777777778 0.03671875
0 0.075 0.5859375 0.06944444444444445 0.03046875
0 0.12916666666666668 0.55703125 0.03333333333333333 0.021875
0 0.07083333333333333 0.54296875 0.0375 0.009375
0 0.3236111111111111 0.52421875 0.058333333333333334 0.034375
0 0.09444444444444444 0.5109375 0.03333333333333333 0.01328125
0 0.3972222222222222 0.50234375 0.034722222222222224 0.0234375
0 0.37083333333333335 0.50234375 0.02361111111111111 0.0140625
0 0.4708333333333333 0.49921875 0.03194444444444444 0.0265625
0 0.05416666666666667 0.4921875 0.0375 0.0203125
0 0.6930555555555555 0.459375 0.07916666666666666 0.05625
0 0.5638888888888889 0.459375 0.03611111111111111 0.01328125
0 0.5944444444444444 0.44609375 0.019444444444444445 0.01171875
0 0.06944444444444445 0.44453125 0.018055555555555554 0.01640625
0 0.7777777777777778 0.4296875 0.034722222222222224 0.01953125
0 0.4486111111111111 0.41484375 0.025 0.01796875
0 0.4791666666666667 0.41328125 0.03611111111111111 0.0296875
0 0.7097222222222223 0.41171875 0.025 0.01171875
0 0.2708333333333333 0.39921875 0.027777777777777776 0.01171875
0 0.4013888888888889 0.39765625 0.029166666666666667 0.0140625
0 0.7722222222222223 0.3921875 0.06111111111111111 0.02890625
0 0.6291666666666667 0.38671875 0.027777777777777776 0.01171875
0 0.8291666666666667 0.371875 0.03333333333333333 0.01953125
0 0.9041666666666667 0.36796875 0.043055555555555555 0.02265625
0 0.009722222222222222 0.36796875 0.029166666666666667 0.01796875
0 0.11666666666666667 0.36484375 0.03611111111111111 0.01796875
0 0.2722222222222222 0.35859375 0.05 0.03046875
0 0.14166666666666666 0.35234375 0.03333333333333333 0.021875
0 0.3 0.33359375 0.05694444444444444 0.02265625
0 0.25555555555555554 0.33359375 0.025 0.015625
0 0.5569444444444445 0.33203125 0.027777777777777776 0.0171875
0 0.6819444444444445 0.33046875 0.027777777777777776 0.0125
0 0.9263888888888889 0.3265625 0.03888888888888889 0.0234375
0 0.14027777777777778 0.31796875 0.034722222222222224 0.0125
0 0.9763888888888889 0.3 0.02361111111111111 0.034375
0 0.31666666666666665 0.29140625 0.025 0.015625
0 0.06666666666666667 0.2546875 0.027777777777777776 0.01640625
0 0.40694444444444444 0.25390625 0.03333333333333333 0.015625
0 0.275 0.24375 0.030555555555555555 0.01953125
0 0.12083333333333333 0.2390625 0.025 0.01328125
0 0.4083333333333333 0.22578125 0.02638888888888889 0.01640625
0 0.06111111111111111 0.2203125 0.03194444444444444 0.01484375
0 0.35138888888888886 0.196875 0.034722222222222224 0.02890625
0 0.0625 0.196875 0.022222222222222223 0.01796875
0 0.21944444444444444 0.1953125 0.03333333333333333 0.015625
0 0.44166666666666665 0.16484375 0.030555555555555555 0.021875
0 0.18472222222222223 0.16171875 0.02638888888888889 0.0140625
0 0.1527777777777778 0.14765625 0.027777777777777776 0.01875
0 0.027777777777777776 0.14296875 0.03888888888888889 0.028125
0 0.24027777777777778 0.1390625 0.020833333333333332 0.01640625
0 0.20555555555555555 0.1375 0.03333333333333333 0.01953125
0 0.0 0.13125 0.02638888888888889 0.015625
0 0.30416666666666664 0.1265625 0.019444444444444445 0.01328125
0 0.26944444444444443 0.1234375 0.030555555555555555 0.0203125
0 0.043055555555555555 0.10234375 0.05555555555555555 0.025
