0 0.7263888888888889 0.7359375 0.06388888888888888 0.028125
0 0.7291666666666666 0.71015625 0.059722222222222225 0.025
0 0.7361111111111112 0.68671875 0.04722222222222222 0.01875
0 0.3486111111111111 0.6734375 0.14583333333333334 0.046875
0 0.9833333333333333 0.66015625 0.016666666666666666 0.009375
0 0.625 0.640625 0.03333333333333333 0.02734375
0 0.4986111111111111 0.63203125 0.04861111111111111 0.02734375
0 0.8847222222222222 0.61953125 0.03888888888888889 0.02109375
0 0.6888888888888889 0.61953125 0.07777777777777778 0.0421875
0 0.8333333333333334 0.61015625 0.05277777777777778 0.02734375
0 0.8916666666666667 0.6 0.03333333333333333 0.0203125
0 0.6708333333333333 0.575 0.020833333333333332 0.0125
0 0.059722222222222225 0.5375 0.03194444444444444 0.021875
0 0.8333333333333334 0.52734375 0.030555555555555555 0.01953125
0 0.8611111111111112 0.5125 0.018055555555555554 0.01328125
0 0.5569444444444445 0.51171875 0.05138888888888889 0.01796875
0 0.6597222222222222 0.478125 0.027777777777777776 0.01796875
0 0.425 0.459375 0.06111111111111111 0.03828125
0 0.1875 0.4203125 0.025 0.01640625
0 0.14305555555555555 0.41796875 0.029166666666666667 0.0203125
0 0.6222222222222222 0.41015625 0.029166666666666667 0.01796875
0 0.45416666666666666 0.4078125 0.03611111111111111 0.01796875
0 0.31666666666666665 0.40546875 0.029166666666666667 0.0203125
0 0.6541666666666667 0.40390625 0.03333333333333333 0.01171875
0 0.55 0.3953125 0.05277777777777778 0.03203125
0 0.5930555555555556 0.3921875 0.03888888888888889 0.01640625
0 0.5222222222222223 0.3796875 0.03611111111111111 0.009375
0 0.5458333333333333 0.3109375 0.05277777777777778 0.01796875
0 0.5805555555555556 0.29453125 0.03888888888888889 0.01796875
0 0.7583333333333333 0.29296875 0.022222222222222223 0.01484375
0 0.46944444444444444 0.290625 0.03611111111111111 0.0203125
0 0.4236111111111111 0.28828125 0.04027777777777778 0.01875
0 0.6486111111111111 0.25703125 0.0375 0.01875
0 0.7541666666666667 0.24765625 0.043055555555555555 0.025
0 0.6722222222222223 0.2328125 0.04027777777777778 0.0234375
