0 0.9666666666666667 0.73046875 0.029166666666666667 0.03828125
0 0.9388888888888889 0.70859375 0.05555555555555555 0.0328125
0 0.9652777777777778 0.64140625 0.03333333333333333 0.03515625
0 0.13194444444444445 0.5609375 0.08055555555555556 0.03828125
0 0.8652777777777778 0.5171875 0.058333333333333334 0.03359375
0 0.008333333333333333 0.5078125 0.04583333333333333 0.03125
0 0.04027777777777778 0.45234375 0.05416666666666667 0.02890625
0 0.001388888888888889 0.37265625 0.04027777777777778 0.02421875
0 0.001388888888888889 0.3015625 0.018055555555555554 0.03046875
0 0.43333333333333335 0.28203125 0.06666666666666667 0.03515625
0 0.48333333333333334 0.2671875 0.06805555555555555 0.0375
0 0.005555555555555556 0.25546875 0.030555555555555555 0.03828125
0 0.6847222222222222 0.22265625 0.0625 0.028125
0 0.5041666666666667 0.1984375 0.0625 0.03203125
0 0.6611111111111111 0.178125 0.08333333333333333 0.03046875
