0 0.3194444444444444 0.84921875 0.05277777777777778 0.03671875
0 0.8597222222222223 0.82734375 0.06388888888888888 0.040625
0 0.1986111111111111 0.8203125 0.034722222222222224 0.01953125
0 0.7805555555555556 0.78828125 0.06805555555555555 0.0734375
0 0.9194444444444444 0.77734375 0.04861111111111111 0.02890625
0 0.06388888888888888 0.77109375 0.04583333333333333 0.02265625
0 0.011111111111111112 0.7703125 0.041666666666666664 0.01953125
0 0.2722222222222222 0.7609375 0.05555555555555555 0.01953125
0 0.9055555555555556 0.76015625 0.04722222222222222 0.02421875
0 0.9777777777777777 0.75703125 0.022222222222222223 0.028125
0 0.5055555555555555 0.7421875 0.05694444444444444 0.03125
0 0.2361111111111111 0.7359375 0.02638888888888889 0.01796875
0 0.9222222222222223 0.73203125 0.06388888888888888 0.03515625
0 0.0763888888888889 0.72890625 0.05 0.03984375
0 0.20416666666666666 0.72734375 0.03888888888888889 0.0140625
0 0.8444444444444444 0.70078125 0.06388888888888888 0.0359375
0 0.03611111111111111 0.69765625 0.06805555555555555 0.0328125
0 0.3458333333333333 0.696875 0.05138888888888889 0.0296875
0 0.8611111111111112 0.65625 0.03194444444444444 0.0234375
0 0.41805555555555557 0.6484375 0.020833333333333332 0.01015625
0 0.10138888888888889 0.64453125 0.075 0.03828125
0 0.5958333333333333 0.6234375 0.030555555555555555 0.0203125
0 0.15833333333333333 0.60390625 0.04027777777777778 0.025
0 0.32916666666666666 0.59609375 0.03611111111111111 0.0140625
0 0.44166666666666665 0.5953125 0.025 0.01484375
0 0.7013888888888888 0.5796875 0.044444444444444446 0.01171875
0 0.08055555555555556 0.55390625 0.030555555555555555 0.01953125
0 0.5597222222222222 0.53984375 0.019444444444444445 0.01328125
0 0.6763888888888889 0.51875 0.020833333333333332 0.01015625
0 0.8791666666666667 0.51796875 0.0375 0.01640625
0 0.8833333333333333 0.48828125 0.025 0.01484375
0 0.21388888888888888 0.446875 0.04583333333333333 0.01796875
0 0.1375 0.43359375 0.043055555555555555 0.0234375
0 0.20833333333333334 0.43125 0.04861111111111111 0.021875
0 0.8527777777777777 0.34140625 0.02638888888888889 0.0125
0 0.31805555555555554 0.315625 0.04027777777777778 0.025
0 0.034722222222222224 0.30703125 0.03333333333333333 0.01484375
0 0.26666666666666666 0.2890625 0.034722222222222224 0.021875
0 0.40694444444444444 0.28515625 0.043055555555555555 0.0234375
0 0.2152777777777778 0.28359375 0.03888888888888889 0.01484375
0 0.44583333333333336 0.27734375 0.05277777777777778 0.03203125
0 0.6458333333333334 0.2703125 0.1388888888888889 0.04453125
0 0.3541666666666667 0.2703125 0.04583333333333333 0.02578125
0 0.05138888888888889 0.26875 0.027777777777777776 0.0125
0 0.9208333333333333 0.2609375 0.029166666666666667 0.01796875
0 0.10138888888888889 0.2609375 0.043055555555555555 0.0234375
0 0.07777777777777778 0.2515625 0.03888888888888889 0.02265625
0 0.24583333333333332 0.25 0.04861111111111111 0.025
0 0.5416666666666666 0.22734375 0.06111111111111111 0.025
0 0.4875 0.2171875 0.05277777777777778 0.034375
0 0.7111111111111111 0.21640625 0.06944444444444445 0.03984375
0 0.37777777777777777 0.2109375 0.04722222222222222 0.0234375
0 0.8625 0.20078125 0.025 0.01328125
0 0.001388888888888889 0.19921875 0.019444444444444445 0.0203125
0 0.018055555555555554 0.19609375 0.0763888888888889 0.0328125
0 0.23194444444444445 0.1890625 0.03888888888888889 0.0203125
0 0.9777777777777777 0.17734375 0.020833333333333332 0.0078125
0 0.08333333333333333 0.17734375 0.043055555555555555 0.02890625
0 0.8777777777777778 0.16171875 0.027777777777777776 0.01875
0 0.16666666666666666 0.15546875 0.04027777777777778 0.01875
0 0.4444444444444444 0.153125 0.05138888888888889 0.02890625
0 0.6 0.14140625 0.06527777777777778 0.03828125
0 0.1763888888888889 0.1375 0.03333333333333333 0.01875
0 0.9402777777777778 0.134375 0.03611111111111111 0.01796875
0 0.3 0.13203125 0.04583333333333333 0.02578125
0 0.25 0.12734375 0.044444444444444446 0.0296875
0 0.7430555555555556 0.1265625 0.10138888888888889 0.0484375
0 0.0763888888888889 0.11875 0.02361111111111111 0.01953125
0 0.23472222222222222 0.1015625 0.043055555555555555 0.0265625
0 0.3194444444444444 0.0984375 0.0375 0.015625
0 0.9722222222222222 0.090625 0.02638888888888889 0.0171875
0 0.8083333333333333 0.07265625 0.059722222222222225 0.03828125
0 0.41388888888888886 0.0703125 0.043055555555555555 0.0234375
0 0.27361111111111114 0.0640625 0.05277777777777778 0.03203125
0 0.5694444444444444 0.05859375 0.07222222222222222 0.03984375
0 0.49027777777777776 0.05078125 0.043055555555555555 0.02265625
0 0.3375 0.0421875 0.08194444444444444 0.03671875
0 0.2986111111111111 0.03984375 0.0375 0.02578125
0 0.9361111111111111 0.03125 0.0625 0.04765625
0 0.4875 0.0296875 0.04722222222222222 0.01953125
0 0.8625 0.028125 0.027777777777777776 0.01875
0 0.18472222222222223 0.02109375 0.0763888888888889 0.0390625
0 0.7388888888888889 0.0078125 0.05 0.0265625
0 0.9555555555555556 0.00234375 0.04027777777777778 0.01875
