0 0.3875 0.7171875 0.044444444444444446 0.0296875
0 0.5513888888888889 0.678125 0.043055555555555555 0.0296875
0 0.18472222222222223 0.603125 0.02638888888888889 0.0203125
0 0.18611111111111112 0.5875 0.025 0.01328125
0 0.1388888888888889 0.5421875 0.019444444444444445 0.01328125
0 0.2611111111111111 0.49296875 0.03333333333333333 0.01484375
0 0.2125 0.47734375 0.016666666666666666 0.0109375
0 0.19166666666666668 0.45 0.05 0.0265625
0 0.12916666666666668 0.446875 0.06111111111111111 0.028125
0 0.8305555555555556 0.434375 0.05694444444444444 0.02890625
0 0.15833333333333333 0.42890625 0.02638888888888889 0.015625
0 0.0 0.396875 0.013888888888888888 0.01875
0 0.2791666666666667 0.38984375 0.03888888888888889 0.0109375
0 0.0 0.36796875 0.041666666666666664 0.02890625
0 0.1875 0.34609375 0.04583333333333333 0.025
0 0.11805555555555555 0.34375 0.04722222222222222 0.01953125
0 0.2222222222222222 0.3140625 0.08611111111111111 0.04296875
0 0.2611111111111111 0.3046875 0.034722222222222224 0.021875
0 0.19027777777777777 0.29765625 0.015277777777777777 0.01484375
0 0.25277777777777777 0.28359375 0.03194444444444444 0.0234375
0 0.16527777777777777 0.275 0.05555555555555555 0.0203125
0 0.005555555555555556 0.25625 0.043055555555555555 0.025
0 0.1875 0.2546875 0.03611111111111111 0.01796875
0 0.2638888888888889 0.190625 0.03888888888888889 0.02578125
0 0.8 0.1875 0.08472222222222223 0.0390625
0 0.0 0.18515625 0.06388888888888888 0.034375
0 0.0375 0.1671875 0.0375 0.01328125
0 0.1638888888888889 0.14140625 0.04861111111111111 0.02578125
0 0.002777777777777778 0.14140625 0.06527777777777778 0.0375
0 0.7972222222222223 0.115625 0.04027777777777778 0.021875
0 0.6888888888888889 0.0875 0.041666666666666664 0.0328125
0 0.6125 0.0546875 0.04583333333333333 0.02578125
0 0.6597222222222222 0.03046875 0.0875 0.04609375
0 0.059722222222222225 0.02890625 0.05 0.0296875
0 0.6166666666666667 0.02578125 0.058333333333333334 0.01953125
