0 0.9472222222222222 0.7828125 0.05277777777777778 0.03828125
0 0.5652777777777778 0.734375 0.05555555555555555 0.02734375
0 0.6305555555555555 0.72421875 0.05694444444444444 0.028125
0 0.7375 0.6890625 0.041666666666666664 0.0140625
0 0.4305555555555556 0.68828125 0.041666666666666664 0.02734375
0 0.6611111111111111 0.64453125 0.044444444444444446 0.0140625
0 0.48055555555555557 0.640625 0.1125 0.07265625
0 0.9013888888888889 0.63046875 0.04027777777777778 0.025
0 0.6777777777777778 0.61640625 0.06388888888888888 0.03046875
0 0.7333333333333333 0.59140625 0.059722222222222225 0.03984375
0 0.6458333333333334 0.5796875 0.027777777777777776 0.01953125
0 0.175 0.5796875 0.04027777777777778 0.02265625
0 0.7458333333333333 0.57265625 0.1875 0.09296875
0 0.1 0.56171875 0.06527777777777778 0.034375
0 0.25 0.553125 0.04861111111111111 0.02265625
0 0.3875 0.54921875 0.06527777777777778 0.03125
0 0.6361111111111111 0.528125 0.05277777777777778 0.0296875
0 0.875 0.525 0.075 0.03359375
0 0.49166666666666664 0.51796875 0.05277777777777778 0.03359375
0 0.14583333333333334 0.51640625 0.03611111111111111 0.01796875
0 0.4041666666666667 0.5140625 0.04027777777777778 0.0203125
0 0.10694444444444444 0.5046875 0.03333333333333333 0.0140625
0 0.9013888888888889 0.4984375 0.016666666666666666 0.01328125
0 0.06666666666666667 0.4796875 0.07083333333333333 0.02265625
0 0.12361111111111112 0.465625 0.02638888888888889 0.009375
0 0.06388888888888888 0.43828125 0.0375 0.01953125
0 0.9041666666666667 0.43046875 0.0375 0.03125
0 0.9680555555555556 0.4296875 0.03194444444444444 0.01796875
0 0.5555555555555556 0.42578125 0.027777777777777776 0.0171875
0 0.8694444444444445 0.41953125 0.043055555555555555 0.0265625
0 0.5208333333333334 0.4109375 0.03888888888888889 0.0234375
0 0.6097222222222223 0.40703125 0.02361111111111111 0.0171875
0 0.1625 0.39765625 0.07361111111111111 0.04453125
0 0.6236111111111111 0.38828125 0.034722222222222224 0.0171875
0 0.6777777777777778 0.37578125 0.0375 0.03125
0 0.08194444444444444 0.36953125 0.03888888888888889 0.01953125
0 0.8555555555555555 0.36484375 0.08333333333333333 0.02421875
0 0.9791666666666666 0.3625 0.020833333333333332 0.02421875
0 0.17777777777777778 0.3609375 0.07777777777777778 0.02578125
0 0.5708333333333333 0.35703125 0.034722222222222224 0.02109375
0 0.0625 0.3390625 0.0375 0.01796875
0 0.6486111111111111 0.32890625 0.034722222222222224 0.01953125
0 0.001388888888888889 0.32734375 0.05 0.0203125
0 0.30972222222222223 0.32421875 0.04722222222222222 0.0234375
0 0.5277777777777778 0.309375 0.027777777777777776 0.01171875
0 0.07083333333333333 0.3078125 0.029166666666666667 0.0171875
0 0.4444444444444444 0.29921875 0.0375 0.0171875
0 0.7305555555555555 0.29453125 0.0375 0.02265625
0 0.027777777777777776 0.29453125 0.03888888888888889 0.0234375
0 0.925 0.28984375 0.03888888888888889 0.0203125
0 0.7097222222222223 0.28359375 0.020833333333333332 0.01171875
0 0.013888888888888888 0.275 0.02361111111111111 0.01953125
0 0.7875 0.2734375 0.03333333333333333 0.0203125
0 0.5305555555555556 0.26953125 0.030555555555555555 0.01875
0 0.8805555555555555 0.25078125 0.041666666666666664 0.021875
0 0.019444444444444445 0.24140625 0.03333333333333333 0.015625
0 0.7972222222222223 0.22578125 0.04027777777777778 0.0234375
0 0.001388888888888889 0.221875 0.025 0.025
0 0.9416666666666667 0.21171875 0.04722222222222222 0.0234375
0 0.9069444444444444 0.1765625 0.03888888888888889 0.0234375
0 0.8791666666666667 0.16953125 0.027777777777777776 0.015625
0 0.8958333333333334 0.13984375 0.06111111111111111 0.028125
0 0.9666666666666667 0.06875 0.025 0.0203125
0 0.8722222222222222 0.028125 0.10833333333333334 0.06875
