0 0.9027777777777778 0.859375 0.08611111111111111 0.04609375
0 0.21666666666666667 0.79140625 0.05416666666666667 0.021875
0 0.09305555555555556 0.78984375 0.022222222222222223 0.01484375
0 0.4527777777777778 0.74453125 0.04583333333333333 0.01953125
0 0.6180555555555556 0.72734375 0.029166666666666667 0.02421875
0 0.14583333333333334 0.72734375 0.041666666666666664 0.02421875
0 0.5402777777777777 0.69140625 0.0625 0.03828125
0 0.8583333333333333 0.678125 0.029166666666666667 0.01484375
0 0.001388888888888889 0.67421875 0.03333333333333333 0.01640625
0 0.08194444444444444 0.6671875 0.04583333333333333 0.01796875
0 0.42083333333333334 0.6625 0.06388888888888888 0.04375
0 0.5777777777777777 0.65390625 0.07083333333333333 0.06171875
0 0.6986111111111111 0.63515625 0.0625 0.0328125
0 0.3736111111111111 0.625 0.029166666666666667 0.02421875
0 0.25416666666666665 0.6203125 0.04583333333333333 0.02890625
0 0.5305555555555556 0.615625 0.05555555555555555 0.03125
0 0.11805555555555555 0.59765625 0.03333333333333333 0.0171875
0 0.7305555555555555 0.58828125 0.125 0.05625
0 0.09861111111111111 0.57265625 0.034722222222222224 0.0203125
0 0.4361111111111111 0.5703125 0.05555555555555555 0.03046875
0 0.38472222222222224 0.56875 0.058333333333333334 0.03046875
0 0.8833333333333333 0.55390625 0.0375 0.01484375
0 0.14583333333333334 0.546875 0.05416666666666667 0.02890625
0 0.1986111111111111 0.5375 0.020833333333333332 0.028125
0 0.006944444444444444 0.5078125 0.058333333333333334 0.03515625
0 0.21944444444444444 0.50703125 0.075 0.04765625
0 0.7888888888888889 0.5 0.03611111111111111 0.02890625
0 0.42083333333333334 0.5 0.027777777777777776 0.01328125
0 0.05555555555555555 0.45390625 0.07361111111111111 0.03125
0 0.6222222222222222 0.4390625 0.0375 0.02265625
0 0.4041666666666667 0.43671875 0.027777777777777776 0.01484375
0 0.6041666666666666 0.37890625 0.03194444444444444 0.0265625
0 0.5388888888888889 0.36875 0.044444444444444446 0.02890625
0 0.9555555555555556 0.34609375 0.044444444444444446 0.02734375
0 0.49722222222222223 0.34609375 0.03611111111111111 0.01640625
0 0.45 0.33828125 0.043055555555555555 0.01953125
0 0.8888888888888888 0.328125 0.058333333333333334 0.0296875
0 0.48333333333333334 0.315625 0.044444444444444446 0.01015625
0 0.0 0.30703125 0.0375 0.01796875
0 0.5958333333333333 0.29296875 0.03611111111111111 0.02890625
0 0.6111111111111112 0.2546875 0.041666666666666664 0.01015625
0 0.6333333333333333 0.246875 0.13472222222222222 0.0453125
0 0.5513888888888889 0.22734375 0.03333333333333333 0.0203125
0 0.575 0.21796875 0.041666666666666664 0.0171875
0 0.675 0.2109375 0.05277777777777778 0.021875
0 0.7388888888888889 0.2015625 0.025 0.0203125
0 0.6180555555555556 0.20078125 0.05555555555555555 0.03359375
0 0.6069444444444444 0.15078125 0.041666666666666664 0.03046875
0 0.6152777777777778 0.06953125 0.10833333333333334 0.08828125
0 0.575 0.0421875 0.04861111111111111 0.0296875
