0 0.7861111111111111 0.64140625 0.041666666666666664 0.02578125
0 0.04583333333333333 0.63125 0.05277777777777778 0.02578125
0 0.2847222222222222 0.56328125 0.025 0.0171875
0 0.7583333333333333 0.54296875 0.04583333333333333 0.0203125
0 0.7944444444444444 0.49453125 0.05 0.0203125
0 0.18888888888888888 0.48828125 0.027777777777777776 0.02109375
0 0.33611111111111114 0.48046875 0.04583333333333333 0.0296875
0 0.4847222222222222 0.43984375 0.05277777777777778 0.0234375
0 0.6805555555555556 0.4375 0.044444444444444446 0.0203125
0 0.5541666666666667 0.42890625 0.044444444444444446 0.02421875
0 0.08888888888888889 0.4171875 0.03611111111111111 0.01796875
0 0.9361111111111111 0.4046875 0.030555555555555555 0.015625
0 0.015277777777777777 0.390625 0.03611111111111111 0.02109375
0 0.7652777777777777 0.3859375 0.030555555555555555 0.02109375
0 0.425 0.3796875 0.03888888888888889 0.015625
0 0.29583333333333334 0.37890625 0.04722222222222222 0.015625
0 0.8777777777777778 0.36953125 0.075 0.03515625
0 0.7791666666666667 0.32890625 0.0375 0.01875
0 0.41805555555555557 0.3265625 0.029166666666666667 0.02421875
0 0.4861111111111111 0.31796875 0.06388888888888888 0.02578125
0 0.3055555555555556 0.2984375 0.027777777777777776 0.01796875
0 0.9222222222222223 0.2921875 0.034722222222222224 0.02265625
0 0.9805555555555555 0.27109375 0.019444444444444445 0.01171875
0 0.24861111111111112 0.2625 0.03888888888888889 0.01796875
0 0.8097222222222222 0.2484375 0.03888888888888889 0.0265625
0 0.17916666666666667 0.24375 0.04861111111111111 0.028125
0 0.9416666666666667 0.23359375 0.015277777777777777 0.0171875
0 0.32083333333333336 0.22734375 0.034722222222222224 0.02109375
0 0.8583333333333333 0.22265625 0.043055555555555555 0.04375
0 0.8111111111111111 0.21171875 0.041666666666666664 0.02890625
0 0.36944444444444446 0.19140625 0.043055555555555555 0.02265625
0 0.2708333333333333 0.17109375 0.06527777777777778 0.0203125
0 0.3013888888888889 0.1328125 0.06527777777777778 0.0265625
0 0.9027777777777778 0.0890625 0.06111111111111111 0.05
