0 0.49583333333333335 0.7296875 0.043055555555555555 0.01640625
0 0.9375 0.671875 0.019444444444444445 0.0203125
0 0.6375 0.6703125 0.0125 0.0171875
0 0.7805555555555556 0.65625 0.03611111111111111 0.01953125
0 0.9319444444444445 0.65390625 0.027777777777777776 0.0140625
0 0.8777777777777778 0.65 0.04861111111111111 0.02890625
0 0.275 0.64765625 0.041666666666666664 0.0234375
0 0.8569444444444444 0.628125 0.041666666666666664 0.01171875
0 0.24305555555555555 0.6078125 0.06805555555555555 0.028125
0 0.2916666666666667 0.59296875 0.0375 0.01875
0 0.8930555555555556 0.55390625 0.03194444444444444 0.0125
0 0.2638888888888889 0.534375 0.075 0.0265625
0 0.0625 0.525 0.06666666666666667 0.0296875
0 0.10833333333333334 0.49140625 0.025 0.0171875
0 0.31527777777777777 0.45234375 0.04722222222222222 0.02109375
0 0.4930555555555556 0.4453125 0.03194444444444444 0.01875
0 0.175 0.44453125 0.019444444444444445 0.01171875
0 0.22777777777777777 0.4390625 0.030555555555555555 0.021875
0 0.5416666666666666 0.42734375 0.030555555555555555 0.01796875
0 0.30416666666666664 0.4203125 0.04861111111111111 0.02578125
0 0.6986111111111111 0.41796875 0.041666666666666664 0.028125
0 0.6347222222222222 0.40625 0.02361111111111111 0.01328125
0 0.6097222222222223 0.3890625 0.022222222222222223 0.02265625
0 0.6513888888888889 0.3859375 0.030555555555555555 0.02109375
0 0.28055555555555556 0.34609375 0.075 0.025
0 0.4888888888888889 0.18671875 0.05416666666666667 0.028125
