0 0.675 0.7296875 0.0125 0.01875
0 0.85 0.6953125 0.04861111111111111 0.02265625
0 0.1875 0.6625 0.03333333333333333 0.01640625
0 0.225 0.66171875 0.03611111111111111 0.01484375
0 0.6263888888888889 0.64375 0.016666666666666666 0.01796875
0 0.0763888888888889 0.64375 0.05416666666666667 0.03046875
0 0.03888888888888889 0.62734375 0.05277777777777778 0.0203125
0 0.20277777777777778 0.58515625 0.04861111111111111 0.02109375
0 0.4583333333333333 0.5359375 0.027777777777777776 0.0203125
0 0.1638888888888889 0.49609375 0.04027777777777778 0.0234375
0 0.5513888888888889 0.48984375 0.034722222222222224 0.01875
0 0.11944444444444445 0.4890625 0.043055555555555555 0.025
0 0.45555555555555555 0.47734375 0.029166666666666667 0.0125
0 0.5041666666666667 0.44765625 0.05138888888888889 0.02890625
0 0.4444444444444444 0.425 0.05416666666666667 0.04921875
0 0.21944444444444444 0.421875 0.0625 0.0296875
0 0.5222222222222223 0.40546875 0.05416666666666667 0.01796875
0 0.48194444444444445 0.3890625 0.041666666666666664 0.02109375
0 0.26805555555555555 0.3875 0.04861111111111111 0.02421875
0 0.3013888888888889 0.3625 0.04861111111111111 0.025
0 0.5055555555555555 0.34140625 0.05 0.02890625
0 0.4305555555555556 0.33984375 0.044444444444444446 0.01875
0 0.1125 0.32890625 0.03888888888888889 0.0203125
0 0.5069444444444444 0.303125 0.034722222222222224 0.025
0 0.5555555555555556 0.2984375 0.041666666666666664 0.0453125
0 0.26805555555555555 0.2609375 0.034722222222222224 0.021875
0 0.46805555555555556 0.25 0.07777777777777778 0.0453125
0 0.31527777777777777 0.23515625 0.0763888888888889 0.03828125
0 0.3527777777777778 0.21953125 0.04027777777777778 0.01328125
0 0.5763888888888888 0.1875 0.041666666666666664 0.0265625
0 0.30833333333333335 0.18203125 0.06388888888888888 0.0296875
0 0.35138888888888886 0.16171875 0.04583333333333333 0.02421875
0 0.49027777777777776 0.1375 0.034722222222222224 0.0265625
0 0.30972222222222223 0.13671875 0.08472222222222223 0.040625
0 0.9625 0.05078125 0.0375 0.028125
0 0.9722222222222222 0.0234375 0.027777777777777776 0.01796875
0 0.38055555555555554 0.0234375 0.05416666666666667 0.03046875
