0 0.5027777777777778 0.7296875 0.04583333333333333 0.01484375
0 0.9402777777777778 0.6703125 0.020833333333333332 0.0234375
0 0.6444444444444445 0.66953125 0.0125 0.0171875
0 0.7972222222222223 0.6578125 0.03333333333333333 0.01953125
0 0.8833333333333333 0.65546875 0.04583333333333333 0.02265625
0 0.9361111111111111 0.65390625 0.027777777777777776 0.0140625
0 0.2777777777777778 0.6421875 0.05138888888888889 0.028125
0 0.8583333333333333 0.6265625 0.043055555555555555 0.01796875
0 0.24722222222222223 0.59453125 0.09027777777777778 0.0375
0 0.9069444444444444 0.55703125 0.029166666666666667 0.01015625
0 0.3013888888888889 0.5421875 0.04583333333333333 0.01640625
0 0.26666666666666666 0.53125 0.03194444444444444 0.0265625
0 0.06527777777777778 0.52890625 0.06111111111111111 0.0234375
0 0.10833333333333334 0.51875 0.025 0.015625
0 0.12083333333333333 0.49140625 0.022222222222222223 0.0234375
0 0.3236111111111111 0.4515625 0.04722222222222222 0.0203125
0 0.4986111111111111 0.44296875 0.041666666666666664 0.02421875
0 0.1736111111111111 0.4390625 0.02361111111111111 0.01640625
0 0.23472222222222222 0.43515625 0.029166666666666667 0.021875
0 0.5458333333333333 0.42734375 0.041666666666666664 0.0140625
0 0.30972222222222223 0.41796875 0.05 0.025
0 0.7055555555555556 0.41484375 0.04027777777777778 0.028125
0 0.6416666666666667 0.403125 0.025 0.015625
0 0.6138888888888889 0.38828125 0.025 0.0234375
0 0.6541666666666667 0.38359375 0.03611111111111111 0.0203125
0 0.2916666666666667 0.34609375 0.06805555555555555 0.02421875
0 0.5041666666666667 0.1875 0.04861111111111111 0.02734375
