0 0.5333333333333333 0.71875 0.08333333333333333 0.05
0 0.24305555555555555 0.696875 0.04583333333333333 0.028125
0 0.7819444444444444 0.684375 0.03888888888888889 0.01875
0 0.9069444444444444 0.659375 0.03611111111111111 0.02109375
0 0.75 0.6546875 0.04027777777777778 0.0171875
0 0.19305555555555556 0.65390625 0.05416666666666667 0.03359375
0 0.001388888888888889 0.65234375 0.08472222222222223 0.0703125
0 0.9277777777777778 0.59375 0.02638888888888889 0.02734375
0 0.7319444444444444 0.58515625 0.06666666666666667 0.03359375
0 0.3472222222222222 0.58359375 0.04722222222222222 0.02578125
0 0.6430555555555556 0.57890625 0.04722222222222222 0.025
0 0.5472222222222223 0.57421875 0.075 0.0390625
0 0.475 0.55625 0.05555555555555555 0.034375
0 0.42916666666666664 0.55546875 0.029166666666666667 0.015625
0 0.43472222222222223 0.528125 0.06805555555555555 0.02421875
0 0.4638888888888889 0.4625 0.08472222222222223 0.0421875
0 0.6166666666666667 0.43046875 0.034722222222222224 0.0265625
0 0.6486111111111111 0.40703125 0.0625 0.03125
0 0.8222222222222222 0.396875 0.04861111111111111 0.0375
0 0.8236111111111111 0.36171875 0.07916666666666666 0.03125
0 0.3972222222222222 0.3609375 0.04583333333333333 0.02734375
0 0.0375 0.3484375 0.05694444444444444 0.02890625
0 0.7777777777777778 0.33359375 0.05277777777777778 0.02265625
0 0.30416666666666664 0.315625 0.09305555555555556 0.0578125
0 0.12083333333333333 0.30625 0.044444444444444446 0.0203125
0 0.019444444444444445 0.2953125 0.05694444444444444 0.028125
0 0.6111111111111112 0.28828125 0.03333333333333333 0.01640625
0 0.38055555555555554 0.28125 0.041666666666666664 0.03125
0 0.44166666666666665 0.2765625 0.06527777777777778 0.0296875
0 0.12222222222222222 0.2734375 0.04027777777777778 0.021875
0 0.9180555555555555 0.25859375 0.06805555555555555 0.0421875
0 0.5027777777777778 0.2390625 0.05694444444444444 0.0296875
0 0.48055555555555557 0.23046875 0.022222222222222223 0.01328125
0 0.8125 0.22734375 0.0375 0.0203125
0 0.34444444444444444 0.22265625 0.027777777777777776 0.0125
0 0.1486111111111111 0.221875 0.04027777777777778 0.021875
0 0.38333333333333336 0.2171875 0.05277777777777778 0.03203125
0 0.5208333333333334 0.2140625 0.058333333333333334 0.02421875
0 0.7208333333333333 0.2078125 0.05277777777777778 0.0140625
0 0.5958333333333333 0.2046875 0.03888888888888889 0.02421875
0 0.9069444444444444 0.19453125 0.05694444444444444 0.0375
0 0.2013888888888889 0.1875 0.043055555555555555 0.025
0 0.30416666666666664 0.18359375 0.06388888888888888 0.040625
0 0.001388888888888889 0.17578125 0.07777777777777778 0.04453125
0 0.175 0.175 0.03194444444444444 0.0234375
0 0.5444444444444444 0.17421875 0.020833333333333332 0.0203125
0 0.3527777777777778 0.17421875 0.04027777777777778 0.01484375
0 0.9805555555555555 0.17265625 0.019444444444444445 0.01796875
0 0.6333333333333333 0.16484375 0.07222222222222222 0.03515625
0 0.4847222222222222 0.15546875 0.043055555555555555 0.02109375
0 0.001388888888888889 0.13984375 0.04027777777777778 0.0359375
0 0.4930555555555556 0.12421875 0.044444444444444446 0.025
0 0.17916666666666667 0.121875 0.041666666666666664 0.0265625
0 0.8402777777777778 0.11953125 0.04027777777777778 0.028125
0 0.38472222222222224 0.11796875 0.03888888888888889 0.0234375
0 0.5652777777777778 0.11015625 0.030555555555555555 0.0171875
0 0.019444444444444445 0.096875 0.06944444444444445 0.04375
0 0.5347222222222222 0.0875 0.06944444444444445 0.028125
0 0.3 0.0875 0.08888888888888889 0.059375
0 0.6111111111111112 0.0828125 0.08055555555555556 0.05078125
0 0.8236111111111111 0.075 0.044444444444444446 0.0375
0 0.35555555555555557 0.071875 0.027777777777777776 0.0203125
0 0.47638888888888886 0.0640625 0.0375 0.021875
0 0.1763888888888889 0.0578125 0.08333333333333333 0.05390625
0 0.6638888888888889 0.05625 0.044444444444444446 0.02578125
0 0.43333333333333335 0.05234375 0.04583333333333333 0.02421875
0 0.7819444444444444 0.04609375 0.02361111111111111 0.021875
0 0.6944444444444444 0.04609375 0.09305555555555556 0.0734375
0 0.26666666666666666 0.0359375 0.08611111111111111 0.0453125
0 0.7138888888888889 0.015625 0.041666666666666664 0.02734375
