0 0.7284722222222222 0.7890625 0.02638888888888889 0.025
0 0.9055555555555556 0.752734375 0.041666666666666664 0.02421875
0 0.27152777777777776 0.716796875 0.034722222222222224 0.01796875
0 0.2326388888888889 0.717578125 0.034722222222222224 0.01953125
0 0.1701388888888889 0.709765625 0.04583333333333333 0.02890625
0 0.12708333333333333 0.691015625 0.04583333333333333 0.02109375
0 0.2798611111111111 0.646875 0.04583333333333333 0.0234375
0 0.6972222222222222 0.602734375 0.03611111111111111 0.01328125
0 0.5173611111111112 0.58828125 0.018055555555555554 0.01875
0 0.23472222222222222 0.55703125 0.03888888888888889 0.01875
0 0.6097222222222223 0.54765625 0.025 0.015625
0 0.19375 0.5515625 0.04027777777777778 0.025
0 0.5104166666666666 0.536328125 0.03194444444444444 0.02421875
0 0.5763888888888888 0.518359375 0.03611111111111111 0.03359375
0 0.5166666666666667 0.5078125 0.05 0.028125
0 0.3 0.48046875 0.06388888888888888 0.01875
0 0.5673611111111111 0.45703125 0.02361111111111111 0.01875
0 0.3402777777777778 0.45 0.03611111111111111 0.021875
0 0.32222222222222224 0.426171875 0.030555555555555555 0.01015625
0 0.37083333333333335 0.428515625 0.05277777777777778 0.03046875
0 0.5743055555555555 0.407421875 0.04861111111111111 0.02890625
0 0.4909722222222222 0.401171875 0.043055555555555555 0.02109375
0 0.18819444444444444 0.394140625 0.03194444444444444 0.01953125
0 0.6138888888888889 0.383984375 0.027777777777777776 0.02265625
0 0.5548611111111111 0.371484375 0.029166666666666667 0.01484375
0 0.6055555555555555 0.3609375 0.03888888888888889 0.0203125
0 0.5451388888888888 0.33671875 0.0625 0.021875
0 0.325 0.32578125 0.027777777777777776 0.0171875
0 0.3784722222222222 0.317578125 0.034722222222222224 0.02265625
0 0.55 0.31484375 0.030555555555555555 0.01875
0 0.29305555555555557 0.302734375 0.030555555555555555 0.01328125
0 0.4152777777777778 0.30625 0.05 0.03125
0 0.3972222222222222 0.282421875 0.06388888888888888 0.01640625
0 0.6277777777777778 0.257421875 0.03888888888888889 0.02734375
0 0.3784722222222222 0.253515625 0.05694444444444444 0.03203125
0 0.4152777777777778 0.2328125 0.041666666666666664 0.021875
0 0.37083333333333335 0.225390625 0.041666666666666664 0.01640625
0 0.5326388888888889 0.21484375 0.04027777777777778 0.0125
0 0.4097222222222222 0.208984375 0.05 0.02421875
0 0.9881944444444445 0.130859375 0.02361111111111111 0.02578125
0 0.44305555555555554 0.103125 0.044444444444444446 0.028125
0 0.40347222222222223 0.040234375 0.04583333333333333 0.02578125
