0 0.8916666666666667 0.64765625 0.0125 0.015625
0 0.8944444444444445 0.6328125 0.030555555555555555 0.01484375
0 0.04583333333333333 0.628125 0.029166666666666667 0.0140625
0 0.2875 0.57265625 0.029166666666666667 0.01484375
0 0.0 0.56484375 0.027777777777777776 0.02265625
0 0.5361111111111111 0.55703125 0.027777777777777776 0.0171875
0 0.6569444444444444 0.54453125 0.034722222222222224 0.02265625
0 0.9138888888888889 0.53984375 0.058333333333333334 0.03046875
0 0.26805555555555555 0.53515625 0.029166666666666667 0.01875
0 0.4583333333333333 0.525 0.06527777777777778 0.02890625
0 0.40694444444444444 0.52421875 0.04583333333333333 0.0234375
0 0.17222222222222222 0.521875 0.027777777777777776 0.01796875
0 0.8666666666666667 0.52109375 0.029166666666666667 0.01796875
0 0.7888888888888889 0.51796875 0.05277777777777778 0.02421875
0 0.1986111111111111 0.51796875 0.027777777777777776 0.0171875
0 0.001388888888888889 0.5171875 0.030555555555555555 0.021875
0 0.08472222222222223 0.51640625 0.03194444444444444 0.01875
0 0.225 0.5140625 0.02361111111111111 0.0140625
0 0.6319444444444444 0.5125 0.0375 0.01953125
0 0.2638888888888889 0.509375 0.020833333333333332 0.01484375
0 0.28194444444444444 0.50859375 0.02638888888888889 0.01484375
0 0.3625 0.5015625 0.05555555555555555 0.03125
0 0.0375 0.48671875 0.02361111111111111 0.01328125
0 0.9402777777777778 0.4859375 0.019444444444444445 0.01875
0 0.5805555555555556 0.47421875 0.041666666666666664 0.02734375
0 0.08055555555555556 0.471875 0.025 0.0125
0 0.6194444444444445 0.46875 0.04583333333333333 0.02265625
0 0.034722222222222224 0.45390625 0.03611111111111111 0.01796875
0 0.7944444444444444 0.45234375 0.05138888888888889 0.03359375
0 0.6763888888888889 0.45078125 0.05 0.0296875
0 0.525 0.44453125 0.03888888888888889 0.02421875
0 0.37083333333333335 0.44140625 0.02638888888888889 0.021875
0 0.8666666666666667 0.43203125 0.06388888888888888 0.0359375
0 0.4361111111111111 0.43046875 0.04861111111111111 0.0265625
0 0.7958333333333333 0.42421875 0.029166666666666667 0.025
0 0.07777777777777778 0.421875 0.02638888888888889 0.0125
0 0.5722222222222222 0.4109375 0.05 0.01875
0 0.7208333333333333 0.40859375 0.03888888888888889 0.0109375
0 0.36944444444444446 0.40625 0.06111111111111111 0.03125
0 0.2222222222222222 0.4046875 0.03333333333333333 0.01953125
0 0.8166666666666667 0.39921875 0.06111111111111111 0.03125
0 0.016666666666666666 0.39921875 0.027777777777777776 0.01171875
0 0.5416666666666666 0.3828125 0.03611111111111111 0.01953125
0 0.6166666666666667 0.3734375 0.0375 0.01640625
0 0.46111111111111114 0.35703125 0.025 0.0171875
0 0.3527777777777778 0.353125 0.025 0.01640625
0 0.125 0.34921875 0.075 0.034375
0 0.5208333333333334 0.34375 0.0375 0.0203125
0 0.4666666666666667 0.3421875 0.019444444444444445 0.0125
0 0.4388888888888889 0.32421875 0.025 0.01015625
0 0.25416666666666665 0.32109375 0.04027777777777778 0.02265625
0 0.8597222222222223 0.31171875 0.04027777777777778 0.01953125
0 0.001388888888888889 0.3078125 0.019444444444444445 0.02109375
0 0.34444444444444444 0.2984375 0.04027777777777778 0.0203125
0 0.7833333333333333 0.28203125 0.03611111111111111 0.03828125
0 0.9694444444444444 0.27578125 0.030555555555555555 0.02109375
0 0.044444444444444446 0.2734375 0.05694444444444444 0.05703125
0 0.6527777777777778 0.27109375 0.05694444444444444 0.01875
0 0.5972222222222222 0.26640625 0.041666666666666664 0.02109375
0 0.8736111111111111 0.2625 0.03333333333333333 0.025
0 0.7152777777777778 0.253125 0.05 0.034375
0 0.6291666666666667 0.2515625 0.044444444444444446 0.02109375
0 0.9083333333333333 0.24921875 0.06111111111111111 0.04609375
0 0.23194444444444445 0.24765625 0.029166666666666667 0.01484375
0 0.004166666666666667 0.24609375 0.05138888888888889 0.034375
0 0.9763888888888889 0.23046875 0.02361111111111111 0.04140625
0 0.0125 0.22109375 0.030555555555555555 0.01953125
0 0.9263888888888889 0.2203125 0.05138888888888889 0.028125
0 0.8166666666666667 0.2140625 0.10694444444444444 0.03671875
0 0.0 0.21171875 0.013888888888888888 0.021875
0 0.9305555555555556 0.171875 0.04583333333333333 0.028125
0 0.7055555555555556 0.1625 0.03194444444444444 0.01875
0 0.8152777777777778 0.15390625 0.02361111111111111 0.01484375
0 0.8847222222222222 0.14609375 0.05277777777777778 0.03828125
0 0.7388888888888889 0.134375 0.0375 0.0234375
0 0.9361111111111111 0.13359375 0.0625 0.0359375
0 0.6430555555555556 0.12109375 0.029166666666666667 0.01640625
0 0.8194444444444444 0.1171875 0.059722222222222225 0.01796875
0 0.7361111111111112 0.11640625 0.020833333333333332 0.01875
0 0.7041666666666667 0.11484375 0.03194444444444444 0.01484375
0 0.7847222222222222 0.11171875 0.03333333333333333 0.02109375
0 0.6041666666666666 0.10859375 0.041666666666666664 0.0203125
0 0.5708333333333333 0.10546875 0.03194444444444444 0.021875
0 0.9736111111111111 0.09296875 0.02638888888888889 0.015625
0 0.6430555555555556 0.08828125 0.025 0.01171875
0 0.6652777777777777 0.0875 0.06805555555555555 0.028125
0 0.7319444444444444 0.06640625 0.02638888888888889 0.0171875
0 0.875 0.02421875 0.034722222222222224 0.01484375
0 0.9458333333333333 0.021875 0.027777777777777776 0.01953125
0 0.8916666666666667 0.003125 0.022222222222222223 0.0140625
