0 0.42986111111111114 0.948046875 0.043055555555555555 0.03984375
0 0.43125 0.8671875 0.059722222222222225 0.0328125
0 0.6472222222222223 0.850390625 0.06111111111111111 0.02734375
0 0.8847222222222222 0.80546875 0.03888888888888889 0.0171875
0 0.2826388888888889 0.762109375 0.05416666666666667 0.03671875
0 0.43333333333333335 0.7484375 0.03611111111111111 0.025
0 0.09861111111111111 0.74296875 0.05277777777777778 0.021875
0 0.6159722222222223 0.683203125 0.05416666666666667 0.03515625
0 0.29375 0.66171875 0.04027777777777778 0.0140625
0 0.4152777777777778 0.66015625 0.022222222222222223 0.0140625
0 0.32916666666666666 0.655859375 0.025 0.01484375
0 0.5541666666666667 0.60546875 0.030555555555555555 0.03125
0 0.9722222222222222 0.59296875 0.05555555555555555 0.028125
0 0.5854166666666667 0.57890625 0.07916666666666666 0.0390625
0 0.4638888888888889 0.55703125 0.027777777777777776 0.01875
0 0.3576388888888889 0.509765625 0.034722222222222224 0.01796875
0 0.5881944444444445 0.50703125 0.24583333333333332 0.078125
0 0.33819444444444446 0.460546875 0.0375 0.02109375
0 0.6020833333333333 0.4109375 0.04861111111111111 0.0265625
0 0.7270833333333333 0.403125 0.07916666666666666 0.021875
0 0.5125 0.39140625 0.09722222222222222 0.034375
0 0.6916666666666667 0.33515625 0.05 0.0296875
0 0.4798611111111111 0.31171875 0.029166666666666667 0.0328125
0 0.39166666666666666 0.300390625 0.022222222222222223 0.01796875
0 0.4263888888888889 0.275390625 0.058333333333333334 0.03203125
0 0.5027777777777778 0.2546875 0.06111111111111111 0.028125
0 0.6847222222222222 0.226953125 0.019444444444444445 0.01328125
0 0.5479166666666667 0.233203125 0.05138888888888889 0.03203125
0 0.6513888888888889 0.195703125 0.03333333333333333 0.01484375
0 0.5875 0.1890625 0.03888888888888889 0.0640625
0 0.5319444444444444 0.053515625 0.125 0.05546875
0 0.4597222222222222 0.021875 0.05 0.0265625
