0 0.5666666666666667 0.834375 0.04027777777777778 0.03359375
0 0.6180555555555556 0.83046875 0.043055555555555555 0.03125
0 0.9277777777777778 0.7859375 0.06388888888888888 0.0234375
0 0.4097222222222222 0.75859375 0.03194444444444444 0.021875
0 0.5069444444444444 0.7578125 0.03888888888888889 0.03046875
0 0.475 0.7109375 0.04861111111111111 0.028125
0 0.5708333333333333 0.69765625 0.05 0.0296875
0 0.4625 0.61796875 0.10972222222222222 0.04453125
0 0.23194444444444445 0.60859375 0.027777777777777776 0.01796875
0 0.28194444444444444 0.59921875 0.03611111111111111 0.01875
0 0.22083333333333333 0.565625 0.034722222222222224 0.021875
0 0.31805555555555554 0.55859375 0.06944444444444445 0.046875
0 0.5027777777777778 0.5578125 0.03333333333333333 0.0203125
0 0.38472222222222224 0.55078125 0.030555555555555555 0.0296875
0 0.5222222222222223 0.5328125 0.034722222222222224 0.02421875
0 0.5708333333333333 0.51953125 0.030555555555555555 0.01640625
0 0.30277777777777776 0.49453125 0.05 0.028125
0 0.25555555555555554 0.48828125 0.04583333333333333 0.02734375
0 0.49444444444444446 0.4734375 0.06388888888888888 0.04453125
0 0.3541666666666667 0.43515625 0.044444444444444446 0.02421875
0 0.6805555555555556 0.428125 0.034722222222222224 0.0265625
0 0.5944444444444444 0.4125 0.06527777777777778 0.04765625
0 0.18888888888888888 0.36796875 0.03888888888888889 0.01875
0 0.4486111111111111 0.346875 0.06805555555555555 0.04140625
0 0.5027777777777778 0.32890625 0.030555555555555555 0.01640625
0 0.4708333333333333 0.321875 0.030555555555555555 0.01875
0 0.6430555555555556 0.30703125 0.058333333333333334 0.03828125
0 0.5069444444444444 0.30703125 0.041666666666666664 0.0203125
0 0.5847222222222223 0.27734375 0.0375 0.02734375
0 0.3194444444444444 0.2703125 0.05555555555555555 0.03203125
0 0.48333333333333334 0.240625 0.0375 0.02734375
0 0.3819444444444444 0.23359375 0.025 0.01796875
0 0.5041666666666667 0.21640625 0.043055555555555555 0.021875
0 0.3597222222222222 0.171875 0.05416666666666667 0.03125
0 0.4236111111111111 0.16640625 0.1 0.06640625
0 0.42083333333333334 0.15859375 0.03194444444444444 0.025
0 0.38055555555555554 0.1015625 0.11805555555555555 0.0546875
0 0.41944444444444445 0.08359375 0.044444444444444446 0.02421875
0 0.46111111111111114 0.06015625 0.06388888888888888 0.0375
0 0.45555555555555555 0.0453125 0.03333333333333333 0.0265625
