0 0.5680555555555555 0.7609375 0.029166666666666667 0.02578125
0 0.5527777777777778 0.69453125 0.03194444444444444 0.025
0 0.4125 0.6234375 0.03888888888888889 0.03125
0 0.35555555555555557 0.6125 0.020833333333333332 0.0109375
0 0.3611111111111111 0.6015625 0.019444444444444445 0.0078125
0 0.28194444444444444 0.584375 0.019444444444444445 0.01640625
0 0.3527777777777778 0.578125 0.041666666666666664 0.01328125
0 0.7069444444444445 0.57734375 0.044444444444444446 0.0234375
0 0.19583333333333333 0.5703125 0.030555555555555555 0.0203125
0 0.5597222222222222 0.56328125 0.03611111111111111 0.0171875
0 0.7597222222222222 0.54453125 0.034722222222222224 0.015625
0 0.7958333333333333 0.54140625 0.03611111111111111 0.01875
0 0.9319444444444445 0.53203125 0.019444444444444445 0.0171875
0 0.6861111111111111 0.515625 0.030555555555555555 0.01484375
0 0.8541666666666666 0.51484375 0.06666666666666667 0.03984375
0 0.6527777777777778 0.471875 0.05138888888888889 0.0265625
0 0.5236111111111111 0.4625 0.05277777777777778 0.0390625
0 0.10694444444444444 0.4578125 0.03194444444444444 0.01328125
0 0.9722222222222222 0.4421875 0.027777777777777776 0.01640625
0 0.9013888888888889 0.4359375 0.019444444444444445 0.01015625
0 0.5041666666666667 0.428125 0.04861111111111111 0.021875
0 0.5527777777777778 0.41796875 0.041666666666666664 0.0203125
0 0.02638888888888889 0.41328125 0.034722222222222224 0.0078125
0 0.030555555555555555 0.37578125 0.07916666666666666 0.0265625
0 0.3736111111111111 0.37265625 0.03194444444444444 0.01484375
0 0.5694444444444444 0.3640625 0.04027777777777778 0.028125
0 0.7291666666666666 0.34375 0.05 0.025
0 0.7027777777777777 0.3265625 0.025 0.0125
0 0.48055555555555557 0.3265625 0.04722222222222222 0.02890625
0 0.5763888888888888 0.3203125 0.05416666666666667 0.0203125
0 0.07222222222222222 0.315625 0.058333333333333334 0.0609375
0 0.2 0.309375 0.027777777777777776 0.01953125
0 0.5402777777777777 0.29765625 0.034722222222222224 0.0234375
0 0.43194444444444446 0.29375 0.03194444444444444 0.01484375
0 0.6680555555555555 0.28984375 0.034722222222222224 0.01328125
0 0.14722222222222223 0.284375 0.05 0.021875
0 0.38333333333333336 0.2765625 0.0375 0.02109375
0 0.14166666666666666 0.271875 0.02638888888888889 0.0171875
0 0.15416666666666667 0.2203125 0.0625 0.02890625
0 0.49722222222222223 0.215625 0.04027777777777778 0.02421875
0 0.1125 0.19921875 0.03333333333333333 0.03046875
0 0.2361111111111111 0.1953125 0.03194444444444444 0.025
0 0.4041666666666667 0.1859375 0.04027777777777778 0.025
0 0.30972222222222223 0.18203125 0.03611111111111111 0.02265625
0 0.1361111111111111 0.1203125 0.0375 0.02578125
0 0.23194444444444445 0.10390625 0.025 0.02578125
0 0.3819444444444444 0.09296875 0.05 0.02421875
0 0.26666666666666666 0.08125 0.05 0.03359375
0 0.3541666666666667 0.0796875 0.019444444444444445 0.01171875
0 0.1763888888888889 0.07265625 0.03611111111111111 0.025
0 0.22916666666666666 0.0453125 0.027777777777777776 0.01484375
0 0.9638888888888889 0.0109375 0.03611111111111111 0.05390625
0 0.8597222222222223 0.00078125 0.06805555555555555 0.03671875
0 0.16944444444444445 0.00078125 0.027777777777777776 0.01328125
