0 0.8402777777777778 0.728125 0.030555555555555555 0.0171875
0 0.9680555555555556 0.6796875 0.03194444444444444 0.025
0 0.28888888888888886 0.65546875 0.0625 0.0296875
0 0.25277777777777777 0.62421875 0.059722222222222225 0.03359375
0 0.3902777777777778 0.59140625 0.04583333333333333 0.0234375
0 0.6555555555555556 0.58359375 0.020833333333333332 0.0125
0 0.7861111111111111 0.54375 0.030555555555555555 0.01171875
0 0.5819444444444445 0.53125 0.03888888888888889 0.01875
0 0.3138888888888889 0.49921875 0.044444444444444446 0.02265625
0 0.2722222222222222 0.4921875 0.041666666666666664 0.0265625
0 0.5583333333333333 0.490625 0.027777777777777776 0.02109375
0 0.6236111111111111 0.44140625 0.09861111111111111 0.03203125
0 0.38333333333333336 0.42109375 0.029166666666666667 0.02109375
0 0.5416666666666666 0.40859375 0.04583333333333333 0.0234375
0 0.4111111111111111 0.38671875 0.041666666666666664 0.02578125
0 0.6458333333333334 0.38515625 0.07083333333333333 0.0234375
0 0.39861111111111114 0.365625 0.027777777777777776 0.01484375
0 0.4513888888888889 0.35859375 0.05138888888888889 0.02890625
0 0.5680555555555555 0.33515625 0.058333333333333334 0.02890625
0 0.6472222222222223 0.3296875 0.09166666666666666 0.0359375
0 0.24166666666666667 0.3265625 0.041666666666666664 0.02109375
0 0.575 0.31328125 0.020833333333333332 0.0109375
0 0.37777777777777777 0.2546875 0.04027777777777778 0.02109375
0 0.3527777777777778 0.2328125 0.03194444444444444 0.0109375
0 0.4513888888888889 0.228125 0.0763888888888889 0.03828125
0 0.4527777777777778 0.2109375 0.05555555555555555 0.0140625
0 0.7027777777777777 0.18515625 0.034722222222222224 0.02578125
0 0.4263888888888889 0.15 0.10833333333333334 0.0546875
0 0.625 0.13359375 0.03194444444444444 0.02265625
0 0.48333333333333334 0.12734375 0.04861111111111111 0.02734375
0 0.5930555555555556 0.103125 0.034722222222222224 0.0171875
0 0.5194444444444445 0.0125 0.04722222222222222 0.03046875
