0 0.9430555555555555 0.69921875 0.027777777777777776 0.01328125
0 0.6611111111111111 0.6625 0.07083333333333333 0.04140625
0 0.9638888888888889 0.65703125 0.027777777777777776 0.01875
0 0.09583333333333334 0.646875 0.025 0.0171875
0 0.24027777777777778 0.63984375 0.09861111111111111 0.03046875
0 0.0 0.63671875 0.027777777777777776 0.02890625
0 0.1986111111111111 0.63203125 0.044444444444444446 0.02421875
0 0.225 0.62109375 0.03888888888888889 0.01328125
0 0.31805555555555554 0.6203125 0.043055555555555555 0.02734375
0 0.8819444444444444 0.61328125 0.030555555555555555 0.01875
0 0.005555555555555556 0.60078125 0.07222222222222222 0.02734375
0 0.8041666666666667 0.59765625 0.03888888888888889 0.02421875
0 0.7 0.58984375 0.044444444444444446 0.0296875
0 0.4847222222222222 0.58515625 0.04722222222222222 0.03046875
0 0.7444444444444445 0.58046875 0.02638888888888889 0.0109375
0 0.9305555555555556 0.57265625 0.016666666666666666 0.0109375
0 0.9791666666666666 0.5671875 0.019444444444444445 0.0203125
0 0.4388888888888889 0.5515625 0.041666666666666664 0.021875
0 0.8694444444444445 0.54921875 0.043055555555555555 0.02421875
0 0.9708333333333333 0.540625 0.025 0.01484375
0 0.9291666666666667 0.5171875 0.030555555555555555 0.02109375
0 0.7569444444444444 0.5078125 0.03194444444444444 0.01875
0 0.1486111111111111 0.503125 0.029166666666666667 0.009375
0 0.8263888888888888 0.49765625 0.044444444444444446 0.01953125
0 0.4444444444444444 0.49453125 0.019444444444444445 0.0140625
0 0.4027777777777778 0.48828125 0.025 0.01640625
0 0.14027777777777778 0.48515625 0.06666666666666667 0.01953125
0 0.3527777777777778 0.4734375 0.0125 0.01171875
0 0.025 0.46015625 0.027777777777777776 0.0171875
0 0.3638888888888889 0.4578125 0.025 0.01796875
0 0.5541666666666667 0.4421875 0.0125 0.0140625
0 0.4847222222222222 0.440625 0.03194444444444444 0.02578125
0 0.55 0.42421875 0.016666666666666666 0.01640625
0 0.39444444444444443 0.42109375 0.02638888888888889 0.015625
0 0.05555555555555555 0.42109375 0.03611111111111111 0.01953125
0 0.08888888888888889 0.41875 0.018055555555555554 0.015625
0 0.002777777777777778 0.4109375 0.05 0.0328125
0 0.7694444444444445 0.40546875 0.06111111111111111 0.0234375
0 0.8722222222222222 0.3953125 0.041666666666666664 0.021875
0 0.002777777777777778 0.3921875 0.03194444444444444 0.01796875
0 0.043055555555555555 0.38984375 0.027777777777777776 0.0171875
0 0.8027777777777778 0.3859375 0.02638888888888889 0.0171875
0 0.6444444444444445 0.3828125 0.02638888888888889 0.0171875
0 0.7361111111111112 0.38046875 0.018055555555555554 0.02109375
0 0.12638888888888888 0.3734375 0.03194444444444444 0.01796875
0 0.016666666666666666 0.37109375 0.03611111111111111 0.02109375
0 0.8972222222222223 0.36796875 0.09861111111111111 0.0453125
0 0.5847222222222223 0.34453125 0.027777777777777776 0.01640625
0 0.25416666666666665 0.33984375 0.02361111111111111 0.0109375
0 0.7097222222222223 0.33515625 0.12083333333333333 0.03125
0 0.28055555555555556 0.33515625 0.030555555555555555 0.02109375
0 0.6027777777777777 0.33125 0.03611111111111111 0.0171875
0 0.09305555555555556 0.31640625 0.02638888888888889 0.0125
0 0.6708333333333333 0.31484375 0.04861111111111111 0.0234375
0 0.2777777777777778 0.3109375 0.03888888888888889 0.021875
0 0.3486111111111111 0.30859375 0.03333333333333333 0.01875
0 0.6819444444444445 0.2890625 0.03888888888888889 0.01875
0 0.7416666666666667 0.284375 0.016666666666666666 0.0171875
0 0.6291666666666667 0.278125 0.04027777777777778 0.021875
0 0.5541666666666667 0.27578125 0.06111111111111111 0.0359375
0 0.19027777777777777 0.2734375 0.03611111111111111 0.015625
0 0.22777777777777777 0.27109375 0.029166666666666667 0.0171875
0 0.2833333333333333 0.26796875 0.02361111111111111 0.01796875
0 0.7069444444444445 0.2640625 0.020833333333333332 0.01953125
0 0.5861111111111111 0.2453125 0.0375 0.03046875
0 0.35138888888888886 0.2453125 0.0375 0.01953125
0 0.18472222222222223 0.24296875 0.025 0.01484375
0 0.6236111111111111 0.2359375 0.03194444444444444 0.01875
0 0.4125 0.221875 0.043055555555555555 0.021875
0 0.3958333333333333 0.18359375 0.04861111111111111 0.0296875
0 0.23194444444444445 0.1828125 0.029166666666666667 0.0140625
0 0.19444444444444445 0.1796875 0.03611111111111111 0.021875
0 0.1 0.1484375 0.10138888888888889 0.071875
0 0.2569444444444444 0.14375 0.044444444444444446 0.0234375
0 0.32083333333333336 0.140625 0.041666666666666664 0.0171875
0 0.38472222222222224 0.12734375 0.025 0.01953125
0 0.1763888888888889 0.09921875 0.0375 0.0265625
0 0.10555555555555556 0.0921875 0.05277777777777778 0.0421875
0 0.24722222222222223 0.07890625 0.04027777777777778 0.02734375
0 0.29305555555555557 0.078125 0.041666666666666664 0.025
0 0.001388888888888889 0.07734375 0.03194444444444444 0.02890625
0 0.034722222222222224 0.0671875 0.05555555555555555 0.0328125
0 0.13055555555555556 0.0421875 0.07083333333333333 0.03828125
0 0.05138888888888889 0.02421875 0.05555555555555555 0.0375
0 0.1 0.00234375 0.0375 0.0140625
0 0.0375 0.00078125 0.0375 0.02421875
