0 0.675 0.6953125 0.02638888888888889 0.01484375
0 0.8569444444444444 0.6828125 0.030555555555555555 0.02109375
0 0.8875 0.6515625 0.05 0.02578125
0 0.7083333333333334 0.64765625 0.027777777777777776 0.015625
0 0.9486111111111111 0.6265625 0.04027777777777778 0.0203125
0 0.5875 0.625 0.04861111111111111 0.03046875
0 0.5194444444444445 0.621875 0.02638888888888889 0.01171875
0 0.4708333333333333 0.621875 0.027777777777777776 0.01796875
0 0.4013888888888889 0.59921875 0.022222222222222223 0.025
0 0.4847222222222222 0.5984375 0.018055555555555554 0.0140625
0 0.5680555555555555 0.58828125 0.05694444444444444 0.02265625
0 0.49166666666666664 0.571875 0.04722222222222222 0.01640625
0 0.5166666666666667 0.51015625 0.041666666666666664 0.01796875
0 0.5597222222222222 0.48046875 0.03333333333333333 0.02109375
0 0.6055555555555555 0.4734375 0.05 0.02265625
0 0.5513888888888889 0.44453125 0.043055555555555555 0.02578125
