0 0.5736111111111111 0.80703125 0.06111111111111111 0.04375
0 0.9486111111111111 0.7625 0.05138888888888889 0.025
0 0.9486111111111111 0.71484375 0.05138888888888889 0.03671875
0 0.30972222222222223 0.70703125 0.03888888888888889 0.01953125
0 0.7361111111111112 0.68828125 0.044444444444444446 0.021875
0 0.2972222222222222 0.684375 0.03333333333333333 0.01796875
0 0.6791666666666667 0.66796875 0.02361111111111111 0.01875
0 0.6708333333333333 0.63671875 0.07083333333333333 0.0265625
0 0.44166666666666665 0.625 0.044444444444444446 0.02890625
0 0.4527777777777778 0.559375 0.03888888888888889 0.03203125
0 0.6208333333333333 0.534375 0.04861111111111111 0.02734375
0 0.20694444444444443 0.528125 0.04583333333333333 0.02734375
0 0.4152777777777778 0.52578125 0.11388888888888889 0.04296875
0 0.6763888888888889 0.50546875 0.041666666666666664 0.0265625
0 0.5444444444444444 0.50546875 0.02361111111111111 0.02109375
0 0.7041666666666667 0.4875 0.04722222222222222 0.028125
0 0.3527777777777778 0.47265625 0.044444444444444446 0.02109375
0 0.5208333333333334 0.46640625 0.030555555555555555 0.02734375
0 0.44305555555555554 0.453125 0.041666666666666664 0.03984375
0 0.725 0.4265625 0.030555555555555555 0.021875
0 0.675 0.42265625 0.02638888888888889 0.01328125
0 0.4861111111111111 0.40703125 0.04583333333333333 0.0265625
0 0.5194444444444445 0.4 0.025 0.0171875
0 0.4111111111111111 0.38359375 0.05694444444444444 0.0328125
0 0.5722222222222222 0.36484375 0.05277777777777778 0.028125
0 0.43472222222222223 0.303125 0.12916666666666668 0.0625
0 0.6472222222222223 0.3 0.02361111111111111 0.0171875
0 0.5472222222222223 0.296875 0.09166666666666666 0.0328125
0 0.5875 0.2765625 0.030555555555555555 0.015625
0 0.4111111111111111 0.25859375 0.05 0.02578125
0 0.49027777777777776 0.21171875 0.05138888888888889 0.03046875
0 0.5430555555555555 0.203125 0.05 0.0421875
0 0.5986111111111111 0.1015625 0.05 0.0328125
0 0.6694444444444444 0.02265625 0.034722222222222224 0.0296875
0 0.7069444444444445 0.01796875 0.05694444444444444 0.040625
0 0.6527777777777778 0.0015625 0.03611111111111111 0.0171875
