0 0.49583333333333335 0.796875 0.04027777777777778 0.015625
0 0.7625 0.7765625 0.06666666666666667 0.0265625
0 0.14722222222222223 0.77265625 0.05277777777777778 0.03203125
0 0.5625 0.77109375 0.044444444444444446 0.02578125
0 0.08333333333333333 0.72734375 0.06111111111111111 0.03125
0 0.7194444444444444 0.725 0.05138888888888889 0.0421875
0 0.7041666666666667 0.696875 0.03888888888888889 0.02109375
0 0.3736111111111111 0.6890625 0.08333333333333333 0.01640625
0 0.5027777777777778 0.67578125 0.043055555555555555 0.028125
0 0.8222222222222222 0.66640625 0.06111111111111111 0.053125
0 0.3111111111111111 0.62890625 0.02638888888888889 0.02265625
0 0.6513888888888889 0.58828125 0.06111111111111111 0.03515625
0 0.2 0.58125 0.034722222222222224 0.015625
0 0.9125 0.54921875 0.027777777777777776 0.0171875
0 0.8305555555555556 0.54375 0.04583333333333333 0.025
0 0.9513888888888888 0.53125 0.04027777777777778 0.0296875
0 0.17777777777777778 0.50078125 0.034722222222222224 0.0171875
0 0.8083333333333333 0.490625 0.05416666666666667 0.02265625
0 0.8625 0.48828125 0.04583333333333333 0.01953125
0 0.7 0.47421875 0.05138888888888889 0.03203125
0 0.1638888888888889 0.46640625 0.04027777777777778 0.021875
0 0.7597222222222222 0.42734375 0.04722222222222222 0.015625
0 0.6680555555555555 0.42109375 0.04583333333333333 0.0234375
0 0.4027777777777778 0.40859375 0.041666666666666664 0.02421875
0 0.7791666666666667 0.39453125 0.05138888888888889 0.01875
0 0.49722222222222223 0.37421875 0.06944444444444445 0.05546875
0 0.6361111111111111 0.36171875 0.0375 0.01328125
0 0.6 0.31796875 0.04722222222222222 0.0203125
0 0.5319444444444444 0.28046875 0.05694444444444444 0.0234375
0 0.6625 0.2734375 0.05694444444444444 0.04140625
0 0.06944444444444445 0.2625 0.06805555555555555 0.04140625
0 0.5597222222222222 0.23125 0.05277777777777778 0.02890625
0 0.49027777777777776 0.23046875 0.05277777777777778 0.028125
0 0.7111111111111111 0.15859375 0.08611111111111111 0.04453125
0 0.5222222222222223 0.15625 0.07222222222222222 0.0375
