0 0.8875 0.7109375 0.10277777777777777 0.03671875
0 0.15416666666666667 0.70078125 0.05555555555555555 0.0328125
0 0.4263888888888889 0.6703125 0.043055555555555555 0.021875
0 0.09305555555555556 0.6671875 0.06111111111111111 0.059375
0 0.23194444444444445 0.66328125 0.05 0.03046875
0 0.002777777777777778 0.64453125 0.020833333333333332 0.025
0 0.4263888888888889 0.625 0.05277777777777778 0.03125
0 0.20416666666666666 0.6234375 0.10833333333333334 0.04375
0 0.14166666666666666 0.59453125 0.05416666666666667 0.0328125
0 0.8180555555555555 0.56171875 0.0375 0.02421875
0 0.1375 0.55625 0.044444444444444446 0.02265625
0 0.9777777777777777 0.5546875 0.020833333333333332 0.02109375
0 0.5736111111111111 0.55234375 0.043055555555555555 0.0203125
0 0.8958333333333334 0.5515625 0.06111111111111111 0.03828125
0 0.7875 0.52578125 0.06805555555555555 0.0359375
0 0.7097222222222223 0.525 0.0375 0.02578125
0 0.19166666666666668 0.50859375 0.03888888888888889 0.00859375
0 0.7361111111111112 0.50078125 0.07083333333333333 0.02109375
0 0.5277777777777778 0.4796875 0.015277777777777777 0.0140625
0 0.9458333333333333 0.45625 0.029166666666666667 0.03046875
0 0.6652777777777777 0.453125 0.02361111111111111 0.02421875
0 0.8222222222222222 0.43515625 0.06666666666666667 0.03125
0 0.39305555555555555 0.43359375 0.011111111111111112 0.0125
0 0.9791666666666666 0.396875 0.020833333333333332 0.02734375
0 0.7361111111111112 0.35703125 0.013888888888888888 0.0171875
0 0.49444444444444446 0.31875 0.030555555555555555 0.0171875
0 0.12083333333333333 0.3171875 0.03194444444444444 0.01328125
0 0.17777777777777778 0.3125 0.025 0.015625
0 0.5791666666666667 0.2921875 0.09305555555555556 0.0484375
0 0.5125 0.28984375 0.03611111111111111 0.0265625
0 0.5513888888888889 0.2671875 0.05555555555555555 0.03203125
0 0.26944444444444443 0.25625 0.03333333333333333 0.01875
0 0.9805555555555555 0.25234375 0.018055555555555554 0.0171875
0 0.19444444444444445 0.2421875 0.05 0.021875
0 0.7819444444444444 0.240625 0.027777777777777776 0.01328125
0 0.044444444444444446 0.2296875 0.06111111111111111 0.03203125
0 0.475 0.22890625 0.030555555555555555 0.015625
0 0.6777777777777778 0.2265625 0.05555555555555555 0.02578125
0 0.9277777777777778 0.221875 0.04583333333333333 0.02421875
0 0.8736111111111111 0.2171875 0.03611111111111111 0.01796875
0 0.7541666666666667 0.2015625 0.015277777777777777 0.0125
0 0.09722222222222222 0.1890625 0.05694444444444444 0.03046875
0 0.9555555555555556 0.18671875 0.0375 0.01640625
0 0.2916666666666667 0.1859375 0.0375 0.01953125
0 0.7638888888888888 0.184375 0.058333333333333334 0.0296875
0 0.7236111111111111 0.1671875 0.034722222222222224 0.0203125
0 0.6277777777777778 0.159375 0.05694444444444444 0.0296875
0 0.9527777777777777 0.1546875 0.04583333333333333 0.0265625
0 0.12638888888888888 0.1546875 0.04722222222222222 0.015625
0 0.7875 0.14921875 0.05 0.03515625
0 0.4305555555555556 0.146875 0.05138888888888889 0.0203125
0 0.5 0.13671875 0.03611111111111111 0.015625
0 0.3375 0.13125 0.0375 0.0203125
0 0.42083333333333334 0.125 0.03611111111111111 0.0203125
0 0.8388888888888889 0.1171875 0.044444444444444446 0.02734375
0 0.19722222222222222 0.11640625 0.05277777777777778 0.03671875
0 0.49444444444444446 0.11484375 0.03888888888888889 0.01875
0 0.030555555555555555 0.11484375 0.05 0.03046875
0 0.8861111111111111 0.11015625 0.03888888888888889 0.0203125
0 0.1527777777777778 0.10625 0.044444444444444446 0.03203125
0 0.6597222222222222 0.09609375 0.0375 0.021875
0 0.5111111111111111 0.0796875 0.034722222222222224 0.01640625
0 0.9291666666666667 0.07109375 0.05277777777777778 0.02578125
0 0.17777777777777778 0.06640625 0.059722222222222225 0.03828125
0 0.675 0.06484375 0.034722222222222224 0.02109375
0 0.2847222222222222 0.06015625 0.03611111111111111 0.0140625
0 0.5472222222222223 0.0578125 0.02361111111111111 0.0203125
0 0.4083333333333333 0.05546875 0.02361111111111111 0.01484375
0 0.7402777777777778 0.0484375 0.025 0.01875
0 0.4583333333333333 0.04765625 0.06111111111111111 0.03203125
0 0.034722222222222224 0.040625 0.058333333333333334 0.03515625
0 0.8611111111111112 0.03828125 0.05694444444444444 0.03046875
0 0.7069444444444445 0.0328125 0.030555555555555555 0.0203125
0 0.75 0.025 0.030555555555555555 0.01484375
0 0.975 0.02265625 0.025 0.025
0 0.4583333333333333 0.02109375 0.0875 0.034375
0 0.8986111111111111 0.0203125 0.04861111111111111 0.025
0 0.3875 0.01484375 0.019444444444444445 0.021875
0 0.5208333333333334 0.0046875 0.02638888888888889 0.02109375
0 0.3277777777777778 0.003125 0.0625 0.03671875
0 0.9736111111111111 0.00078125 0.02638888888888889 0.0203125
0 0.9083333333333333 0.00078125 0.05138888888888889 0.01640625
0 0.6472222222222223 0.00078125 0.034722222222222224 0.01953125
0 0.5777777777777777 0.00078125 0.04027777777777778 0.0109375
0 0.3055555555555556 0.00078125 0.04027777777777778 0.0140625
0 0.48055555555555557 0.0 0.03888888888888889 0.0140625
0 0.04027777777777778 0.0 0.041666666666666664 0.021875
