0 0.6375 0.97421875 0.03611111111111111 0.025
0 0.6430555555555556 0.94453125 0.08194444444444444 0.0375
0 0.8722222222222222 0.90234375 0.04861111111111111 0.028125
0 0.8055555555555556 0.890625 0.043055555555555555 0.02109375
0 0.9083333333333333 0.884375 0.04861111111111111 0.0265625
0 0.225 0.8703125 0.05555555555555555 0.03359375
0 0.6236111111111111 0.834375 0.0375 0.02265625
0 0.23194444444444445 0.834375 0.05277777777777778 0.0328125
0 0.4597222222222222 0.78046875 0.034722222222222224 0.0296875
0 0.5069444444444444 0.7765625 0.06388888888888888 0.04765625
0 0.42916666666666664 0.76953125 0.03888888888888889 0.0265625
0 0.7444444444444445 0.7578125 0.05138888888888889 0.02578125
0 0.002777777777777778 0.75625 0.06666666666666667 0.02734375
0 0.2722222222222222 0.734375 0.05555555555555555 0.025
0 0.4305555555555556 0.7265625 0.05 0.03203125
0 0.1 0.7125 0.04583333333333333 0.02734375
0 0.9236111111111112 0.675 0.05 0.025
0 0.55 0.66953125 0.044444444444444446 0.0203125
0 0.020833333333333332 0.66484375 0.06111111111111111 0.03046875
0 0.8583333333333333 0.61796875 0.034722222222222224 0.0140625
0 0.001388888888888889 0.609375 0.0375 0.05703125
0 0.9166666666666666 0.6078125 0.020833333333333332 0.01953125
0 0.9805555555555555 0.59140625 0.018055555555555554 0.02578125
0 0.2 0.5796875 0.05138888888888889 0.034375
0 0.4388888888888889 0.5765625 0.03611111111111111 0.01875
0 0.8875 0.57265625 0.04722222222222222 0.0234375
0 0.37777777777777777 0.5671875 0.03888888888888889 0.0234375
0 0.0 0.54921875 0.019444444444444445 0.0171875
0 0.4625 0.546875 0.041666666666666664 0.0203125
0 0.5180555555555556 0.53515625 0.05 0.0296875
0 0.9166666666666666 0.51875 0.0375 0.028125
0 0.07361111111111111 0.5171875 0.015277777777777777 0.01640625
0 0.9569444444444445 0.509375 0.043055555555555555 0.01640625
0 0.015277777777777777 0.50859375 0.025 0.01328125
0 0.3875 0.490625 0.0875 0.05
0 0.25277777777777777 0.46953125 0.041666666666666664 0.03125
0 0.18333333333333332 0.4640625 0.034722222222222224 0.0203125
0 0.9666666666666667 0.459375 0.03333333333333333 0.02890625
0 0.3 0.45859375 0.034722222222222224 0.0171875
0 0.07361111111111111 0.440625 0.019444444444444445 0.0171875
0 0.3861111111111111 0.43828125 0.025 0.025
0 0.020833333333333332 0.43828125 0.029166666666666667 0.02265625
0 0.31805555555555554 0.4265625 0.03888888888888889 0.0265625
0 0.12638888888888888 0.42578125 0.05416666666666667 0.02734375
0 0.22361111111111112 0.40234375 0.05416666666666667 0.0296875
0 0.35138888888888886 0.3921875 0.05277777777777778 0.0265625
0 0.95 0.3765625 0.04722222222222222 0.03046875
0 0.3013888888888889 0.3734375 0.03333333333333333 0.01484375
0 0.9402777777777778 0.34921875 0.05555555555555555 0.01796875
0 0.14027777777777778 0.2984375 0.05416666666666667 0.02578125
0 0.03333333333333333 0.2921875 0.07083333333333333 0.0328125
0 0.05694444444444444 0.2515625 0.07222222222222222 0.03359375
0 0.15138888888888888 0.21640625 0.05 0.02421875
0 0.1111111111111111 0.18203125 0.05138888888888889 0.0234375
