0 0.5972222222222222 0.75546875 0.0763888888888889 0.034375
0 0.275 0.73515625 0.030555555555555555 0.01640625
0 0.5333333333333333 0.72421875 0.05138888888888889 0.02890625
0 0.45694444444444443 0.70546875 0.06111111111111111 0.025
0 0.3236111111111111 0.63359375 0.030555555555555555 0.02890625
0 0.3416666666666667 0.603125 0.0625 0.03203125
0 0.24861111111111112 0.596875 0.0763888888888889 0.03984375
0 0.45555555555555555 0.56484375 0.030555555555555555 0.02421875
0 0.44722222222222224 0.5296875 0.07777777777777778 0.04140625
0 0.35833333333333334 0.48671875 0.03888888888888889 0.02265625
0 0.15 0.4859375 0.07083333333333333 0.03359375
0 0.22916666666666666 0.4640625 0.020833333333333332 0.02109375
0 0.40555555555555556 0.46015625 0.05694444444444444 0.01875
0 0.55 0.4578125 0.059722222222222225 0.034375
0 0.07083333333333333 0.4546875 0.04861111111111111 0.03359375
0 0.4875 0.45234375 0.03888888888888889 0.0140625
0 0.2388888888888889 0.43359375 0.058333333333333334 0.03125
0 0.3375 0.42578125 0.044444444444444446 0.0234375
0 0.9138888888888889 0.38046875 0.0763888888888889 0.03515625
0 0.4986111111111111 0.37109375 0.019444444444444445 0.01796875
0 0.8333333333333334 0.365625 0.07222222222222222 0.0421875
0 0.28194444444444444 0.34140625 0.04583333333333333 0.015625
0 0.49444444444444446 0.33671875 0.03194444444444444 0.021875
0 0.07777777777777778 0.30625 0.05416666666666667 0.03359375
0 0.15 0.3 0.09027777777777778 0.0375
0 0.38333333333333336 0.2984375 0.018055555555555554 0.02109375
0 0.3138888888888889 0.2703125 0.05694444444444444 0.0296875
0 0.4083333333333333 0.2625 0.06527777777777778 0.03359375
0 0.9722222222222222 0.26015625 0.02638888888888889 0.0265625
0 0.1638888888888889 0.2578125 0.06805555555555555 0.04140625
0 0.10833333333333334 0.253125 0.06944444444444445 0.03203125
0 0.4986111111111111 0.2453125 0.058333333333333334 0.03828125
0 0.26944444444444443 0.2390625 0.04861111111111111 0.0296875
0 0.11527777777777778 0.22890625 0.06388888888888888 0.0234375
0 0.9486111111111111 0.22578125 0.05138888888888889 0.0296875
0 0.35 0.2140625 0.02638888888888889 0.02421875
0 0.9430555555555555 0.20078125 0.022222222222222223 0.01171875
0 0.2763888888888889 0.1984375 0.05416666666666667 0.03671875
0 0.46111111111111114 0.1625 0.03888888888888889 0.028125
0 0.4027777777777778 0.12578125 0.04861111111111111 0.03515625
0 0.4583333333333333 0.11875 0.043055555555555555 0.03125
0 0.25833333333333336 0.1140625 0.06944444444444445 0.040625
0 0.37222222222222223 0.0828125 0.06388888888888888 0.03984375
0 0.32222222222222224 0.003125 0.06388888888888888 0.021875
