0 0.2569444444444444 0.69453125 0.03611111111111111 0.02578125
0 0.20416666666666666 0.690625 0.04583333333333333 0.02734375
0 0.006944444444444444 0.671875 0.04583333333333333 0.03046875
0 0.29444444444444445 0.64140625 0.02638888888888889 0.01484375
0 0.46805555555555556 0.6203125 0.07222222222222222 0.0515625
0 0.19722222222222222 0.61875 0.043055555555555555 0.01875
0 0.39444444444444443 0.61484375 0.04583333333333333 0.0234375
0 0.5222222222222223 0.60703125 0.05 0.01875
0 0.9097222222222222 0.60625 0.04861111111111111 0.0203125
0 0.7638888888888888 0.59453125 0.0625 0.04453125
0 0.33055555555555555 0.59140625 0.05416666666666667 0.02578125
0 0.8402777777777778 0.58046875 0.04861111111111111 0.02265625
0 0.2569444444444444 0.56796875 0.0625 0.025
0 0.4111111111111111 0.5609375 0.05555555555555555 0.02734375
0 0.9305555555555556 0.54765625 0.041666666666666664 0.0234375
0 0.2638888888888889 0.5109375 0.020833333333333332 0.01328125
0 0.34305555555555556 0.4828125 0.07083333333333333 0.0359375
0 0.2152777777777778 0.45625 0.034722222222222224 0.01953125
0 0.35138888888888886 0.453125 0.043055555555555555 0.025
0 0.29444444444444445 0.44765625 0.041666666666666664 0.01796875
0 0.2388888888888889 0.4203125 0.06805555555555555 0.0390625
0 0.35555555555555557 0.4140625 0.05 0.025
0 0.3055555555555556 0.39296875 0.025 0.02109375
0 0.29444444444444445 0.36796875 0.06527777777777778 0.01953125
