0 0.7958333333333333 0.60703125 0.05555555555555555 0.0234375
0 0.8444444444444444 0.5828125 0.07083333333333333 0.0390625
0 0.8194444444444444 0.50625 0.12638888888888888 0.04375
0 0.8930555555555556 0.465625 0.07083333333333333 0.02890625
0 0.9611111111111111 0.45703125 0.025 0.0125
0 0.9736111111111111 0.42890625 0.02638888888888889 0.01953125
0 0.8194444444444444 0.409375 0.05416666666666667 0.02421875
0 0.975 0.37109375 0.025 0.0203125
0 0.9027777777777778 0.3625 0.05138888888888889 0.02890625
0 0.9069444444444444 0.321875 0.07916666666666666 0.03359375
0 0.5694444444444444 0.3078125 0.058333333333333334 0.034375
