0 0.41944444444444445 0.759375 0.0625 0.028125
0 0.3861111111111111 0.7 0.059722222222222225 0.03671875
0 0.1111111111111111 0.62421875 0.04722222222222222 0.02421875
0 0.2861111111111111 0.58984375 0.07083333333333333 0.02890625
0 0.3333333333333333 0.575 0.05694444444444444 0.03203125
0 0.19027777777777777 0.5453125 0.08055555555555556 0.0421875
0 0.6055555555555555 0.51796875 0.03333333333333333 0.0125
0 0.24583333333333332 0.51015625 0.05694444444444444 0.028125
0 0.9694444444444444 0.5046875 0.030555555555555555 0.03046875
0 0.24444444444444444 0.48671875 0.020833333333333332 0.0171875
0 0.5027777777777778 0.471875 0.04027777777777778 0.0234375
0 0.3055555555555556 0.46875 0.011111111111111112 0.01875
0 0.5333333333333333 0.4609375 0.03888888888888889 0.0203125
0 0.16805555555555557 0.45859375 0.07916666666666666 0.028125
0 0.30277777777777776 0.43203125 0.15694444444444444 0.059375
0 0.18055555555555555 0.43203125 0.06666666666666667 0.028125
0 0.10416666666666667 0.42109375 0.05555555555555555 0.03203125
0 0.06111111111111111 0.40703125 0.04583333333333333 0.0140625
0 0.0375 0.37109375 0.06527777777777778 0.03046875
0 0.30972222222222223 0.36953125 0.09027777777777778 0.03046875
0 0.8694444444444445 0.3671875 0.13055555555555556 0.04765625
0 0.8763888888888889 0.26328125 0.029166666666666667 0.0140625
0 0.44583333333333336 0.25625 0.0875 0.0390625
0 0.3263888888888889 0.240625 0.04722222222222222 0.021875
0 0.8611111111111112 0.21796875 0.09027777777777778 0.05078125
0 0.19583333333333333 0.1875 0.09861111111111111 0.053125
0 0.13194444444444445 0.175 0.04027777777777778 0.028125
0 0.4222222222222222 0.15234375 0.04027777777777778 0.0296875
0 0.21666666666666667 0.14296875 0.05138888888888889 0.03671875
0 0.38472222222222224 0.11015625 0.025 0.01640625
0 0.20277777777777778 0.109375 0.05555555555555555 0.02265625
0 0.32083333333333336 0.06796875 0.05694444444444444 0.03359375
0 0.3458333333333333 0.04375 0.04583333333333333 0.0203125
0 0.4 0.0421875 0.041666666666666664 0.06015625
