0 0.04513888888888889 0.677734375 0.043055555555555555 0.02421875
0 0.7222222222222222 0.6375 0.04722222222222222 0.0265625
0 0.18958333333333333 0.570703125 0.029166666666666667 0.01796875
0 0.6902777777777778 0.541015625 0.027777777777777776 0.02265625
0 0.07222222222222222 0.495703125 0.022222222222222223 0.01640625
0 0.7201388888888889 0.493359375 0.04583333333333333 0.02421875
0 0.23472222222222222 0.48984375 0.04722222222222222 0.028125
0 0.02847222222222222 0.461328125 0.020833333333333332 0.01484375
0 0.3840277777777778 0.4421875 0.0375 0.01875
0 0.5930555555555556 0.43984375 0.03333333333333333 0.0203125
0 0.025694444444444443 0.42265625 0.020833333333333332 0.015625
0 0.4354166666666667 0.424609375 0.043055555555555555 0.02109375
0 0.8784722222222222 0.41171875 0.034722222222222224 0.015625
0 0.8458333333333333 0.4046875 0.03333333333333333 0.021875
0 0.7006944444444444 0.400390625 0.029166666666666667 0.01640625
0 0.8972222222222223 0.388671875 0.05 0.02578125
0 0.6666666666666666 0.38671875 0.03888888888888889 0.025
0 0.3590277777777778 0.383203125 0.0375 0.02578125
0 0.17847222222222223 0.378125 0.04861111111111111 0.0203125
0 0.9708333333333333 0.37890625 0.030555555555555555 0.0234375
0 0.8118055555555556 0.376953125 0.07083333333333333 0.03203125
0 0.2298611111111111 0.344921875 0.02638888888888889 0.01328125
0 0.9354166666666667 0.3328125 0.02638888888888889 0.009375
0 0.6770833333333334 0.329296875 0.03194444444444444 0.02109375
0 0.3 0.32890625 0.025 0.025
0 0.3902777777777778 0.324609375 0.06111111111111111 0.03046875
0 0.9645833333333333 0.308203125 0.02361111111111111 0.01953125
0 0.8965277777777778 0.31015625 0.043055555555555555 0.0265625
0 0.1986111111111111 0.298828125 0.03333333333333333 0.01796875
0 0.9138888888888889 0.284765625 0.03611111111111111 0.02265625
0 0.8833333333333333 0.269921875 0.022222222222222223 0.01484375
0 0.11736111111111111 0.26015625 0.0375 0.0203125
0 0.7159722222222222 0.24921875 0.04027777777777778 0.025
0 0.041666666666666664 0.24609375 0.04722222222222222 0.0265625
0 0.8256944444444444 0.2328125 0.02361111111111111 0.0171875
0 0.19791666666666666 0.22578125 0.02361111111111111 0.0171875
0 0.7138888888888889 0.215625 0.04722222222222222 0.021875
0 0.7715277777777778 0.223828125 0.04861111111111111 0.06796875
0 0.23541666666666666 0.18671875 0.04861111111111111 0.028125
0 0.1375 0.1765625 0.05277777777777778 0.0453125
0 0.18611111111111112 0.1328125 0.06666666666666667 0.0296875
0 0.9305555555555556 0.122265625 0.058333333333333334 0.03359375
0 0.8076388888888889 0.104296875 0.0625 0.05234375
