0 0.8861111111111111 0.8 0.07777777777777778 0.04921875
0 0.21805555555555556 0.75 0.03888888888888889 0.0234375
0 0.08888888888888889 0.74453125 0.020833333333333332 0.01796875
0 0.45416666666666666 0.70078125 0.030555555555555555 0.01796875
0 0.5861111111111111 0.68515625 0.029166666666666667 0.01875
0 0.14027777777777778 0.68359375 0.041666666666666664 0.025
0 0.5125 0.646875 0.06388888888888888 0.03984375
0 0.5777777777777777 0.63828125 0.044444444444444446 0.02578125
0 0.001388888888888889 0.63515625 0.02638888888888889 0.02109375
0 0.8625 0.63203125 0.0375 0.01796875
0 0.08888888888888889 0.62734375 0.029166666666666667 0.01875
0 0.41805555555555557 0.6234375 0.0625 0.0359375
0 0.5527777777777778 0.61015625 0.059722222222222225 0.03046875
0 0.6777777777777778 0.59140625 0.05 0.025
0 0.25 0.590625 0.03888888888888889 0.0171875
0 0.5097222222222222 0.571875 0.05555555555555555 0.0296875
0 0.1125 0.559375 0.0375 0.01640625
0 0.7083333333333334 0.54140625 0.1125 0.0546875
0 0.09722222222222222 0.53515625 0.02361111111111111 0.0203125
0 0.38055555555555554 0.534375 0.030555555555555555 0.021875
0 0.13472222222222222 0.5109375 0.044444444444444446 0.02578125
0 0.875 0.50546875 0.02638888888888889 0.0109375
0 0.18472222222222223 0.4984375 0.04722222222222222 0.0265625
0 0.004166666666666667 0.47578125 0.059722222222222225 0.0265625
0 0.20555555555555555 0.471875 0.07222222222222222 0.04140625
0 0.7708333333333334 0.4546875 0.04027777777777778 0.03359375
0 0.06944444444444445 0.4203125 0.04583333333333333 0.02265625
0 0.041666666666666664 0.41484375 0.03194444444444444 0.02578125
0 0.6138888888888889 0.396875 0.03194444444444444 0.02109375
0 0.5902777777777778 0.33671875 0.03611111111111111 0.025
0 0.5486111111111112 0.3296875 0.025 0.0234375
0 0.4861111111111111 0.30390625 0.029166666666666667 0.01875
0 0.9458333333333333 0.296875 0.05416666666666667 0.0296875
0 0.4361111111111111 0.29453125 0.03888888888888889 0.02109375
0 0.8777777777777778 0.2828125 0.05694444444444444 0.02734375
0 0.5847222222222223 0.25 0.0375 0.02734375
0 0.625 0.1984375 0.13333333333333333 0.05078125
0 0.5388888888888889 0.184375 0.02361111111111111 0.01484375
0 0.5652777777777778 0.16953125 0.027777777777777776 0.01640625
0 0.6638888888888889 0.1609375 0.04861111111111111 0.025
0 0.6 0.153125 0.05277777777777778 0.034375
0 0.7277777777777777 0.1515625 0.022222222222222223 0.021875
0 0.5861111111111111 0.06484375 0.125 0.0671875
0 0.6 0.05625 0.044444444444444446 0.015625
0 0.6097222222222223 0.0203125 0.05694444444444444 0.03203125
