0 0.36527777777777776 0.69921875 0.03888888888888889 0.01328125
0 0.5 0.634375 0.0125 0.01953125
0 0.14027777777777778 0.61953125 0.041666666666666664 0.02421875
0 0.6611111111111111 0.61875 0.030555555555555555 0.01953125
0 0.8041666666666667 0.61015625 0.025 0.01328125
0 0.7236111111111111 0.58828125 0.03194444444444444 0.0125
0 0.1111111111111111 0.56796875 0.09444444444444444 0.040625
0 0.9694444444444444 0.546875 0.02638888888888889 0.02265625
0 0.7625 0.51640625 0.018055555555555554 0.01171875
0 0.12777777777777777 0.5109375 0.08472222222222223 0.01875
0 0.825 0.5046875 0.009722222222222222 0.00703125
0 0.9125 0.4890625 0.015277777777777777 0.01328125
0 0.1763888888888889 0.425 0.04861111111111111 0.01953125
0 0.022222222222222223 0.41484375 0.02361111111111111 0.01484375
0 0.35694444444444445 0.4125 0.043055555555555555 0.02265625
0 0.08333333333333333 0.41015625 0.034722222222222224 0.0234375
0 0.4083333333333333 0.3984375 0.025 0.01328125
0 0.1625 0.38984375 0.04722222222222222 0.02734375
0 0.5583333333333333 0.38359375 0.041666666666666664 0.02421875
0 0.4986111111111111 0.371875 0.022222222222222223 0.0125
0 0.46805555555555556 0.3578125 0.02361111111111111 0.02109375
0 0.5097222222222222 0.353125 0.03194444444444444 0.0171875
0 0.17222222222222222 0.321875 0.0375 0.0171875
0 0.1361111111111111 0.3171875 0.034722222222222224 0.02109375
0 0.4666666666666667 0.3140625 0.015277777777777777 0.00859375
0 0.4486111111111111 0.309375 0.018055555555555554 0.0078125
0 0.9847222222222223 0.24921875 0.015277777777777777 0.021875
0 0.3402777777777778 0.153125 0.04583333333333333 0.0234375
