0 0.09722222222222222 0.725 0.04861111111111111 0.0265625
0 0.9444444444444444 0.65625 0.034722222222222224 0.02109375
0 0.03611111111111111 0.65625 0.06388888888888888 0.04765625
0 0.6222222222222222 0.64453125 0.04583333333333333 0.025
0 0.5694444444444444 0.640625 0.05 0.0328125
0 0.9111111111111111 0.59921875 0.0625 0.0375
0 0.6652777777777777 0.596875 0.058333333333333334 0.03203125
0 0.6930555555555555 0.58203125 0.020833333333333332 0.0125
0 0.7069444444444445 0.5359375 0.05694444444444444 0.0265625
0 0.7652777777777777 0.52265625 0.030555555555555555 0.02265625
0 0.9486111111111111 0.49375 0.05138888888888889 0.01953125
0 0.0 0.47890625 0.022222222222222223 0.02109375
0 0.7430555555555556 0.45234375 0.10694444444444444 0.04921875
0 0.8902777777777777 0.4390625 0.08888888888888889 0.05
0 0.6833333333333333 0.43515625 0.04583333333333333 0.02734375
0 0.7291666666666666 0.415625 0.04027777777777778 0.01875
0 0.8208333333333333 0.28984375 0.020833333333333332 0.01640625
0 0.8444444444444444 0.27734375 0.04722222222222222 0.0421875
