0 0.9680555555555556 0.6953125 0.030555555555555555 0.028125
0 0.5555555555555556 0.67734375 0.02361111111111111 0.01796875
0 0.8652777777777778 0.634375 0.03333333333333333 0.01640625
0 0.7791666666666667 0.634375 0.034722222222222224 0.0171875
0 0.9291666666666667 0.6328125 0.058333333333333334 0.0328125
0 0.375 0.63125 0.03333333333333333 0.01796875
0 0.6027777777777777 0.615625 0.041666666666666664 0.03515625
0 0.9430555555555555 0.60703125 0.04722222222222222 0.02578125
0 0.4597222222222222 0.60546875 0.04583333333333333 0.01796875
0 0.3416666666666667 0.603125 0.03333333333333333 0.01796875
0 0.9069444444444444 0.59296875 0.030555555555555555 0.01640625
0 0.8444444444444444 0.59296875 0.029166666666666667 0.01796875
0 0.5736111111111111 0.590625 0.03333333333333333 0.01953125
0 0.8069444444444445 0.5875 0.019444444444444445 0.01484375
0 0.6347222222222222 0.5796875 0.04861111111111111 0.025
0 0.7375 0.5765625 0.05416666666666667 0.02578125
0 0.5694444444444444 0.5640625 0.029166666666666667 0.02421875
0 0.9847222222222223 0.5625 0.015277777777777777 0.0265625
0 0.5986111111111111 0.55625 0.03888888888888889 0.015625
0 0.4583333333333333 0.54765625 0.025 0.0203125
0 0.8444444444444444 0.54375 0.034722222222222224 0.0296875
0 0.18055555555555555 0.53671875 0.05 0.028125
0 0.10694444444444444 0.5296875 0.03333333333333333 0.0203125
0 0.001388888888888889 0.5296875 0.013888888888888888 0.02578125
0 0.5819444444444445 0.515625 0.04583333333333333 0.0265625
0 0.9861111111111112 0.5125 0.013888888888888888 0.01171875
0 0.5625 0.509375 0.029166666666666667 0.01953125
0 0.7361111111111112 0.48671875 0.02638888888888889 0.01484375
0 0.9013888888888889 0.4828125 0.06388888888888888 0.025
0 0.8430555555555556 0.475 0.04027777777777778 0.025
0 0.6541666666666667 0.46171875 0.020833333333333332 0.01171875
0 0.06388888888888888 0.45234375 0.029166666666666667 0.0234375
0 0.7361111111111112 0.43125 0.030555555555555555 0.01484375
0 0.8194444444444444 0.4296875 0.03194444444444444 0.01640625
0 0.9444444444444444 0.42578125 0.03333333333333333 0.009375
0 0.5736111111111111 0.41328125 0.02638888888888889 0.0171875
0 0.9305555555555556 0.40859375 0.018055555555555554 0.0171875
0 0.6680555555555555 0.40625 0.08194444444444444 0.02578125
0 0.9763888888888889 0.4046875 0.02361111111111111 0.01328125
0 0.008333333333333333 0.4015625 0.05277777777777778 0.03203125
0 0.6722222222222223 0.3984375 0.029166666666666667 0.01484375
0 0.8097222222222222 0.3875 0.029166666666666667 0.015625
0 0.6555555555555556 0.3875 0.022222222222222223 0.01484375
0 0.13194444444444445 0.38671875 0.029166666666666667 0.02109375
0 0.7291666666666666 0.38359375 0.025 0.009375
0 0.3138888888888889 0.3828125 0.044444444444444446 0.02578125
0 0.8472222222222222 0.3765625 0.05138888888888889 0.03125
0 0.05 0.3765625 0.05138888888888889 0.0265625
0 0.7013888888888888 0.37421875 0.019444444444444445 0.01171875
0 0.7375 0.371875 0.018055555555555554 0.00859375
0 0.5486111111111112 0.37109375 0.03194444444444444 0.015625
0 0.16111111111111112 0.36953125 0.09305555555555556 0.046875
0 0.6027777777777777 0.35546875 0.027777777777777776 0.01484375
0 0.23055555555555557 0.340625 0.041666666666666664 0.02421875
0 0.49722222222222223 0.33828125 0.027777777777777776 0.0140625
0 0.9680555555555556 0.3375 0.03194444444444444 0.01484375
0 0.9013888888888889 0.3234375 0.027777777777777776 0.01484375
0 0.4527777777777778 0.31484375 0.05 0.028125
0 0.30277777777777776 0.30390625 0.04722222222222222 0.01328125
0 0.6013888888888889 0.30234375 0.0375 0.0171875
0 0.9236111111111112 0.29453125 0.05 0.0296875
0 0.001388888888888889 0.25625 0.03333333333333333 0.0234375
0 0.35138888888888886 0.2515625 0.058333333333333334 0.02734375
0 0.49027777777777776 0.25 0.027777777777777776 0.01640625
0 0.5416666666666666 0.2421875 0.03194444444444444 0.01875
0 0.05694444444444444 0.2328125 0.029166666666666667 0.021875
0 0.575 0.23125 0.03194444444444444 0.0203125
0 0.6722222222222223 0.22890625 0.034722222222222224 0.0203125
0 0.8444444444444444 0.2265625 0.03194444444444444 0.0203125
0 0.0 0.2265625 0.043055555555555555 0.0234375
0 0.7527777777777778 0.2234375 0.03333333333333333 0.01484375
0 0.5458333333333333 0.215625 0.034722222222222224 0.0265625
0 0.42916666666666664 0.21484375 0.0625 0.028125
0 0.12361111111111112 0.2140625 0.03333333333333333 0.015625
0 0.5125 0.2125 0.034722222222222224 0.02421875
0 0.8833333333333333 0.2109375 0.030555555555555555 0.0171875
0 0.009722222222222222 0.20078125 0.05277777777777778 0.021875
0 0.9458333333333333 0.19921875 0.03333333333333333 0.0203125
0 0.2625 0.1953125 0.029166666666666667 0.02109375
0 0.1 0.19453125 0.019444444444444445 0.01484375
0 0.8166666666666667 0.19296875 0.04583333333333333 0.028125
0 0.3416666666666667 0.19296875 0.04861111111111111 0.03359375
0 0.15833333333333333 0.18671875 0.034722222222222224 0.021875
0 0.7083333333333334 0.1859375 0.025 0.015625
0 0.9069444444444444 0.1828125 0.030555555555555555 0.01953125
0 0.05555555555555555 0.1796875 0.0375 0.01484375
0 0.5736111111111111 0.17890625 0.025 0.01640625
0 0.9625 0.17421875 0.0375 0.02265625
0 0.8638888888888889 0.17265625 0.04861111111111111 0.040625
0 0.7833333333333333 0.17109375 0.04583333333333333 0.02265625
0 0.19583333333333333 0.16328125 0.02361111111111111 0.01640625
0 0.1111111111111111 0.15859375 0.025 0.015625
0 0.20972222222222223 0.1578125 0.03333333333333333 0.01640625
0 0.6791666666666667 0.15078125 0.043055555555555555 0.0234375
0 0.06666666666666667 0.140625 0.03194444444444444 0.01640625
0 0.7805555555555556 0.13203125 0.05 0.02734375
0 0.18194444444444444 0.1171875 0.03194444444444444 0.02265625
0 0.08333333333333333 0.11171875 0.03611111111111111 0.0171875
0 0.001388888888888889 0.103125 0.018055555555555554 0.0171875
0 0.3 0.08671875 0.06805555555555555 0.05703125
0 0.125 0.07890625 0.1111111111111111 0.04609375
0 0.32222222222222224 0.07265625 0.020833333333333332 0.01953125
0 0.15833333333333333 0.059375 0.019444444444444445 0.0171875
0 0.24305555555555555 0.05234375 0.044444444444444446 0.03203125
0 0.05694444444444444 0.0515625 0.041666666666666664 0.01953125
0 0.1736111111111111 0.05078125 0.04583333333333333 0.0296875
