0 0.9722222222222222 0.63203125 0.027777777777777776 0.0296875
0 0.9194444444444444 0.5828125 0.04583333333333333 0.01328125
0 0.7180555555555556 0.578125 0.034722222222222224 0.03046875
0 0.6694444444444444 0.575 0.022222222222222223 0.0234375
0 0.15555555555555556 0.57421875 0.029166666666666667 0.025
0 0.1875 0.56796875 0.04583333333333333 0.02109375
0 0.9444444444444444 0.565625 0.0375 0.02265625
0 0.20833333333333334 0.5484375 0.013888888888888888 0.015625
0 0.20416666666666666 0.53125 0.043055555555555555 0.01640625
0 0.07777777777777778 0.471875 0.044444444444444446 0.03515625
0 0.7375 0.45546875 0.02638888888888889 0.0171875
0 0.7902777777777777 0.4546875 0.034722222222222224 0.009375
0 0.31527777777777777 0.44375 0.025 0.015625
0 0.09861111111111111 0.43984375 0.03888888888888889 0.015625
0 0.3958333333333333 0.4390625 0.030555555555555555 0.01328125
0 0.030555555555555555 0.43828125 0.04027777777777778 0.01953125
0 0.3388888888888889 0.421875 0.05694444444444444 0.025
0 0.1111111111111111 0.41796875 0.02361111111111111 0.0171875
0 0.5152777777777777 0.41015625 0.03611111111111111 0.02890625
0 0.625 0.39921875 0.04027777777777778 0.0203125
0 0.5722222222222222 0.3890625 0.03333333333333333 0.015625
0 0.030555555555555555 0.3890625 0.03611111111111111 0.0140625
0 0.475 0.38515625 0.0375 0.01875
0 0.18055555555555555 0.38515625 0.03333333333333333 0.01015625
0 0.7763888888888889 0.3796875 0.06111111111111111 0.02265625
0 0.225 0.365625 0.034722222222222224 0.03125
0 0.49027777777777776 0.3625 0.05416666666666667 0.01953125
0 0.8736111111111111 0.3609375 0.02361111111111111 0.01484375
0 0.6972222222222222 0.3515625 0.03333333333333333 0.02265625
0 0.9208333333333333 0.3453125 0.05555555555555555 0.03125
0 0.4041666666666667 0.340625 0.043055555555555555 0.02109375
0 0.2513888888888889 0.32265625 0.029166666666666667 0.0125
0 0.025 0.3171875 0.03194444444444444 0.01484375
0 0.6972222222222222 0.26875 0.05 0.02109375
0 0.875 0.2625 0.11527777777777778 0.06484375
0 0.2 0.240625 0.025 0.015625
0 0.9083333333333333 0.19453125 0.044444444444444446 0.0140625
0 0.9208333333333333 0.15625 0.03194444444444444 0.028125
0 0.8694444444444445 0.15 0.03194444444444444 0.02734375
