0 0.7055555555555556 0.77890625 0.034722222222222224 0.0203125
0 0.6611111111111111 0.76875 0.02638888888888889 0.0171875
0 0.8708333333333333 0.7609375 0.03333333333333333 0.01640625
0 0.7625 0.75 0.018055555555555554 0.015625
0 0.6972222222222222 0.75 0.043055555555555555 0.02421875
0 0.03194444444444444 0.7375 0.03333333333333333 0.0234375
0 0.6361111111111111 0.725 0.0375 0.01484375
0 0.7069444444444445 0.72421875 0.02638888888888889 0.015625
0 0.5791666666666667 0.721875 0.020833333333333332 0.01015625
0 0.5583333333333333 0.7140625 0.018055555555555554 0.01484375
0 0.05138888888888889 0.70859375 0.03611111111111111 0.015625
0 0.6138888888888889 0.70703125 0.019444444444444445 0.0140625
0 0.013888888888888888 0.6890625 0.016666666666666666 0.009375
0 0.5958333333333333 0.68828125 0.030555555555555555 0.015625
0 0.5875 0.68046875 0.019444444444444445 0.00625
0 0.8222222222222222 0.675 0.02638888888888889 0.01171875
0 0.2222222222222222 0.66484375 0.05277777777777778 0.028125
0 0.2861111111111111 0.6546875 0.03333333333333333 0.0171875
0 0.7819444444444444 0.6515625 0.015277777777777777 0.01015625
0 0.8041666666666667 0.62734375 0.011111111111111112 0.0078125
0 0.5208333333333334 0.62578125 0.019444444444444445 0.015625
0 0.5027777777777778 0.6234375 0.009722222222222222 0.01171875
0 0.4708333333333333 0.6171875 0.029166666666666667 0.01328125
0 0.675 0.6140625 0.019444444444444445 0.01484375
0 0.4236111111111111 0.60546875 0.025 0.02734375
0 0.5402777777777777 0.59296875 0.02361111111111111 0.01640625
0 0.30972222222222223 0.5875 0.018055555555555554 0.01484375
0 0.22777777777777777 0.5796875 0.019444444444444445 0.00703125
0 0.06527777777777778 0.5703125 0.015277777777777777 0.0109375
0 0.5805555555555556 0.56328125 0.02361111111111111 0.0140625
0 0.48333333333333334 0.5578125 0.015277777777777777 0.00703125
0 0.25555555555555554 0.55078125 0.011111111111111112 0.009375
0 0.2375 0.53515625 0.013888888888888888 0.01015625
0 0.5472222222222223 0.5078125 0.025 0.0140625
0 0.31527777777777777 0.4828125 0.03333333333333333 0.0109375
0 0.3472222222222222 0.475 0.020833333333333332 0.0109375
0 0.725 0.47265625 0.013888888888888888 0.0078125
0 0.3375 0.46171875 0.013888888888888888 0.01015625
0 0.6763888888888889 0.44765625 0.020833333333333332 0.01015625
0 0.5722222222222222 0.446875 0.04722222222222222 0.0296875
0 0.7388888888888889 0.4453125 0.016666666666666666 0.00859375
0 0.35555555555555557 0.4375 0.02361111111111111 0.01015625
0 0.25972222222222224 0.4140625 0.027777777777777776 0.01875
0 0.38055555555555554 0.4125 0.022222222222222223 0.01484375
0 0.475 0.409375 0.016666666666666666 0.01171875
0 0.1486111111111111 0.40078125 0.03333333333333333 0.01875
0 0.12638888888888888 0.39921875 0.025 0.0109375
0 0.5888888888888889 0.3984375 0.02638888888888889 0.0125
0 0.9930555555555556 0.39140625 0.006944444444444444 0.00546875
0 0.16666666666666666 0.3796875 0.02361111111111111 0.02109375
0 0.3055555555555556 0.36875 0.030555555555555555 0.015625
0 0.6694444444444444 0.36328125 0.020833333333333332 0.01484375
0 0.6513888888888889 0.34609375 0.016666666666666666 0.01171875
0 0.3888888888888889 0.33125 0.015277777777777777 0.00859375
0 0.5347222222222222 0.32265625 0.013888888888888888 0.0109375
0 0.5152777777777777 0.30546875 0.0125 0.01328125
0 0.5611111111111111 0.29140625 0.02638888888888889 0.0171875
0 0.5902777777777778 0.2890625 0.025 0.01328125
0 0.5361111111111111 0.2734375 0.027777777777777776 0.015625
0 0.36944444444444446 0.27265625 0.05277777777777778 0.0171875
0 0.6291666666666667 0.2671875 0.018055555555555554 0.0125
0 0.45555555555555555 0.2671875 0.034722222222222224 0.02890625
0 0.48055555555555557 0.2609375 0.030555555555555555 0.01640625
0 0.3902777777777778 0.259375 0.013888888888888888 0.0109375
0 0.5680555555555555 0.25859375 0.03611111111111111 0.0234375
0 0.4513888888888889 0.25078125 0.018055555555555554 0.0125
0 0.5486111111111112 0.2359375 0.022222222222222223 0.0140625
0 0.46805555555555556 0.228125 0.015277777777777777 0.01171875
0 0.4305555555555556 0.19921875 0.02638888888888889 0.01484375
0 0.4986111111111111 0.1984375 0.013888888888888888 0.0109375
