0 0.475 0.74375 0.04722222222222222 0.0171875
0 0.6208333333333333 0.68359375 0.016666666666666666 0.01953125
0 0.925 0.68203125 0.030555555555555555 0.0203125
0 0.7819444444444444 0.67109375 0.022222222222222223 0.0203125
0 0.8694444444444445 0.6671875 0.041666666666666664 0.0234375
0 0.9166666666666666 0.6640625 0.03194444444444444 0.0140625
0 0.2652777777777778 0.6609375 0.04583333333333333 0.025
0 0.8416666666666667 0.63671875 0.04583333333333333 0.01484375
0 0.6625 0.61640625 0.02638888888888889 0.02421875
0 0.23472222222222222 0.60625 0.09166666666666666 0.0453125
0 0.8888888888888888 0.5703125 0.022222222222222223 0.0078125
0 0.25 0.553125 0.08888888888888889 0.021875
0 0.05 0.54140625 0.06944444444444445 0.02734375
0 0.30416666666666664 0.46484375 0.043055555555555555 0.0234375
0 0.4791666666666667 0.4578125 0.044444444444444446 0.02265625
0 0.21666666666666667 0.4546875 0.03194444444444444 0.021875
0 0.15 0.446875 0.043055555555555555 0.02421875
0 0.5263888888888889 0.43515625 0.0375 0.025
0 0.29444444444444445 0.43359375 0.05138888888888889 0.03046875
0 0.6833333333333333 0.43125 0.05138888888888889 0.02421875
0 0.5833333333333334 0.40234375 0.03611111111111111 0.025
0 0.6194444444444445 0.396875 0.05555555555555555 0.0359375
0 0.45555555555555555 0.38515625 0.018055555555555554 0.0109375
0 0.27361111111111114 0.3609375 0.07083333333333333 0.02421875
0 0.48055555555555557 0.2015625 0.041666666666666664 0.03125
