0 0.25 0.79609375 0.034722222222222224 0.01875
0 0.10416666666666667 0.78203125 0.044444444444444446 0.03203125
0 0.6152777777777778 0.76875 0.05138888888888889 0.0234375
0 0.05 0.73359375 0.05555555555555555 0.0265625
0 0.46111111111111114 0.728125 0.04861111111111111 0.0140625
0 0.38055555555555554 0.72578125 0.029166666666666667 0.015625
0 0.5777777777777777 0.71953125 0.05 0.03671875
0 0.2986111111111111 0.69765625 0.04722222222222222 0.01484375
0 0.42916666666666664 0.69609375 0.03888888888888889 0.0171875
0 0.6527777777777778 0.66875 0.044444444444444446 0.04765625
0 0.5583333333333333 0.6 0.02638888888888889 0.01875
0 0.32916666666666666 0.5890625 0.05277777777777778 0.021875
0 0.5736111111111111 0.5546875 0.03194444444444444 0.0140625
0 0.7361111111111112 0.55390625 0.02638888888888889 0.0234375
0 0.8041666666666667 0.54921875 0.027777777777777776 0.0203125
0 0.7083333333333334 0.50625 0.03611111111111111 0.021875
0 0.7666666666666667 0.49765625 0.03194444444444444 0.02265625
0 0.1388888888888889 0.49609375 0.03888888888888889 0.01328125
0 0.5736111111111111 0.4921875 0.04722222222222222 0.02734375
0 0.6875 0.44453125 0.04861111111111111 0.02265625
0 0.5597222222222222 0.440625 0.04027777777777778 0.02421875
0 0.36666666666666664 0.4234375 0.05277777777777778 0.0265625
0 0.6694444444444444 0.4125 0.05 0.01953125
0 0.6236111111111111 0.4 0.034722222222222224 0.01796875
0 0.4041666666666667 0.39921875 0.05277777777777778 0.01953125
0 0.5916666666666667 0.396875 0.019444444444444445 0.01015625
0 0.5097222222222222 0.3484375 0.034722222222222224 0.0171875
0 0.4263888888888889 0.309375 0.04722222222222222 0.0234375
0 0.030555555555555555 0.303125 0.08472222222222223 0.03671875
0 0.5458333333333333 0.30078125 0.05138888888888889 0.0359375
0 0.41388888888888886 0.26484375 0.025 0.0234375
0 0.43333333333333335 0.19453125 0.05416666666666667 0.03125
0 0.5888888888888889 0.190625 0.0875 0.040625
0 0.5236111111111111 0.18671875 0.022222222222222223 0.02109375
