0 0.39166666666666666 0.71484375 0.05277777777777778 0.03203125
0 0.4444444444444444 0.70234375 0.044444444444444446 0.0234375
0 0.5666666666666667 0.65546875 0.027777777777777776 0.0125
0 0.9013888888888889 0.6515625 0.034722222222222224 0.01796875
0 0.3458333333333333 0.64609375 0.025 0.015625
0 0.25 0.62734375 0.013888888888888888 0.01640625
0 0.44583333333333336 0.61484375 0.043055555555555555 0.021875
0 0.20277777777777778 0.603125 0.034722222222222224 0.0203125
0 0.6625 0.59921875 0.04027777777777778 0.0203125
0 0.6180555555555556 0.59921875 0.02638888888888889 0.0125
0 0.9388888888888889 0.5953125 0.03611111111111111 0.01796875
0 0.5611111111111111 0.578125 0.03333333333333333 0.0171875
0 0.31805555555555554 0.57734375 0.041666666666666664 0.04140625
0 0.7125 0.5625 0.029166666666666667 0.01171875
0 0.5847222222222223 0.55546875 0.04027777777777778 0.0109375
0 0.26944444444444443 0.553125 0.03194444444444444 0.01796875
0 0.7458333333333333 0.55234375 0.030555555555555555 0.01328125
0 0.5833333333333334 0.540625 0.020833333333333332 0.015625
0 0.3458333333333333 0.5375 0.06666666666666667 0.0328125
0 0.7944444444444444 0.53671875 0.059722222222222225 0.02109375
0 0.13333333333333333 0.52578125 0.05138888888888889 0.0265625
0 0.2222222222222222 0.521875 0.04583333333333333 0.02421875
0 0.6319444444444444 0.5171875 0.044444444444444446 0.01953125
0 0.0375 0.51484375 0.04722222222222222 0.021875
0 0.375 0.51171875 0.04027777777777778 0.025
0 0.2916666666666667 0.51171875 0.03888888888888889 0.0140625
0 0.7069444444444445 0.48828125 0.05694444444444444 0.03984375
0 0.9555555555555556 0.4859375 0.022222222222222223 0.0109375
0 0.3861111111111111 0.47265625 0.030555555555555555 0.0203125
0 0.9722222222222222 0.4546875 0.025 0.0109375
0 0.2263888888888889 0.4546875 0.03611111111111111 0.02109375
0 0.05416666666666667 0.446875 0.058333333333333334 0.03046875
0 0.9486111111111111 0.4453125 0.025 0.0125
0 0.011111111111111112 0.425 0.05138888888888889 0.0234375
0 0.26666666666666666 0.38046875 0.027777777777777776 0.01328125
0 0.5694444444444444 0.37734375 0.03194444444444444 0.02265625
0 0.20833333333333334 0.37421875 0.034722222222222224 0.01796875
0 0.46944444444444444 0.36328125 0.041666666666666664 0.028125
0 0.2388888888888889 0.35078125 0.04583333333333333 0.0234375
0 0.3763888888888889 0.34453125 0.05694444444444444 0.03984375
0 0.10972222222222222 0.3390625 0.0375 0.02109375
0 0.2013888888888889 0.3359375 0.041666666666666664 0.02109375
0 0.001388888888888889 0.31640625 0.06388888888888888 0.034375
0 0.058333333333333334 0.31484375 0.043055555555555555 0.02109375
0 0.3902777777777778 0.309375 0.05138888888888889 0.0265625
0 0.14444444444444443 0.29296875 0.08333333333333333 0.04375
0 0.05138888888888889 0.290625 0.0875 0.03046875
0 0.8375 0.28984375 0.0375 0.01875
0 0.7361111111111112 0.27421875 0.0763888888888889 0.03203125
0 0.45694444444444443 0.27109375 0.075 0.05078125
0 0.8083333333333333 0.2578125 0.04027777777777778 0.021875
0 0.2791666666666667 0.25 0.05138888888888889 0.03046875
0 0.20972222222222223 0.24609375 0.030555555555555555 0.0203125
0 0.9472222222222222 0.23828125 0.05138888888888889 0.0265625
0 0.06944444444444445 0.23359375 0.10555555555555556 0.05625
0 0.08888888888888889 0.22578125 0.02638888888888889 0.01171875
0 0.325 0.21953125 0.03194444444444444 0.02265625
0 0.6763888888888889 0.21640625 0.020833333333333332 0.0125
0 0.5944444444444444 0.209375 0.02638888888888889 0.02265625
0 0.22916666666666666 0.203125 0.016666666666666666 0.0109375
0 0.001388888888888889 0.20078125 0.04722222222222222 0.021875
0 0.25833333333333336 0.18203125 0.034722222222222224 0.02421875
0 0.02638888888888889 0.1796875 0.03888888888888889 0.02734375
0 0.9611111111111111 0.17734375 0.03888888888888889 0.0265625
0 0.225 0.17578125 0.020833333333333332 0.0140625
0 0.1597222222222222 0.17578125 0.030555555555555555 0.0171875
0 0.3138888888888889 0.1515625 0.059722222222222225 0.0328125
0 0.3125 0.13671875 0.013888888888888888 0.01015625
0 0.2375 0.134375 0.03194444444444444 0.021875
0 0.19027777777777777 0.1125 0.03333333333333333 0.03515625
