0 0.41805555555555557 0.628125 0.04722222222222222 0.03125
0 0.4083333333333333 0.60703125 0.04722222222222222 0.0234375
0 0.3902777777777778 0.58984375 0.041666666666666664 0.02109375
0 0.29444444444444445 0.5609375 0.03194444444444444 0.01484375
0 0.9319444444444445 0.55390625 0.05138888888888889 0.0171875
0 0.44722222222222224 0.55234375 0.044444444444444446 0.0296875
0 0.2222222222222222 0.540625 0.058333333333333334 0.02109375
0 0.5069444444444444 0.53984375 0.04583333333333333 0.02734375
0 0.4166666666666667 0.509375 0.03333333333333333 0.0234375
0 0.33055555555555555 0.50546875 0.03888888888888889 0.02265625
0 0.5555555555555556 0.49609375 0.04722222222222222 0.02578125
0 0.5111111111111111 0.4953125 0.043055555555555555 0.02734375
0 0.9041666666666667 0.4859375 0.03333333333333333 0.0203125
0 0.5208333333333334 0.4796875 0.043055555555555555 0.015625
0 0.25833333333333336 0.46328125 0.027777777777777776 0.015625
0 0.5152777777777777 0.4609375 0.029166666666666667 0.01640625
0 0.20416666666666666 0.45625 0.043055555555555555 0.0171875
0 0.45 0.4453125 0.03888888888888889 0.02109375
0 0.13194444444444445 0.4359375 0.034722222222222224 0.02578125
0 0.9347222222222222 0.43359375 0.03888888888888889 0.02109375
0 0.9013888888888889 0.43359375 0.030555555555555555 0.01953125
0 0.5125 0.43359375 0.044444444444444446 0.01953125
0 0.8 0.4296875 0.05694444444444444 0.0203125
0 0.9833333333333333 0.428125 0.016666666666666666 0.01328125
0 0.9333333333333333 0.39921875 0.05 0.0296875
0 0.8013888888888889 0.39921875 0.0375 0.02265625
0 0.030555555555555555 0.37578125 0.034722222222222224 0.01875
0 0.7013888888888888 0.32578125 0.07222222222222222 0.0328125
0 0.8125 0.3046875 0.044444444444444446 0.0265625
0 0.8791666666666667 0.29609375 0.05277777777777778 0.0265625
0 0.7472222222222222 0.2953125 0.034722222222222224 0.0234375
0 0.6694444444444444 0.28515625 0.04583333333333333 0.02578125
0 0.7597222222222222 0.271875 0.02638888888888889 0.0265625
0 0.8333333333333334 0.25859375 0.058333333333333334 0.04765625
