0 0.95 0.74296875 0.05 0.03046875
0 0.8611111111111112 0.7296875 0.0375 0.0296875
0 0.5888888888888889 0.715625 0.03333333333333333 0.01953125
0 0.3527777777777778 0.68515625 0.022222222222222223 0.025
0 0.3055555555555556 0.6671875 0.022222222222222223 0.01328125
0 0.8902777777777777 0.63984375 0.08472222222222223 0.04296875
0 0.475 0.634375 0.04722222222222222 0.02890625
0 0.7555555555555555 0.61953125 0.034722222222222224 0.01953125
0 0.8916666666666667 0.596875 0.07777777777777778 0.04609375
0 0.03194444444444444 0.57265625 0.019444444444444445 0.0234375
0 0.29583333333333334 0.5703125 0.02361111111111111 0.01796875
0 0.6402777777777777 0.54765625 0.043055555555555555 0.02578125
0 0.1736111111111111 0.5390625 0.05277777777777778 0.03515625
0 0.20833333333333334 0.51875 0.044444444444444446 0.021875
0 0.4666666666666667 0.51328125 0.029166666666666667 0.01875
0 0.0875 0.50703125 0.09444444444444444 0.05234375
0 0.36944444444444446 0.49609375 0.0625 0.02890625
0 0.18333333333333332 0.47734375 0.05138888888888889 0.03046875
0 0.17222222222222222 0.428125 0.020833333333333332 0.01796875
0 0.2611111111111111 0.4265625 0.02361111111111111 0.021875
0 0.30833333333333335 0.425 0.09166666666666666 0.03515625
0 0.14027777777777778 0.4171875 0.02361111111111111 0.00859375
0 0.25833333333333336 0.36015625 0.03888888888888889 0.0234375
0 0.5 0.31015625 0.030555555555555555 0.02109375
0 0.19027777777777777 0.29921875 0.0875 0.03828125
0 0.30694444444444446 0.2953125 0.034722222222222224 0.0203125
0 0.2777777777777778 0.27109375 0.043055555555555555 0.02578125
