0 0.1986111111111111 0.7515625 0.04861111111111111 0.03203125
0 0.25555555555555554 0.75 0.043055555555555555 0.0265625
0 0.8388888888888889 0.72265625 0.02638888888888889 0.0171875
0 0.15 0.6984375 0.03611111111111111 0.0234375
0 0.9083333333333333 0.6796875 0.030555555555555555 0.01484375
0 0.059722222222222225 0.63671875 0.04861111111111111 0.021875
0 0.8416666666666667 0.61328125 0.041666666666666664 0.02890625
0 0.7041666666666667 0.61015625 0.0375 0.0234375
0 0.7611111111111111 0.609375 0.020833333333333332 0.01171875
0 0.7986111111111112 0.6 0.02638888888888889 0.015625
0 0.19027777777777777 0.59609375 0.04722222222222222 0.02421875
0 0.0125 0.59609375 0.05416666666666667 0.02578125
0 0.6388888888888888 0.58984375 0.030555555555555555 0.02578125
0 0.09305555555555556 0.58984375 0.04861111111111111 0.04453125
0 0.7083333333333334 0.58203125 0.029166666666666667 0.0171875
0 0.8180555555555555 0.571875 0.05555555555555555 0.028125
0 0.7222222222222222 0.55703125 0.04722222222222222 0.01875
0 0.8833333333333333 0.53515625 0.022222222222222223 0.02421875
0 0.7597222222222222 0.49921875 0.06666666666666667 0.0265625
0 0.09444444444444444 0.496875 0.05 0.02421875
0 0.7972222222222223 0.4703125 0.043055555555555555 0.021875
0 0.10416666666666667 0.46796875 0.034722222222222224 0.021875
0 0.8597222222222223 0.46328125 0.05555555555555555 0.025
0 0.001388888888888889 0.4390625 0.1111111111111111 0.040625
0 0.7958333333333333 0.43359375 0.041666666666666664 0.0265625
