0 0.0 0.73671875 0.018055555555555554 0.0203125
0 0.030555555555555555 0.71484375 0.02638888888888889 0.0234375
0 0.001388888888888889 0.66015625 0.022222222222222223 0.01796875
0 0.14583333333333334 0.6265625 0.07222222222222222 0.025
0 0.0 0.6078125 0.02361111111111111 0.01484375
0 0.04861111111111111 0.6015625 0.06805555555555555 0.025
0 0.28888888888888886 0.5953125 0.016666666666666666 0.0109375
0 0.6819444444444445 0.58828125 0.013888888888888888 0.0109375
0 0.2652777777777778 0.56328125 0.03611111111111111 0.0171875
0 0.3013888888888889 0.45546875 0.04027777777777778 0.0171875
0 0.28194444444444444 0.384375 0.03333333333333333 0.01875
