0 0.6625 0.76796875 0.059722222222222225 0.0375
0 0.39444444444444443 0.66484375 0.0375 0.015625
0 0.8138888888888889 0.66015625 0.0625 0.0171875
0 0.39166666666666666 0.63984375 0.027777777777777776 0.01640625
0 0.7736111111111111 0.6359375 0.02361111111111111 0.01875
0 0.7680555555555556 0.60546875 0.06805555555555555 0.02734375
0 0.5444444444444444 0.59609375 0.034722222222222224 0.0203125
0 0.5236111111111111 0.52890625 0.06944444444444445 0.03046875
0 0.7222222222222222 0.50390625 0.043055555555555555 0.02421875
0 0.5277777777777778 0.5 0.044444444444444446 0.01875
0 0.3236111111111111 0.4953125 0.03194444444444444 0.01875
0 0.5708333333333333 0.48984375 0.059722222222222225 0.04375
0 0.7819444444444444 0.48046875 0.04861111111111111 0.0203125
0 0.6930555555555555 0.46171875 0.02361111111111111 0.01328125
0 0.8138888888888889 0.459375 0.044444444444444446 0.025
0 0.6208333333333333 0.43828125 0.03888888888888889 0.01875
0 0.46805555555555556 0.43515625 0.03611111111111111 0.0171875
0 0.5597222222222222 0.421875 0.0375 0.03671875
0 0.8388888888888889 0.40078125 0.020833333333333332 0.01640625
0 0.6 0.371875 0.04027777777777778 0.02578125
0 0.6347222222222222 0.3703125 0.03194444444444444 0.0203125
0 0.5319444444444444 0.35078125 0.05138888888888889 0.028125
0 0.6902777777777778 0.3359375 0.05555555555555555 0.0234375
0 0.6027777777777777 0.28125 0.07916666666666666 0.0546875
0 0.7722222222222223 0.26796875 0.020833333333333332 0.01796875
0 0.5625 0.26796875 0.043055555555555555 0.0296875
0 0.6680555555555555 0.26640625 0.08888888888888889 0.03046875
0 0.05277777777777778 0.246875 0.03333333333333333 0.0203125
0 0.7111111111111111 0.24375 0.04027777777777778 0.02109375
0 0.015277777777777777 0.23359375 0.03888888888888889 0.025
0 0.5416666666666666 0.22578125 0.043055555555555555 0.02421875
0 0.6194444444444445 0.1796875 0.0763888888888889 0.03515625
0 0.0 0.1625 0.022222222222222223 0.01796875
0 0.09027777777777778 0.15703125 0.02638888888888889 0.01953125
0 0.7305555555555555 0.07109375 0.05277777777777778 0.03203125
0 0.8069444444444445 0.0015625 0.025 0.0203125
0 0.8444444444444444 0.0 0.05138888888888889 0.0265625
