0 0.001388888888888889 0.71328125 0.07083333333333333 0.02265625
0 0.001388888888888889 0.6828125 0.02638888888888889 0.02890625
0 0.04861111111111111 0.66796875 0.05555555555555555 0.01953125
0 0.7625 0.64140625 0.04722222222222222 0.01328125
0 0.49166666666666664 0.63984375 0.043055555555555555 0.01953125
0 0.6722222222222223 0.63203125 0.0375 0.021875
0 0.3597222222222222 0.61484375 0.09027777777777778 0.0578125
0 0.6430555555555556 0.60390625 0.07916666666666666 0.03203125
0 0.48055555555555557 0.58203125 0.044444444444444446 0.0171875
0 0.5625 0.56328125 0.059722222222222225 0.06328125
0 0.6861111111111111 0.55 0.04722222222222222 0.021875
0 0.6569444444444444 0.52890625 0.03194444444444444 0.0234375
0 0.7041666666666667 0.51640625 0.043055555555555555 0.01640625
0 0.5958333333333333 0.49609375 0.020833333333333332 0.01875
0 0.5263888888888889 0.4390625 0.06805555555555555 0.034375
0 0.6638888888888889 0.43203125 0.020833333333333332 0.01640625
0 0.6194444444444445 0.43203125 0.020833333333333332 0.0125
