0 0.6708333333333333 0.659375 0.05138888888888889 0.025
0 0.44027777777777777 0.65 0.027777777777777776 0.01875
0 0.7402777777777778 0.6140625 0.03888888888888889 0.01953125
0 0.4986111111111111 0.61015625 0.029166666666666667 0.01484375
0 0.2847222222222222 0.60703125 0.030555555555555555 0.015625
0 0.625 0.5984375 0.05138888888888889 0.03203125
0 0.375 0.58359375 0.030555555555555555 0.01484375
0 0.24722222222222223 0.5828125 0.030555555555555555 0.01484375
0 0.44722222222222224 0.578125 0.03333333333333333 0.01484375
0 0.6402777777777777 0.57265625 0.043055555555555555 0.02578125
0 0.36944444444444446 0.5640625 0.03611111111111111 0.01640625
0 0.8611111111111112 0.55625 0.015277777777777777 0.0078125
0 0.41944444444444445 0.553125 0.04722222222222222 0.02265625
0 0.7722222222222223 0.546875 0.03888888888888889 0.0203125
0 0.5027777777777778 0.54609375 0.05 0.02578125
0 0.3486111111111111 0.53828125 0.044444444444444446 0.0203125
0 0.7055555555555556 0.528125 0.05555555555555555 0.03203125
0 0.22916666666666666 0.51953125 0.015277777777777777 0.00703125
0 0.5777777777777777 0.51875 0.041666666666666664 0.02265625
0 0.6388888888888888 0.51640625 0.03333333333333333 0.01484375
0 0.001388888888888889 0.5125 0.008333333333333333 0.01796875
0 0.7763888888888889 0.50546875 0.0375 0.02109375
0 0.3736111111111111 0.49375 0.04583333333333333 0.02109375
0 0.8736111111111111 0.49140625 0.03611111111111111 0.0171875
0 0.7444444444444445 0.47734375 0.029166666666666667 0.01171875
0 0.8694444444444445 0.46171875 0.04583333333333333 0.02421875
0 0.09166666666666666 0.45859375 0.03888888888888889 0.01875
0 0.7541666666666667 0.45703125 0.020833333333333332 0.01796875
0 0.6902777777777778 0.45703125 0.043055555555555555 0.02265625
0 0.6208333333333333 0.45078125 0.041666666666666664 0.0265625
0 0.8194444444444444 0.42421875 0.03611111111111111 0.05078125
0 0.6694444444444444 0.41640625 0.013888888888888888 0.01015625
0 0.6013888888888889 0.3984375 0.025 0.0140625
0 0.46805555555555556 0.39609375 0.022222222222222223 0.0125
0 0.6277777777777778 0.3953125 0.03333333333333333 0.0171875
0 0.8680555555555556 0.3828125 0.013888888888888888 0.00859375
0 0.08194444444444444 0.37890625 0.041666666666666664 0.02109375
0 0.5944444444444444 0.3703125 0.018055555555555554 0.01328125
0 0.11527777777777778 0.36171875 0.03888888888888889 0.025
0 0.7722222222222223 0.35625 0.029166666666666667 0.0140625
0 0.43333333333333335 0.35234375 0.02638888888888889 0.015625
0 0.5416666666666666 0.35078125 0.015277777777777777 0.00703125
0 0.21666666666666667 0.34375 0.025 0.01640625
0 0.5263888888888889 0.33984375 0.022222222222222223 0.00703125
0 0.4888888888888889 0.3359375 0.019444444444444445 0.0109375
0 0.32083333333333336 0.32890625 0.05138888888888889 0.0296875
0 0.001388888888888889 0.3234375 0.029166666666666667 0.0234375
0 0.1486111111111111 0.31953125 0.029166666666666667 0.01171875
0 0.8791666666666667 0.315625 0.025 0.01328125
0 0.3 0.315625 0.03611111111111111 0.01328125
0 0.05277777777777778 0.30625 0.019444444444444445 0.0125
0 0.2569444444444444 0.296875 0.04861111111111111 0.028125
0 0.9611111111111111 0.2953125 0.0375 0.0171875
0 0.09444444444444444 0.28671875 0.041666666666666664 0.0265625
0 0.8680555555555556 0.2859375 0.020833333333333332 0.01171875
0 0.4527777777777778 0.2828125 0.034722222222222224 0.015625
0 0.9527777777777777 0.28046875 0.029166666666666667 0.015625
0 0.3611111111111111 0.26640625 0.02638888888888889 0.0125
0 0.95 0.26328125 0.034722222222222224 0.01640625
0 0.8208333333333333 0.2578125 0.02638888888888889 0.015625
0 0.8611111111111112 0.23828125 0.06527777777777778 0.0296875
0 0.14444444444444443 0.23828125 0.04861111111111111 0.02421875
0 0.3416666666666667 0.234375 0.03333333333333333 0.02734375
0 0.26666666666666666 0.23046875 0.03611111111111111 0.01875
0 0.3972222222222222 0.2265625 0.03333333333333333 0.02109375
0 0.5597222222222222 0.221875 0.025 0.01875
0 0.875 0.21953125 0.02638888888888889 0.01171875
0 0.9222222222222223 0.21484375 0.03194444444444444 0.02421875
0 0.4361111111111111 0.21484375 0.022222222222222223 0.0171875
0 0.5013888888888889 0.2109375 0.03611111111111111 0.01796875
0 0.6958333333333333 0.20703125 0.03194444444444444 0.01640625
0 0.3277777777777778 0.20703125 0.03194444444444444 0.01640625
0 0.4041666666666667 0.20234375 0.02638888888888889 0.021875
0 0.6291666666666667 0.2015625 0.030555555555555555 0.01796875
0 0.2916666666666667 0.20078125 0.03333333333333333 0.0140625
0 0.3625 0.19765625 0.03888888888888889 0.0234375
0 0.001388888888888889 0.1890625 0.011111111111111112 0.01484375
0 0.7361111111111112 0.18828125 0.03611111111111111 0.02109375
0 0.7 0.184375 0.029166666666666667 0.015625
0 0.041666666666666664 0.1828125 0.029166666666666667 0.01640625
0 0.125 0.18046875 0.04861111111111111 0.02890625
0 0.7861111111111111 0.1765625 0.03333333333333333 0.02265625
0 0.7125 0.16953125 0.03611111111111111 0.015625
0 0.6638888888888889 0.16796875 0.03611111111111111 0.02421875
0 0.9125 0.16640625 0.02361111111111111 0.0109375
0 0.4305555555555556 0.16171875 0.022222222222222223 0.0140625
0 0.7541666666666667 0.1609375 0.027777777777777776 0.01953125
0 0.5472222222222223 0.16015625 0.025 0.02265625
0 0.005555555555555556 0.15625 0.027777777777777776 0.0109375
0 0.7180555555555556 0.15078125 0.0375 0.02265625
0 0.075 0.15078125 0.03333333333333333 0.01875
0 0.8458333333333333 0.15 0.03194444444444444 0.01796875
0 0.6166666666666667 0.15 0.027777777777777776 0.02578125
0 0.8 0.14921875 0.0375 0.0203125
0 0.8708333333333333 0.13828125 0.043055555555555555 0.01796875
0 0.5125 0.134375 0.034722222222222224 0.02109375
0 0.8416666666666667 0.125 0.03333333333333333 0.025
0 0.5930555555555556 0.11484375 0.04027777777777778 0.02109375
0 0.1638888888888889 0.1109375 0.03888888888888889 0.02265625
0 0.11805555555555555 0.0828125 0.06527777777777778 0.03125
0 0.0 0.0828125 0.03333333333333333 0.025
0 0.08055555555555556 0.06640625 0.025 0.01640625
0 0.15 0.06484375 0.025 0.021875
0 0.05277777777777778 0.05234375 0.034722222222222224 0.01875
0 0.0 0.04921875 0.02361111111111111 0.02421875
