0 0.32916666666666666 0.70703125 0.09444444444444444 0.0375
0 0.7625 0.67109375 0.06388888888888888 0.0359375
0 0.975 0.66015625 0.025 0.0296875
0 0.7625 0.63046875 0.06111111111111111 0.03515625
0 0.9263888888888889 0.60390625 0.043055555555555555 0.01484375
0 0.1625 0.59765625 0.06527777777777778 0.040625
0 0.5638888888888889 0.59609375 0.044444444444444446 0.0328125
0 0.5194444444444445 0.5625 0.044444444444444446 0.04140625
0 0.5638888888888889 0.5546875 0.03888888888888889 0.021875
0 0.3055555555555556 0.55078125 0.05277777777777778 0.02578125
0 0.8319444444444445 0.53984375 0.04722222222222222 0.02421875
0 0.9819444444444444 0.52109375 0.018055555555555554 0.01640625
0 0.3013888888888889 0.4828125 0.025 0.02578125
0 0.925 0.4609375 0.030555555555555555 0.01953125
0 0.48333333333333334 0.45625 0.04583333333333333 0.025
0 0.09444444444444444 0.45546875 0.06944444444444445 0.028125
0 0.26666666666666666 0.44296875 0.10694444444444444 0.059375
0 0.5388888888888889 0.4296875 0.04583333333333333 0.02421875
0 0.5680555555555555 0.40859375 0.043055555555555555 0.0296875
0 0.48055555555555557 0.4078125 0.05277777777777778 0.02265625
0 0.20972222222222223 0.39609375 0.05 0.0203125
0 0.3638888888888889 0.38359375 0.04583333333333333 0.0328125
0 0.46111111111111114 0.3703125 0.03888888888888889 0.02421875
0 0.2972222222222222 0.36875 0.044444444444444446 0.028125
0 0.33194444444444443 0.3296875 0.034722222222222224 0.021875
0 0.45416666666666666 0.31796875 0.03333333333333333 0.02265625
0 0.2652777777777778 0.31015625 0.05138888888888889 0.02890625
0 0.3902777777777778 0.29140625 0.07361111111111111 0.02578125
0 0.37916666666666665 0.25625 0.04861111111111111 0.0296875
0 0.5569444444444445 0.24375 0.022222222222222223 0.015625
0 0.2763888888888889 0.228125 0.08611111111111111 0.0359375
0 0.5027777777777778 0.2234375 0.030555555555555555 0.02109375
0 0.4097222222222222 0.2203125 0.09027777777777778 0.0359375
0 0.45416666666666666 0.18828125 0.034722222222222224 0.0203125
0 0.2513888888888889 0.18515625 0.05138888888888889 0.02734375
0 0.41388888888888886 0.14375 0.041666666666666664 0.0265625
0 0.3347222222222222 0.13984375 0.07777777777777778 0.028125
0 0.4652777777777778 0.02421875 0.05555555555555555 0.03203125
