0 0.1388888888888889 0.67890625 0.04722222222222222 0.02890625
0 0.7430555555555556 0.65703125 0.03333333333333333 0.02109375
0 0.9625 0.61484375 0.0375 0.05703125
0 0.8569444444444444 0.58515625 0.043055555555555555 0.01015625
0 0.33611111111111114 0.58046875 0.09027777777777778 0.040625
0 0.8291666666666667 0.54375 0.05 0.028125
0 0.48333333333333334 0.5421875 0.02361111111111111 0.00859375
0 0.7930555555555555 0.5390625 0.0375 0.0265625
0 0.2916666666666667 0.53515625 0.04027777777777778 0.0234375
0 0.1986111111111111 0.52734375 0.029166666666666667 0.01640625
0 0.5944444444444444 0.51171875 0.03333333333333333 0.0171875
0 0.13055555555555556 0.503125 0.0625 0.028125
0 0.9569444444444445 0.49375 0.03611111111111111 0.02109375
0 0.42777777777777776 0.48984375 0.06111111111111111 0.01953125
0 0.8055555555555556 0.48359375 0.03333333333333333 0.01953125
0 0.525 0.4734375 0.043055555555555555 0.021875
0 0.0 0.4671875 0.02361111111111111 0.0171875
0 0.5708333333333333 0.46484375 0.043055555555555555 0.0421875
0 0.8 0.46171875 0.02361111111111111 0.01796875
0 0.7 0.45859375 0.041666666666666664 0.021875
0 0.9055555555555556 0.44296875 0.05 0.0328125
0 0.5708333333333333 0.4328125 0.07222222222222222 0.03125
0 0.3638888888888889 0.43046875 0.07361111111111111 0.02109375
0 0.7111111111111111 0.35234375 0.03194444444444444 0.0234375
0 0.6777777777777778 0.35078125 0.029166666666666667 0.02265625
0 0.7791666666666667 0.340625 0.03194444444444444 0.021875
0 0.7472222222222222 0.33515625 0.029166666666666667 0.01875
0 0.8291666666666667 0.31796875 0.03333333333333333 0.02109375
0 0.7375 0.303125 0.0375 0.02265625
0 0.7875 0.28828125 0.05694444444444444 0.0390625
0 0.7319444444444444 0.275 0.03194444444444444 0.01640625
0 0.6319444444444444 0.2578125 0.05 0.01875
0 0.7986111111111112 0.25390625 0.03194444444444444 0.025
0 0.85 0.2453125 0.04027777777777778 0.01875
0 0.7013888888888888 0.24140625 0.044444444444444446 0.021875
0 0.22777777777777777 0.23203125 0.041666666666666664 0.03984375
0 0.6875 0.21875 0.04861111111111111 0.02109375
0 0.8055555555555556 0.16953125 0.06388888888888888 0.02109375
0 0.21944444444444444 0.14609375 0.04027777777777778 0.0265625
0 0.7333333333333333 0.121875 0.13055555555555556 0.0390625
0 0.6902777777777778 0.1046875 0.044444444444444446 0.0265625
0 0.15555555555555556 0.1015625 0.043055555555555555 0.04140625
0 0.09444444444444444 0.0921875 0.041666666666666664 0.02421875
