0 0.47638888888888886 0.71953125 0.04861111111111111 0.0171875
0 0.6138888888888889 0.6625 0.019444444444444445 0.01875
0 0.9111111111111111 0.6578125 0.02638888888888889 0.02578125
0 0.7722222222222223 0.65390625 0.02361111111111111 0.01328125
0 0.9111111111111111 0.64296875 0.019444444444444445 0.0140625
0 0.8541666666666666 0.63984375 0.05277777777777778 0.028125
0 0.2569444444444444 0.6375 0.04861111111111111 0.0265625
0 0.8333333333333334 0.615625 0.03611111111111111 0.01796875
0 0.6583333333333333 0.59609375 0.0125 0.02265625
0 0.4986111111111111 0.59296875 0.025 0.00859375
0 0.23055555555555557 0.58359375 0.08472222222222223 0.04296875
0 0.875 0.54609375 0.029166666666666667 0.01328125
0 0.24027777777777778 0.525 0.08055555555555556 0.03125
0 0.041666666666666664 0.51484375 0.06666666666666667 0.03515625
0 0.29444444444444445 0.44296875 0.04583333333333333 0.0234375
0 0.46805555555555556 0.43515625 0.044444444444444446 0.0234375
0 0.14166666666666666 0.43125 0.034722222222222224 0.01796875
0 0.20416666666666666 0.42890625 0.034722222222222224 0.02734375
0 0.5194444444444445 0.4203125 0.03333333333333333 0.01484375
0 0.2847222222222222 0.41015625 0.04861111111111111 0.02734375
0 0.6736111111111112 0.4078125 0.041666666666666664 0.0296875
0 0.6069444444444444 0.39296875 0.03611111111111111 0.0203125
0 0.5791666666666667 0.38046875 0.030555555555555555 0.01875
0 0.6263888888888889 0.3765625 0.03194444444444444 0.021875
0 0.2611111111111111 0.33359375 0.07083333333333333 0.02734375
0 0.4736111111111111 0.178125 0.043055555555555555 0.02890625
