0 0.44305555555555554 0.6078125 0.05 0.0234375
0 0.3013888888888889 0.59453125 0.05 0.025
0 0.11666666666666667 0.578125 0.058333333333333334 0.028125
0 0.15416666666666667 0.5484375 0.029166666666666667 0.02578125
0 0.5361111111111111 0.51640625 0.04861111111111111 0.0265625
0 0.16944444444444445 0.5046875 0.034722222222222224 0.03046875
0 0.44583333333333336 0.48046875 0.06388888888888888 0.03671875
0 0.33055555555555555 0.47734375 0.06805555555555555 0.0328125
0 0.5555555555555556 0.4734375 0.027777777777777776 0.0171875
0 0.5861111111111111 0.425 0.04861111111111111 0.03125
0 0.08611111111111111 0.42265625 0.03611111111111111 0.0234375
0 0.5208333333333334 0.41640625 0.034722222222222224 0.01796875
0 0.059722222222222225 0.415625 0.034722222222222224 0.01796875
0 0.46944444444444444 0.41484375 0.034722222222222224 0.01953125
0 0.39305555555555555 0.390625 0.06111111111111111 0.0375
0 0.5013888888888889 0.303125 0.027777777777777776 0.01015625
0 0.49444444444444446 0.23125 0.06388888888888888 0.0421875
0 0.3111111111111111 0.0953125 0.041666666666666664 0.02734375
0 0.41805555555555557 0.08046875 0.04027777777777778 0.01640625
0 0.3347222222222222 0.07578125 0.03611111111111111 0.02109375
