0 0.7930555555555555 0.596875 0.06388888888888888 0.0296875
0 0.7152777777777778 0.584375 0.058333333333333334 0.03203125
0 0.7625 0.5734375 0.058333333333333334 0.03359375
0 0.8208333333333333 0.51640625 0.059722222222222225 0.04296875
0 0.9361111111111111 0.42265625 0.0375 0.0171875
0 0.9486111111111111 0.40859375 0.02361111111111111 0.0078125
0 0.925 0.40625 0.02361111111111111 0.01640625
0 0.6666666666666666 0.4 0.04722222222222222 0.0234375
0 0.4861111111111111 0.31796875 0.041666666666666664 0.034375
0 0.7125 0.30546875 0.059722222222222225 0.03125
0 0.7125 0.3 0.029166666666666667 0.01796875
0 0.18194444444444444 0.2875 0.029166666666666667 0.021875
0 0.7305555555555555 0.284375 0.029166666666666667 0.0140625
0 0.7638888888888888 0.28203125 0.03333333333333333 0.021875
0 0.9347222222222222 0.27734375 0.05 0.0203125
0 0.7888888888888889 0.259375 0.03611111111111111 0.0234375
0 0.7402777777777778 0.259375 0.044444444444444446 0.02265625
0 0.9791666666666666 0.24921875 0.020833333333333332 0.0140625
0 0.9263888888888889 0.24375 0.043055555555555555 0.02421875
0 0.9777777777777777 0.2390625 0.016666666666666666 0.015625
0 0.8666666666666667 0.20703125 0.07222222222222222 0.0296875
0 0.6986111111111111 0.17890625 0.06111111111111111 0.03203125
0 0.85 0.09140625 0.05694444444444444 0.040625
