0 0.7597222222222222 0.76953125 0.029166666666666667 0.01875
0 0.8083333333333333 0.75703125 0.027777777777777776 0.01796875
0 0.6486111111111111 0.728125 0.030555555555555555 0.01953125
0 0.7083333333333334 0.725 0.02361111111111111 0.01953125
0 0.8277777777777777 0.72109375 0.034722222222222224 0.01171875
0 0.7472222222222222 0.71796875 0.044444444444444446 0.0171875
0 0.6569444444444444 0.69921875 0.02361111111111111 0.01015625
0 0.8625 0.6921875 0.027777777777777776 0.0109375
0 0.5833333333333334 0.6921875 0.015277777777777777 0.0109375
0 0.5152777777777777 0.68671875 0.02361111111111111 0.01328125
0 0.5 0.68046875 0.016666666666666666 0.0125
0 0.8902777777777777 0.6765625 0.020833333333333332 0.0125
0 0.5486111111111112 0.67578125 0.0125 0.01171875
0 0.8527777777777777 0.675 0.013888888888888888 0.0125
0 0.6944444444444444 0.6734375 0.011111111111111112 0.0203125
0 0.9180555555555555 0.6625 0.016666666666666666 0.0140625
0 0.5833333333333334 0.6515625 0.018055555555555554 0.00703125
0 0.5305555555555556 0.64765625 0.030555555555555555 0.025
0 0.15833333333333333 0.62734375 0.020833333333333332 0.01484375
0 0.525 0.6140625 0.030555555555555555 0.01484375
0 0.5444444444444444 0.6015625 0.011111111111111112 0.01171875
0 0.44027777777777777 0.59296875 0.018055555555555554 0.015625
0 0.5972222222222222 0.5890625 0.009722222222222222 0.009375
0 0.6166666666666667 0.58828125 0.025 0.01171875
0 0.3958333333333333 0.5828125 0.03888888888888889 0.01796875
0 0.1986111111111111 0.57578125 0.03333333333333333 0.015625
0 0.2972222222222222 0.575 0.013888888888888888 0.01171875
0 0.2722222222222222 0.57421875 0.020833333333333332 0.01328125
0 0.32083333333333336 0.56953125 0.02361111111111111 0.0234375
0 0.4638888888888889 0.559375 0.022222222222222223 0.0109375
0 0.21805555555555556 0.55859375 0.02638888888888889 0.0109375
0 0.5916666666666667 0.55546875 0.011111111111111112 0.009375
0 0.5402777777777777 0.534375 0.04027777777777778 0.0125
0 0.3111111111111111 0.5265625 0.030555555555555555 0.0234375
0 0.3388888888888889 0.5203125 0.022222222222222223 0.0125
0 0.44166666666666665 0.45234375 0.013888888888888888 0.0140625
0 0.22777777777777777 0.446875 0.018055555555555554 0.01328125
0 0.8402777777777778 0.44609375 0.016666666666666666 0.00859375
0 0.5916666666666667 0.43515625 0.018055555555555554 0.0109375
0 0.5444444444444444 0.4328125 0.027777777777777776 0.015625
0 0.6486111111111111 0.4296875 0.016666666666666666 0.01015625
0 0.8152777777777778 0.41640625 0.03888888888888889 0.01796875
0 0.8055555555555556 0.4125 0.019444444444444445 0.00859375
0 0.5402777777777777 0.40859375 0.025 0.02109375
0 0.3541666666666667 0.4046875 0.016666666666666666 0.0046875
0 0.12777777777777777 0.3859375 0.022222222222222223 0.021875
0 0.7763888888888889 0.3828125 0.011111111111111112 0.00859375
0 0.22777777777777777 0.378125 0.030555555555555555 0.01796875
0 0.37083333333333335 0.37421875 0.020833333333333332 0.015625
0 0.49722222222222223 0.36875 0.011111111111111112 0.0140625
0 0.1 0.35859375 0.05416666666666667 0.0171875
0 0.26805555555555555 0.353125 0.011111111111111112 0.00703125
0 0.14305555555555555 0.346875 0.019444444444444445 0.01640625
0 0.2152777777777778 0.340625 0.02361111111111111 0.01015625
0 0.30277777777777776 0.33515625 0.018055555555555554 0.01171875
0 0.6375 0.33359375 0.029166666666666667 0.015625
0 0.16805555555555557 0.33203125 0.018055555555555554 0.01015625
0 0.6166666666666667 0.31640625 0.019444444444444445 0.01015625
0 0.041666666666666664 0.2921875 0.018055555555555554 0.0078125
0 0.5277777777777778 0.2890625 0.02361111111111111 0.01328125
0 0.5277777777777778 0.2734375 0.009722222222222222 0.00703125
0 0.5430555555555555 0.25859375 0.027777777777777776 0.0171875
0 0.5722222222222222 0.25703125 0.02638888888888889 0.015625
0 0.5194444444444445 0.2421875 0.03194444444444444 0.0171875
0 0.3638888888888889 0.2359375 0.05694444444444444 0.0203125
0 0.6041666666666666 0.234375 0.015277777777777777 0.0140625
0 0.4444444444444444 0.23203125 0.025 0.015625
0 0.4722222222222222 0.22734375 0.02361111111111111 0.0140625
0 0.38472222222222224 0.225 0.016666666666666666 0.009375
0 0.4444444444444444 0.2171875 0.02361111111111111 0.01328125
0 0.5277777777777778 0.20390625 0.02361111111111111 0.0109375
0 0.46805555555555556 0.184375 0.008333333333333333 0.0125
0 0.49583333333333335 0.18125 0.0125 0.0109375
0 0.5319444444444444 0.1640625 0.02361111111111111 0.0125
0 0.42083333333333334 0.1640625 0.025 0.01640625
0 0.4875 0.16328125 0.041666666666666664 0.0109375
0 0.5097222222222222 0.14140625 0.02361111111111111 0.009375
