0 0.7319444444444444 0.61015625 0.05555555555555555 0.02890625
0 0.45416666666666666 0.57578125 0.043055555555555555 0.034375
0 0.5041666666666667 0.5640625 0.08888888888888889 0.05390625
0 0.5722222222222222 0.5078125 0.05694444444444444 0.03984375
0 0.9 0.471875 0.043055555555555555 0.03359375
0 0.6944444444444444 0.41484375 0.030555555555555555 0.01796875
0 0.6930555555555555 0.40234375 0.025 0.00859375
0 0.425 0.39921875 0.03611111111111111 0.02265625
0 0.24305555555555555 0.31640625 0.041666666666666664 0.0359375
0 0.45694444444444443 0.30390625 0.059722222222222225 0.0296875
0 0.4666666666666667 0.28515625 0.029166666666666667 0.0171875
0 0.5125 0.284375 0.03194444444444444 0.0171875
0 0.6625 0.275 0.04861111111111111 0.0234375
0 0.49166666666666664 0.259375 0.0763888888888889 0.025
0 0.7486111111111111 0.246875 0.0625 0.021875
0 0.7 0.24453125 0.0375 0.0203125
0 0.6458333333333334 0.24375 0.04722222222222222 0.02421875
0 0.5944444444444444 0.20625 0.075 0.034375
0 0.4236111111111111 0.18125 0.0625 0.02890625
0 0.5611111111111111 0.0984375 0.05694444444444444 0.0375
