0 0.8180555555555555 0.853125 0.06527777777777778 0.03046875
0 0.24444444444444444 0.84296875 0.06388888888888888 0.025
0 0.1986111111111111 0.83359375 0.058333333333333334 0.01796875
0 0.7430555555555556 0.8203125 0.059722222222222225 0.028125
0 0.49166666666666664 0.8109375 0.029166666666666667 0.03203125
0 0.33194444444444443 0.80234375 0.02638888888888889 0.028125
0 0.2652777777777778 0.8015625 0.041666666666666664 0.02734375
0 0.08055555555555556 0.76171875 0.09722222222222222 0.0546875
0 0.525 0.69765625 0.030555555555555555 0.03671875
0 0.6402777777777777 0.6296875 0.04583333333333333 0.025
0 0.6069444444444444 0.60546875 0.05277777777777778 0.021875
0 0.575 0.57578125 0.03194444444444444 0.02421875
0 0.3486111111111111 0.5609375 0.06388888888888888 0.0484375
0 0.19166666666666668 0.55390625 0.04861111111111111 0.021875
0 0.6083333333333333 0.5453125 0.04861111111111111 0.0296875
0 0.3819444444444444 0.5234375 0.10833333333333334 0.03203125
0 0.5097222222222222 0.5171875 0.059722222222222225 0.0234375
0 0.4097222222222222 0.446875 0.02638888888888889 0.0171875
0 0.39444444444444443 0.41953125 0.059722222222222225 0.028125
0 0.25833333333333336 0.4046875 0.05555555555555555 0.0296875
0 0.30416666666666664 0.396875 0.05277777777777778 0.02890625
0 0.5111111111111111 0.37265625 0.030555555555555555 0.0125
0 0.5541666666666667 0.3640625 0.05694444444444444 0.028125
0 0.20972222222222223 0.359375 0.043055555555555555 0.01328125
0 0.4041666666666667 0.35 0.027777777777777776 0.01328125
0 0.6319444444444444 0.3421875 0.05416666666666667 0.0328125
0 0.2847222222222222 0.3265625 0.10972222222222222 0.06953125
0 0.4305555555555556 0.2890625 0.034722222222222224 0.03515625
0 0.4861111111111111 0.2796875 0.02361111111111111 0.03046875
0 0.5722222222222222 0.26796875 0.029166666666666667 0.01328125
0 0.5125 0.26484375 0.043055555555555555 0.03125
0 0.5611111111111111 0.2375 0.05277777777777778 0.02578125
0 0.5333333333333333 0.2296875 0.034722222222222224 0.0109375
0 0.4305555555555556 0.22421875 0.05416666666666667 0.0296875
0 0.5111111111111111 0.19453125 0.05277777777777778 0.0328125
0 0.34305555555555556 0.1609375 0.03611111111111111 0.021875
0 0.4666666666666667 0.0796875 0.06944444444444445 0.059375
