0 0.5861111111111111 0.79140625 0.03611111111111111 0.0328125
0 0.625 0.78984375 0.04861111111111111 0.0328125
0 0.9208333333333333 0.74921875 0.06388888888888888 0.0234375
0 0.42083333333333334 0.725 0.03611111111111111 0.0171875
0 0.525 0.7171875 0.03888888888888889 0.03203125
0 0.5833333333333334 0.678125 0.02361111111111111 0.0140625
0 0.4888888888888889 0.67421875 0.05277777777777778 0.0296875
0 0.6111111111111112 0.6625 0.022222222222222223 0.015625
0 0.49027777777777776 0.6 0.058333333333333334 0.02734375
0 0.5597222222222222 0.59375 0.03194444444444444 0.01640625
0 0.5277777777777778 0.5859375 0.03194444444444444 0.02109375
0 0.3013888888888889 0.565625 0.03611111111111111 0.021875
0 0.25 0.534375 0.030555555555555555 0.02109375
0 0.5125 0.52890625 0.03888888888888889 0.01796875
0 0.34305555555555556 0.52890625 0.07083333333333333 0.0421875
0 0.4027777777777778 0.51875 0.034722222222222224 0.0171875
0 0.5402777777777777 0.50234375 0.03194444444444444 0.021875
0 0.5833333333333334 0.490625 0.029166666666666667 0.02421875
0 0.28194444444444444 0.45859375 0.09722222222222222 0.03671875
0 0.5138888888888888 0.4484375 0.0625 0.0390625
0 0.2986111111111111 0.428125 0.04861111111111111 0.0234375
0 0.6833333333333333 0.40078125 0.041666666666666664 0.021875
0 0.3680555555555556 0.38671875 0.05138888888888889 0.04140625
0 0.6027777777777777 0.38515625 0.0763888888888889 0.046875
0 0.475 0.3375 0.04861111111111111 0.02265625
0 0.5194444444444445 0.32265625 0.019444444444444445 0.01875
0 0.49166666666666664 0.2890625 0.07083333333333333 0.03125
0 0.6597222222222222 0.2859375 0.05138888888888889 0.0359375
0 0.6013888888888889 0.25546875 0.03194444444444444 0.02109375
0 0.3486111111111111 0.24375 0.05555555555555555 0.03359375
0 0.5013888888888889 0.215625 0.044444444444444446 0.028125
0 0.39861111111111114 0.20859375 0.03611111111111111 0.01796875
0 0.5291666666666667 0.19140625 0.03888888888888889 0.0203125
0 0.44305555555555554 0.178125 0.05277777777777778 0.0296875
0 0.48055555555555557 0.16171875 0.044444444444444446 0.0265625
0 0.39305555555555555 0.14921875 0.03888888888888889 0.025
0 0.5125 0.14375 0.03333333333333333 0.02734375
0 0.4444444444444444 0.1359375 0.03333333333333333 0.025
0 0.44027777777777777 0.09453125 0.07777777777777778 0.03671875
0 0.4013888888888889 0.07734375 0.03194444444444444 0.04765625
0 0.4375 0.05859375 0.044444444444444446 0.028125
0 0.4791666666666667 0.0375 0.06388888888888888 0.03671875
0 0.4791666666666667 0.02265625 0.034722222222222224 0.02421875
