0 0.8625 0.67890625 0.03611111111111111 0.0234375
0 0.23055555555555557 0.64609375 0.08472222222222223 0.03828125
0 0.6513888888888889 0.6171875 0.059722222222222225 0.0359375
0 0.8444444444444444 0.6140625 0.06944444444444445 0.03203125
0 0.8069444444444445 0.59921875 0.02638888888888889 0.0140625
0 0.6569444444444444 0.5828125 0.04722222222222222 0.03046875
0 0.09861111111111111 0.559375 0.04027777777777778 0.02421875
0 0.8180555555555555 0.55859375 0.0375 0.0140625
0 0.4652777777777778 0.54765625 0.030555555555555555 0.009375
0 0.08472222222222223 0.546875 0.020833333333333332 0.01484375
0 0.41944444444444445 0.53125 0.034722222222222224 0.01640625
0 0.42777777777777776 0.50390625 0.075 0.025
0 0.7375 0.49921875 0.03194444444444444 0.01484375
0 0.8791666666666667 0.496875 0.043055555555555555 0.01875
0 0.20694444444444443 0.4921875 0.030555555555555555 0.01484375
0 0.8708333333333333 0.47734375 0.029166666666666667 0.0140625
0 0.20416666666666666 0.43125 0.0125 0.021875
0 0.9041666666666667 0.428125 0.03611111111111111 0.01796875
0 0.8222222222222222 0.4171875 0.03333333333333333 0.01640625
0 0.3888888888888889 0.40546875 0.041666666666666664 0.0234375
0 0.8569444444444444 0.40078125 0.029166666666666667 0.0125
0 0.004166666666666667 0.39921875 0.05555555555555555 0.02578125
0 0.9555555555555556 0.3921875 0.02638888888888889 0.01328125
0 0.18888888888888888 0.38828125 0.08611111111111111 0.05234375
0 0.4486111111111111 0.38203125 0.0375 0.02109375
0 0.39305555555555555 0.36484375 0.03333333333333333 0.0125
0 0.4722222222222222 0.3609375 0.03888888888888889 0.02890625
0 0.11527777777777778 0.3390625 0.029166666666666667 0.01640625
0 0.38055555555555554 0.3296875 0.016666666666666666 0.009375
0 0.26944444444444443 0.32734375 0.05694444444444444 0.0421875
0 0.2 0.3265625 0.029166666666666667 0.0140625
0 0.9708333333333333 0.32578125 0.027777777777777776 0.0140625
0 0.9402777777777778 0.321875 0.02638888888888889 0.01484375
0 0.2361111111111111 0.2734375 0.05694444444444444 0.021875
0 0.3638888888888889 0.2640625 0.02361111111111111 0.02109375
0 0.17222222222222222 0.25234375 0.05 0.028125
0 0.3055555555555556 0.23515625 0.0625 0.02265625
0 0.4444444444444444 0.20546875 0.011111111111111112 0.01953125
0 0.2902777777777778 0.2015625 0.05 0.028125
0 0.4722222222222222 0.18828125 0.019444444444444445 0.01328125
0 0.4083333333333333 0.1703125 0.030555555555555555 0.0140625
0 0.18194444444444444 0.1671875 0.09166666666666666 0.03671875
0 0.31805555555555554 0.16328125 0.08888888888888889 0.03046875
0 0.3763888888888889 0.13046875 0.022222222222222223 0.01953125
0 0.1625 0.121875 0.04583333333333333 0.02265625
0 0.24583333333333332 0.07734375 0.09861111111111111 0.03359375
