0 0.7333333333333333 0.821875 0.0625 0.034375
0 0.725 0.759375 0.041666666666666664 0.02109375
0 0.5125 0.7421875 0.05 0.0296875
0 0.5402777777777777 0.7109375 0.06111111111111111 0.03203125
0 0.5152777777777777 0.675 0.03194444444444444 0.0234375
0 0.8347222222222223 0.6375 0.03194444444444444 0.0140625
0 0.7805555555555556 0.62421875 0.034722222222222224 0.01171875
0 0.9166666666666666 0.6234375 0.04027777777777778 0.01875
0 0.6652777777777777 0.61640625 0.03194444444444444 0.01796875
0 0.5722222222222222 0.61640625 0.029166666666666667 0.0140625
0 0.6069444444444444 0.60546875 0.03611111111111111 0.0171875
0 0.7541666666666667 0.6 0.03611111111111111 0.01796875
0 0.5583333333333333 0.5859375 0.027777777777777776 0.0109375
0 0.95 0.5828125 0.03611111111111111 0.02578125
0 0.825 0.56640625 0.030555555555555555 0.02578125
0 0.7791666666666667 0.5640625 0.02638888888888889 0.01640625
0 0.8263888888888888 0.546875 0.022222222222222223 0.01875
0 0.5666666666666667 0.54140625 0.05277777777777778 0.04453125
0 0.7486111111111111 0.540625 0.034722222222222224 0.01328125
0 0.2652777777777778 0.5390625 0.029166666666666667 0.01328125
0 0.8333333333333334 0.52734375 0.043055555555555555 0.02109375
0 0.5555555555555556 0.51953125 0.041666666666666664 0.021875
0 0.6902777777777778 0.50234375 0.05416666666666667 0.0171875
0 0.49722222222222223 0.48671875 0.06111111111111111 0.028125
0 0.6361111111111111 0.4796875 0.03194444444444444 0.021875
0 0.4236111111111111 0.47421875 0.05138888888888889 0.0265625
0 0.6680555555555555 0.47265625 0.044444444444444446 0.01953125
0 0.5222222222222223 0.45 0.07361111111111111 0.02890625
0 0.44166666666666665 0.45 0.04027777777777778 0.01796875
0 0.7222222222222222 0.434375 0.041666666666666664 0.02734375
0 0.4722222222222222 0.41015625 0.03194444444444444 0.015625
0 0.6152777777777778 0.39375 0.05416666666666667 0.053125
0 0.4388888888888889 0.3875 0.04583333333333333 0.02734375
0 0.4875 0.3734375 0.05277777777777778 0.025
0 0.5902777777777778 0.35859375 0.029166666666666667 0.01953125
0 0.5097222222222222 0.3421875 0.0375 0.02265625
0 0.6416666666666667 0.3390625 0.041666666666666664 0.0203125
0 0.6708333333333333 0.31015625 0.04583333333333333 0.025
0 0.49166666666666664 0.30859375 0.03888888888888889 0.02578125
0 0.5666666666666667 0.30390625 0.04722222222222222 0.03046875
0 0.6597222222222222 0.26328125 0.03888888888888889 0.01796875
0 0.5444444444444444 0.2625 0.06388888888888888 0.0328125
0 0.6277777777777778 0.2234375 0.016666666666666666 0.01796875
0 0.5916666666666667 0.1984375 0.03888888888888889 0.028125
0 0.6694444444444444 0.17890625 0.04861111111111111 0.0265625
