0 0.1638888888888889 0.9765625 0.0375 0.02109375
0 0.009722222222222222 0.94609375 0.12361111111111112 0.04609375
0 0.041666666666666664 0.8859375 0.06527777777777778 0.034375
0 0.8388888888888889 0.84765625 0.03333333333333333 0.01328125
0 0.31805555555555554 0.8453125 0.034722222222222224 0.034375
0 0.4375 0.83984375 0.0625 0.03828125
0 0.001388888888888889 0.8328125 0.05138888888888889 0.0375
0 0.09305555555555556 0.82421875 0.03333333333333333 0.0296875
0 0.525 0.79140625 0.059722222222222225 0.03125
0 0.25416666666666665 0.74453125 0.04027777777777778 0.02265625
0 0.7416666666666667 0.7359375 0.05416666666666667 0.0171875
0 0.059722222222222225 0.71171875 0.058333333333333334 0.03828125
0 0.8319444444444445 0.69765625 0.06944444444444445 0.03828125
0 0.018055555555555554 0.684375 0.02361111111111111 0.0296875
0 0.9597222222222223 0.67890625 0.04027777777777778 0.021875
0 0.5555555555555556 0.66328125 0.04027777777777778 0.02734375
0 0.3611111111111111 0.64609375 0.06666666666666667 0.040625
0 0.07222222222222222 0.6171875 0.0375 0.03046875
0 0.7722222222222223 0.6140625 0.044444444444444446 0.02265625
0 0.8361111111111111 0.609375 0.059722222222222225 0.03125
0 0.5041666666666667 0.5734375 0.10416666666666667 0.04921875
0 0.6347222222222222 0.56953125 0.05138888888888889 0.02265625
0 0.8930555555555556 0.5625 0.05416666666666667 0.02890625
0 0.5277777777777778 0.5390625 0.059722222222222225 0.03359375
0 0.31805555555555554 0.53671875 0.03333333333333333 0.01796875
0 0.6347222222222222 0.528125 0.059722222222222225 0.03671875
0 0.13333333333333333 0.50625 0.05138888888888889 0.03671875
0 0.30833333333333335 0.5046875 0.14305555555555555 0.0296875
0 0.8736111111111111 0.496875 0.11944444444444445 0.03671875
0 0.4666666666666667 0.4828125 0.03194444444444444 0.01484375
0 0.11805555555555555 0.4734375 0.05 0.02578125
0 0.5625 0.47265625 0.05138888888888889 0.02421875
0 0.011111111111111112 0.47265625 0.08472222222222223 0.0296875
0 0.5027777777777778 0.46015625 0.04861111111111111 0.01328125
0 0.32222222222222224 0.4328125 0.041666666666666664 0.0125
0 0.42777777777777776 0.409375 0.05 0.028125
0 0.07361111111111111 0.409375 0.04027777777777778 0.015625
0 0.25972222222222224 0.40703125 0.058333333333333334 0.0296875
0 0.575 0.40234375 0.043055555555555555 0.0234375
0 0.3527777777777778 0.4015625 0.06666666666666667 0.06171875
0 0.5166666666666667 0.4 0.044444444444444446 0.0171875
0 0.7625 0.39140625 0.06111111111111111 0.03046875
0 0.45416666666666666 0.37734375 0.06111111111111111 0.034375
0 0.7902777777777777 0.35234375 0.05 0.02890625
0 0.6 0.34765625 0.08194444444444444 0.04453125
0 0.8625 0.3296875 0.058333333333333334 0.034375
0 0.7166666666666667 0.315625 0.05 0.01875
0 0.5680555555555555 0.30625 0.075 0.02734375
0 0.7680555555555556 0.3 0.06111111111111111 0.025
0 0.029166666666666667 0.29375 0.06388888888888888 0.0203125
0 0.11666666666666667 0.2921875 0.05 0.02265625
0 0.6833333333333333 0.271875 0.059722222222222225 0.0375
0 0.06805555555555555 0.26875 0.029166666666666667 0.021875
0 0.6486111111111111 0.2640625 0.025 0.0203125
0 0.5722222222222222 0.26328125 0.04583333333333333 0.03046875
0 0.7083333333333334 0.23203125 0.041666666666666664 0.01953125
0 0.38055555555555554 0.2234375 0.05555555555555555 0.0171875
0 0.7208333333333333 0.20390625 0.09861111111111111 0.03671875
0 0.4638888888888889 0.17578125 0.04027777777777778 0.03359375
0 0.8069444444444445 0.175 0.04861111111111111 0.028125
0 0.5861111111111111 0.13671875 0.058333333333333334 0.034375
0 0.7444444444444445 0.13359375 0.058333333333333334 0.03359375
0 0.5375 0.115625 0.05 0.0265625
0 0.6319444444444444 0.05546875 0.03611111111111111 0.03671875
0 0.5638888888888889 0.05390625 0.05138888888888889 0.0328125
0 0.5402777777777777 0.03359375 0.044444444444444446 0.0328125
0 0.6041666666666666 0.0203125 0.03888888888888889 0.03046875
0 0.48333333333333334 0.00390625 0.06666666666666667 0.040625
0 0.006944444444444444 0.00078125 0.0625 0.01640625
